0 31318.0 434.0 4027.0 485.0 0.0512 0.506 0.982127729958 0.463400339991 -0.141437915042
1 24218.0 1558.0 725.0 121.0 0.1189 0.5176 0.964130558702 0.471239234612 0.655565678531
2 76851.0 2667.0 2679.0 243.0 0.0734 0.5095 1.10174442297 0.473257843355 0.428553482381
3 7215.0 113.0 1827.0 344.0 0.0717 0.5114 0.828303440936 0.44347262302 -0.0268294228934
4 49517.0 251.0 14679.0 1224.0 0.0332 0.5054 1.0726247344 0.457295432178 -0.524539002937
5 90627.0 2296.0 5091.0 329.0 0.0449 0.507 1.21877547557 0.47299085367 0.231429946947
6 52682.0 499.0 6573.0 726.0 0.0603 0.5046 1.01321900028 0.46489830592 -0.327993545464
7 64712.0 2742.0 7092.0 199.0 0.0224 0.5114 1.57251356987 0.473520893582 0.581318745135
8 12325.0 170.0 3270.0 420.0 0.0562 0.5091 0.95570173405 0.451517558021 -0.318949351059
9 60841.0 2509.0 4075.0 203.0 0.0523 0.511 1.43561099896 0.473721098227 0.60403400415
10 8665.0 604.0 523.0 99.0 0.0795 0.5198 0.92499238926 0.467119499714 0.388323808582
11 11880.0 161.0 1863.0 424.0 0.0928 0.509 0.804938528101 0.450673203388 0.13159593688
12 4749.0 966.0 267.0 34.0 0.1398 0.5583 1.21221975913 0.471390750471 0.551400955372
13 41053.0 438.0 17959.0 632.0 0.0106 0.5051 1.27739281044 0.463510280772 -1.24182699207
14 44191.0 780.0 4842.0 413.0 0.0487 0.506 1.12294927032 0.468059642583 0.220342851858
15 12388.0 100.0 1690.0 654.0 0.1477 0.5104 0.647395142594 0.440657474761 0.241992972192
16 9670.0 44.0 2997.0 982.0 0.1616 0.5179 0.708762709849 0.416155080942 0.332357124725
17 12978.0 191.0 2169.0 401.0 0.0806 0.5089 0.850942279151 0.452940793113 -0.107492054708
18 9403.0 151.0 2666.0 353.0 0.0621 0.5101 0.991690388619 0.449332917235 0.227401988198
19 7463.0 676.0 479.0 76.0 0.1299 0.526 1.02150865865 0.46635780949 0.71287245784
20 111824.0 1068.0 24771.0 799.0 0.0149 0.5036 1.39552460814 0.469976074183 -0.489813343279
21 17792.0 858.0 652.0 151.0 0.1184 0.5137 0.835197442681 0.469129729676 0.517561997946
22 12183.0 228.0 1437.0 325.0 0.071 0.5089 0.826742104317 0.456310109525 0.0434073769537
23 52904.0 278.0 20529.0 1200.0 0.0135 0.505 1.09181459096 0.458630105393 -1.67883932369
24 41114.0 2149.0 763.0 156.0 0.1276 0.5142 0.93620362927 0.472793544626 0.683669240402
25 68660.0 722.0 18224.0 689.0 0.0155 0.5042 1.31816160388 0.467681303527 -0.471569736092
26 125131.0 3042.0 20607.0 355.0 0.0104 0.5066 1.6646758797 0.473893391844 0.399282367555
27 29841.0 1690.0 785.0 140.0 0.1212 0.5154 0.947495169258 0.471861951886 0.651157407088
28 42377.0 492.0 4894.0 591.0 0.0431 0.5052 0.930201070858 0.464954141511 -0.569896913802
29 13856.0 212.0 2527.0 393.0 0.0613 0.5085 0.892504205268 0.455043385948 -0.0369507766176
30 88360.0 1253.0 5698.0 548.0 0.0649 0.5046 1.12766270772 0.470775304764 0.441980765628
31 26597.0 811.0 2990.0 239.0 0.0514 0.5092 1.21204926555 0.468290103895 0.364568639727
32 302909.0 1880.0 18235.0 1323.0 0.031 0.5023 1.10337931244 0.472405972171 -0.588240825491
33 60580.0 937.0 5844.0 484.0 0.033 0.5052 1.11084777906 0.469267459927 -0.147112448512
34 37141.0 1888.0 670.0 158.0 0.1955 0.5139 0.853148222334 0.472135683594 0.750587944093
35 16614.0 578.0 3167.0 200.0 0.0345 0.5105 1.24171524344 0.466538445505 0.185125844236
36 52669.0 782.0 5706.0 492.0 0.0509 0.5052 1.10774388288 0.468270007027 -0.0308918713963
37 56603.0 195.0 40686.0 1729.0 0.0095 0.5057 1.15143441648 0.453634585042 -2.16362222726
38 9745.0 185.0 1331.0 309.0 0.1055 0.5099 0.831946474982 0.453109706641 0.227705235161
39 11164.0 167.0 1030.0 386.0 0.1359 0.5097 0.691863967308 0.450972334659 0.251839729151
40 13904.0 284.0 5438.0 308.0 0.0217 0.5085 1.21924764459 0.459504869836 0.00511938140643
41 5751.0 156.0 1171.0 209.0 0.0766 0.5131 0.895656413065 0.44988478949 0.24875515214
42 999.0 297.0 62.0 19.0 0.3012 0.5917 0.966755755017 0.464707465712 0.155695142373
43 13262.0 469.0 2333.0 191.0 0.0426 0.5113 1.134199367 0.464812781676 0.155230848346
44 35069.0 243.0 5528.0 890.0 0.0576 0.5058 0.8775695855 0.456932020393 -0.623339497174
45 118327.0 367.0 43892.0 2125.0 0.0154 0.5036 1.18307082867 0.461867557032 -1.66803815678
46 27388.0 219.0 9048.0 758.0 0.0341 0.5066 1.09473405862 0.455353868052 -0.135867176676
47 372826.0 1020.0 31474.0 2782.0 0.0294 0.5019 1.04477310904 0.469718442601 -1.26279407107
48 77512.0 483.0 8697.0 1100.0 0.051 0.5039 0.953997454975 0.46453969779 -0.337092684559
49 38878.0 1720.0 1151.0 180.0 0.0812 0.5123 0.9985083907 0.471845789877 0.491948725009
50 16013.0 889.0 481.0 132.0 0.1884 0.5157 0.867108559797 0.469285571852 0.76503182674
51 13506.0 188.0 3811.0 424.0 0.0413 0.5084 0.971637354989 0.453190472773 -0.426349648746
52 7835.0 446.0 435.0 116.0 0.1336 0.5174 0.781608836124 0.463792341431 0.450888385715
53 21933.0 1190.0 1066.0 140.0 0.0976 0.5151 1.01549347627 0.47040392218 0.548722792266
54 24543.0 598.0 1637.0 288.0 0.0878 0.5081 0.913888473811 0.466454742818 0.302140004244
55 31978.0 167.0 19515.0 1110.0 0.0154 0.5069 1.11781121401 0.451110593363 -1.29248210626
56 1200.0 268.0 138.0 25.0 0.1199 0.5671 1.006598602 0.458011528065 0.187759745337
57 13937.0 186.0 2487.0 441.0 0.0848 0.5087 0.878477089161 0.452710415015 0.0394532750687
58 49582.0 668.0 6348.0 531.0 0.0474 0.5052 1.1173501006 0.467011055638 -0.100399666812
59 27319.0 67.0 5911.0 1995.0 0.128 0.5125 0.694543202327 0.430315370389 -0.136739077023
60 11864.0 47.0 2638.0 1145.0 0.1925 0.5166 0.58425216971 0.418599323449 0.253528097576
61 22723.0 157.0 11976.0 830.0 0.02 0.5076 1.06322792401 0.450280780249 -1.1033589393
62 1643.0 388.0 136.0 25.0 0.1404 0.5702 1.05112315527 0.462744158391 0.329581272292
63 23718.0 833.0 2827.0 208.0 0.0453 0.5103 1.18598511651 0.468744927509 0.276175129851
64 7524.0 219.0 1273.0 206.0 0.0777 0.5122 0.892292941157 0.4552716081 0.0534833733477
65 47361.0 2450.0 3873.0 160.0 0.0397 0.5139 1.49430111695 0.472938140261 0.665018033778
66 22366.0 209.0 7301.0 643.0 0.0287 0.5069 1.01697438363 0.454484398256 -0.483789829845
67 47265.0 308.0 10285.0 983.0 0.0385 0.505 1.03646610171 0.459861529609 -0.34854401415
68 22319.0 364.0 2012.0 401.0 0.0933 0.5071 0.839632064626 0.46132628314 0.135981012806
69 1678.0 112.0 285.0 79.0 0.1806 0.5246 0.85318907336 0.444998342604 0.778374593176
70 25625.0 338.0 3843.0 491.0 0.0668 0.5064 0.986906199183 0.461156877561 0.133579167516
71 89428.0 699.0 10881.0 923.0 0.0411 0.5037 1.11598080359 0.467293127168 -0.128882570805
72 187589.0 308.0 68797.0 3909.0 0.0132 0.5038 1.09720867664 0.459901579388 -2.92628353257
73 39339.0 710.0 3437.0 399.0 0.0768 0.5062 1.05834123977 0.46747092723 0.273790306881
74 21705.0 379.0 3700.0 377.0 0.0423 0.5072 1.09924920222 0.462190809273 0.185879105637
75 40914.0 444.0 5651.0 623.0 0.0393 0.5052 0.980526220536 0.463870705496 -0.412230249956
76 94210.0 1067.0 9762.0 674.0 0.0489 0.504 1.24092028286 0.470081361044 0.246766860869
77 5670.0 115.0 1132.0 266.0 0.1135 0.5133 0.815674643052 0.443940838679 0.52304458681
78 58862.0 825.0 8673.0 525.0 0.0348 0.505 1.23177929733 0.468550669835 -0.138529178437
79 10218.0 47.0 1625.0 986.0 0.2549 0.5167 0.517623927371 0.418568682102 0.459739812523
80 22444.0 231.0 2982.0 594.0 0.0678 0.5069 0.84757949703 0.456337382592 -0.13396695352
81 1125.0 295.0 170.0 21.0 0.0974 0.5803 1.10806914067 0.459394642149 -0.0820126749011
82 8299.0 502.0 539.0 111.0 0.1237 0.5179 0.860191380725 0.464734497862 0.446199026513
83 20450.0 643.0 1895.0 225.0 0.0522 0.5097 1.02237040462 0.46688411988 0.249396518845
84 55466.0 470.0 7155.0 805.0 0.061 0.5044 1.00751899899 0.464294524991 -0.405976799821
85 72764.0 2529.0 9887.0 242.0 0.0161 0.5093 1.56829927765 0.473597228072 0.457619930549
86 55873.0 268.0 14949.0 1307.0 0.027 0.505 0.998435768989 0.45812737028 -1.13292546971
87 40002.0 1242.0 4353.0 248.0 0.0334 0.509 1.22167498592 0.470750490624 -0.00474069018507
88 70756.0 702.0 18994.0 727.0 0.015 0.5042 1.29966607386 0.467421279793 -0.127803798821
89 72770.0 1021.0 22324.0 540.0 0.009 0.5048 1.43815461769 0.469639389593 -0.836681363414
90 89123.0 413.0 74632.0 1447.0 0.0034 0.5038 1.32475245247 0.463069431521 -4.04160905541
91 33879.0 1868.0 861.0 146.0 0.1082 0.5149 0.968759251095 0.472544776464 0.595653683996
92 30546.0 1647.0 1030.0 147.0 0.0971 0.5144 1.01950997091 0.472557905556 0.642727323021
93 45224.0 435.0 8345.0 701.0 0.0441 0.505 1.12213562614 0.463634218109 -0.302032626285
94 140166.0 3814.0 2684.0 325.0 0.1019 0.5073 1.07437232397 0.474508498632 0.585631224892
95 36628.0 1466.0 2229.0 196.0 0.0625 0.511 1.13240117408 0.471593842666 0.378509746169
96 1119.0 273.0 130.0 23.0 0.1343 0.5735 1.05020811065 0.458488736347 0.216924886937
97 28606.0 1105.0 3597.0 196.0 0.0278 0.5111 1.23379654942 0.47012186667 0.0700956144096
98 24175.0 1130.0 2334.0 162.0 0.0428 0.513 1.18881134573 0.470285343591 0.241626389841
99 15057.0 333.0 5536.0 291.0 0.0188 0.5086 1.19732885402 0.460513907703 -0.409337018565
100 1304.0 344.0 116.0 22.0 0.1846 0.5781 1.07224448601 0.465490880987 0.26158224342
101 27943.0 650.0 2598.0 305.0 0.0583 0.5079 0.991083768798 0.466818444621 0.135131630567
102 10908.0 38.0 3893.0 1241.0 0.1498 0.5195 0.699479538298 0.410419664447 0.19414479275
103 19024.0 269.0 6067.0 442.0 0.0226 0.5073 1.08260730108 0.458029173738 -0.554383129508
104 111437.0 1607.0 16103.0 556.0 0.0187 0.5045 1.36932038239 0.471832340272 -0.348040191477
105 2375.0 545.0 199.0 27.0 0.1384 0.5682 1.14462148879 0.465201888373 0.378117517597
106 1584.0 178.0 184.0 50.0 0.2279 0.5349 0.922073755452 0.453702827041 0.791234381006
107 106430.0 806.0 18816.0 972.0 0.0249 0.5034 1.23552202671 0.468312544705 -0.389678381279
108 15836.0 346.0 1121.0 297.0 0.1363 0.5084 0.777648821036 0.461535097752 0.464710391382
109 6578.0 611.0 328.0 73.0 0.1224 0.5266 0.886979037183 0.465691894827 0.52795854945
110 40891.0 1461.0 1714.0 220.0 0.0755 0.51 1.0511903211 0.471471164776 0.431461152402
111 17783.0 759.0 2024.0 168.0 0.0677 0.5126 1.25928619818 0.467687411998 0.636172089
112 7034.0 104.0 2480.0 359.0 0.0585 0.5125 0.913128074628 0.441827419812 -0.354754443316
113 42032.0 338.0 10386.0 808.0 0.038 0.5051 1.15952597269 0.460986101594 -0.203141643902
114 24540.0 320.0 8770.0 493.0 0.021 0.5067 1.19808811098 0.460334591038 -0.168846935292
115 86906.0 613.0 6449.0 1005.0 0.0631 0.5036 0.855971495653 0.466419515511 -0.640368174603
116 1714.0 314.0 248.0 32.0 0.0682 0.5544 1.02436061679 0.458450571564 0.0384200300408
117 35236.0 659.0 2205.0 381.0 0.0959 0.5063 0.884985536729 0.466999297511 0.370574492489
118 25794.0 1698.0 512.0 120.0 0.1909 0.5177 0.874076775224 0.472292646168 0.756550428331
119 96682.0 436.0 11238.0 1499.0 0.0472 0.5036 0.977087746426 0.463600430364 -0.220569591536
120 50561.0 742.0 5920.0 494.0 0.0498 0.5053 1.13701983618 0.467697549423 0.0141232410424
121 12323.0 173.0 3614.0 414.0 0.0503 0.5089 1.0245897132 0.451267945402 0.137036460116
122 4724.0 368.0 351.0 82.0 0.145 0.5233 0.87915822693 0.461939396848 0.603718173933
123 22579.0 599.0 2933.0 264.0 0.0431 0.5087 1.12440422658 0.466019759547 0.201606397782
124 60304.0 1930.0 3906.0 254.0 0.0469 0.5088 1.27480229848 0.472558757891 0.4133412157
125 60233.0 1210.0 19710.0 384.0 0.0072 0.5062 1.51042408328 0.470376465108 -0.0701903939033
126 11541.0 92.0 4592.0 652.0 0.0534 0.5111 0.903471898766 0.439021861193 -0.157412545888
127 61396.0 439.0 13120.0 945.0 0.0315 0.5042 1.1313825354 0.463779520219 -0.424496465218
128 22273.0 517.0 3937.0 296.0 0.04 0.508 1.18154558062 0.465034806802 0.239670823162
129 37386.0 2025.0 1056.0 150.0 0.0997 0.5145 1.03798050943 0.473160577875 0.656041146723
130 68921.0 1074.0 5619.0 489.0 0.0606 0.505 1.15011601973 0.470079696538 0.344164359574
131 64440.0 658.0 5502.0 700.0 0.0672 0.5044 0.988461035056 0.466779507268 0.185112293447
132 16885.0 309.0 2398.0 348.0 0.0686 0.5083 0.969398754404 0.459737261393 0.29383333933
133 11607.0 178.0 1673.0 381.0 0.1076 0.5091 0.819294904808 0.452598567602 0.200042401432
134 48941.0 902.0 4480.0 404.0 0.0471 0.506 1.17659832393 0.469141283817 0.334508536317
135 18689.0 424.0 1962.0 294.0 0.0654 0.5082 0.9257508971 0.463063066492 0.0745900040652
136 24032.0 212.0 9889.0 683.0 0.0231 0.5067 1.09460662014 0.454780694766 -1.03875370485
137 96106.0 1067.0 11611.0 687.0 0.0299 0.5039 1.20622256406 0.469924564515 -0.0808860979153
138 38772.0 637.0 2620.0 432.0 0.0775 0.506 0.882836973616 0.466676615769 0.119388959705
139 89266.0 1246.0 6139.0 557.0 0.0559 0.5046 1.17358259203 0.470673237739 0.406285409129
140 33846.0 2111.0 2923.0 130.0 0.0403 0.5169 1.45253779875 0.472626444272 0.664719052421
141 5669.0 826.0 246.0 48.0 0.1759 0.5406 0.990271528542 0.470763823437 0.633010990449
142 23420.0 657.0 2577.0 253.0 0.0406 0.5089 1.06714847168 0.466999157138 0.130136371897
143 291729.0 637.0 23757.0 3271.0 0.0524 0.5024 0.975981624108 0.466717291827 -0.374494038621
144 123163.0 791.0 17501.0 1144.0 0.0187 0.5031 1.07501645076 0.46826063774 -0.872466951902
145 67785.0 2130.0 12897.0 262.0 0.0106 0.5086 1.56339637824 0.472814317077 -0.0448534866963
146 21020.0 507.0 2114.0 284.0 0.0804 0.5084 0.97890354667 0.465064791337 0.214194185049
147 15724.0 527.0 2758.0 205.0 0.0393 0.5108 1.19096423423 0.465005082027 0.513035468791
148 33830.0 1077.0 1902.0 238.0 0.1045 0.5091 1.06831238577 0.470407524661 0.678089372434
149 37284.0 289.0 10963.0 818.0 0.025 0.5054 1.07234613452 0.459205469145 -0.942179551648
150 44669.0 311.0 8747.0 921.0 0.0455 0.505 1.00902843593 0.460028289404 -0.266059920716
151 64691.0 233.0 9963.0 1703.0 0.0777 0.5052 0.857107113174 0.456265255466 -0.336498460802
152 17838.0 184.0 4511.0 570.0 0.0368 0.5078 0.934351636529 0.45260612786 -0.581538073342
153 47.0 18.0 8.0 8.0 0.7817 0.6425 0.629072639782 0.374106991694 -1.07576727816
154 95943.0 2746.0 11500.0 297.0 0.0185 0.5078 1.5648706553 0.473570568362 0.447310727904
155 78778.0 529.0 7780.0 1034.0 0.0552 0.5038 0.966585241289 0.465256727614 -0.216450565108
156 42228.0 1673.0 2172.0 201.0 0.0679 0.511 1.13828971949 0.47187352908 0.518431203312
157 22863.0 1446.0 838.0 122.0 0.1084 0.5172 1.00378832135 0.471403828949 0.62588802265
158 80113.0 1907.0 7729.0 343.0 0.0293 0.5068 1.34233473065 0.47249395104 0.160018581652
159 25373.0 364.0 2477.0 457.0 0.0869 0.5065 0.901434544874 0.462182249231 0.22131566803
160 23869.0 834.0 1712.0 209.0 0.0787 0.5103 1.07449977922 0.468428361035 0.488961377488
161 76696.0 754.0 11916.0 741.0 0.0317 0.5041 1.21706370853 0.467849979728 0.200001644591
162 88633.0 371.0 14487.0 1576.0 0.037 0.5039 1.00635999737 0.461849036219 -0.541804526171
163 14235.0 327.0 1297.0 279.0 0.1 0.5089 0.814449844594 0.460208162357 0.28232477889
164 50216.0 591.0 12154.0 598.0 0.0183 0.5049 1.21240150692 0.466118128198 -0.821421341261
165 44521.0 310.0 13181.0 921.0 0.0192 0.5051 1.02674092104 0.459935704668 -2.63241666665
166 151278.0 704.0 13021.0 1555.0 0.0451 0.5028 1.0195228683 0.467518316105 -0.226532299765
167 61810.0 1919.0 2783.0 262.0 0.0663 0.5086 1.11941184086 0.47237484353 0.426522499645
168 124005.0 892.0 7284.0 1038.0 0.0488 0.5032 0.956105091096 0.468935125159 -0.388859480177
169 2560.0 105.0 259.0 128.0 0.206 0.5186 0.614384742501 0.442628915693 0.577220029499
170 16638.0 326.0 3397.0 328.0 0.05 0.5082 1.09260914081 0.460614842283 0.161870712248
171 84858.0 274.0 37007.0 1950.0 0.0163 0.5045 1.16170570941 0.458451443042 -1.48522254995
172 43185.0 215.0 7648.0 1215.0 0.0535 0.506 0.849663761355 0.455166429092 -0.674660955911
173 32206.0 673.0 1688.0 342.0 0.0861 0.507 0.910672175166 0.467386569352 0.398703960337
174 39039.0 251.0 5589.0 965.0 0.0619 0.5056 0.87979723335 0.457404856193 -0.300439498383
175 32980.0 292.0 5073.0 717.0 0.0668 0.5058 0.931951247694 0.459315717613 0.0221027189889
176 32640.0 742.0 3878.0 318.0 0.0252 0.5073 1.07691303069 0.467932320888 -0.466540109369
177 20596.0 726.0 727.0 203.0 0.1457 0.5105 0.797426199926 0.467828055693 0.577474581313
178 35240.0 1393.0 1135.0 197.0 0.0881 0.5111 0.969969659206 0.471273595628 0.531345616232
179 5445.0 569.0 286.0 64.0 0.1371 0.5293 0.937826214712 0.4664314369 0.652625434542
180 88070.0 2095.0 21732.0 347.0 0.0063 0.5067 1.5681136469 0.472725025444 0.226062801622
181 56395.0 439.0 4041.0 868.0 0.1287 0.5044 0.839981338527 0.463715175655 0.0290498616864
182 18938.0 929.0 1697.0 150.0 0.0649 0.5141 1.16635183 0.468742190021 0.508264692004
183 90332.0 216.0 31548.0 2535.0 0.0191 0.505 0.991601687693 0.455129832944 -2.21621910966
184 45129.0 800.0 3447.0 413.0 0.0626 0.5059 1.02638538474 0.46834619595 0.31260460027
185 44285.0 614.0 9457.0 510.0 0.0271 0.5053 1.26488104228 0.466390576953 -0.145286991558
186 94520.0 212.0 61571.0 2695.0 0.0106 0.5052 1.16283651778 0.45495639339 -2.56845870723
187 47862.0 2475.0 1029.0 161.0 0.133 0.5139 0.996879626108 0.473327182402 0.681476939302
188 119699.0 3074.0 12199.0 336.0 0.0201 0.507 1.54777827302 0.473913858488 0.424787154539
189 41313.0 2108.0 4066.0 160.0 0.0357 0.5137 1.50703918882 0.47304347914 0.584653713025
190 38219.0 1926.0 559.0 160.0 0.1741 0.5136 0.816908438895 0.47267568275 0.688909276839
191 10732.0 242.0 2249.0 272.0 0.0616 0.5101 1.01894039713 0.456824041293 0.164446332278
192 91858.0 162.0 53718.0 3275.0 0.0164 0.5062 1.08525778105 0.450520914445 -1.88223635836
193 29728.0 314.0 7230.0 607.0 0.0251 0.5061 1.04521867399 0.460060248926 -0.872602340082
194 29746.0 715.0 3147.0 299.0 0.0396 0.5077 1.02103278703 0.467675518374 -0.0820392804242
195 67882.0 2404.0 7008.0 236.0 0.0263 0.5095 1.5073829926 0.473360350191 0.562060664378
196 76560.0 671.0 23314.0 819.0 0.0107 0.504 1.2769290271 0.467217470151 -0.64894013937
197 27703.0 1684.0 952.0 130.0 0.102 0.5166 1.08311504632 0.471686572369 0.664955030795
198 70879.0 493.0 10292.0 988.0 0.0479 0.504 1.07281114697 0.464740217379 -0.112682112805
199 72105.0 549.0 19660.0 917.0 0.0199 0.504 1.28148738373 0.465670012303 -0.0527382849884
200 31909.0 1444.0 1106.0 173.0 0.1154 0.5125 1.02105192415 0.471783370377 0.635954135498
201 7717.0 502.0 675.0 103.0 0.0913 0.5192 0.981191405643 0.464484502268 0.45494690933
202 12332.0 232.0 4291.0 324.0 0.0316 0.5091 1.14592506756 0.456307712373 -0.11597410308
203 17529.0 192.0 5070.0 541.0 0.0298 0.5078 0.97189464675 0.453623428963 -1.02877359007
204 38292.0 259.0 4304.0 921.0 0.079 0.5056 0.821821445116 0.457809618888 -0.150887223775
205 35908.0 248.0 28874.0 896.0 0.0062 0.5057 1.21925275059 0.45725247395 -2.40797786635
206 44167.0 756.0 5106.0 425.0 0.0385 0.5059 1.12204400504 0.468102008309 0.126124690363
207 86559.0 2049.0 14393.0 348.0 0.0125 0.5066 1.51174816394 0.472842459974 0.28409230911
208 63343.0 767.0 3653.0 603.0 0.0738 0.5046 0.955583113896 0.468078551903 0.312946735652
209 97477.0 177.0 63326.0 3230.0 0.0121 0.5058 1.10243534719 0.452108730341 -2.83199001604
210 18672.0 902.0 782.0 152.0 0.1143 0.5137 0.86509784468 0.46923961696 0.478848331476
211 223690.0 3976.0 26880.0 501.0 0.0149 0.5048 1.71578372939 0.474501085674 0.264859250415
212 88877.0 128.0 76735.0 3848.0 0.0105 0.5073 1.08422593515 0.446170352329 -2.95873635903
213 64711.0 617.0 3797.0 743.0 0.1025 0.5043 0.853598437119 0.466402873724 0.242077419538
214 36748.0 2141.0 653.0 140.0 0.1996 0.5155 0.886081139368 0.473384184366 0.760855072105
215 410.0 18.0 65.0 80.0 0.5633 0.5441 0.188451780293 0.371628493684 0.852089738377
216 33196.0 1777.0 641.0 149.0 0.1874 0.5144 0.85598883938 0.472524358364 0.733655487545
217 53922.0 2304.0 854.0 194.0 0.1526 0.5114 0.861612786978 0.473512038499 0.642497017497
218 368297.0 3372.0 50806.0 959.0 0.0122 0.5027 1.63852234477 0.474061785563 0.0993311356255
219 101126.0 1246.0 4800.0 631.0 0.0678 0.5042 1.0275590922 0.470693849392 0.363980627169
220 57631.0 2297.0 7781.0 208.0 0.018 0.5108 1.54546615798 0.473169694779 0.509253360171
221 71735.0 2869.0 3548.0 213.0 0.0788 0.5107 1.43550430665 0.473892715614 0.671344915917
222 30215.0 185.0 13655.0 963.0 0.0217 0.5068 1.06510020959 0.452797249203 -1.30563357079
223 34558.0 314.0 4704.0 706.0 0.0707 0.5056 0.928898677735 0.460125569605 -0.060517078731
224 6238.0 269.0 500.0 143.0 0.1295 0.515 0.785460153589 0.458173916784 0.381478895114
225 12001.0 37.0 4778.0 1394.0 0.1143 0.5198 0.672895460525 0.409399788384 -0.230456846253
226 58029.0 1038.0 4572.0 424.0 0.045 0.5056 1.06165265802 0.470030596051 0.185654312497
227 83072.0 793.0 13348.0 769.0 0.033 0.5039 1.26877472864 0.468278159199 -0.0648983536876
228 79993.0 1041.0 5309.0 584.0 0.0481 0.5045 1.03512817369 0.469832340568 -0.0964995546108
229 74924.0 1148.0 5261.0 502.0 0.0678 0.505 1.1234770642 0.470331217298 0.385246299734
230 79278.0 1925.0 4413.0 336.0 0.0406 0.5068 1.18419385718 0.472470421775 0.127820989006
231 78797.0 937.0 14138.0 630.0 0.0172 0.5043 1.23214231457 0.469213075476 -0.660259215317
232 21022.0 532.0 2454.0 272.0 0.0453 0.5084 1.04386788011 0.465382387401 0.217005144507
233 37024.0 329.0 8778.0 728.0 0.0402 0.5054 1.13475760116 0.460736950807 -0.0505211998787
234 44411.0 384.0 9941.0 766.0 0.0318 0.5049 1.09185022096 0.462447301339 -0.579294373644
235 99055.0 2073.0 26621.0 394.0 0.0064 0.5061 1.64132443654 0.472498476859 0.0955590673223
236 53105.0 542.0 2618.0 682.0 0.1392 0.5045 0.785735395121 0.46558661918 0.253975717385
237 36327.0 667.0 7350.0 389.0 0.0271 0.5064 1.27415914372 0.467156852861 0.104435840385
238 7525.0 180.0 1323.0 244.0 0.0902 0.5109 0.920827454625 0.452634684893 0.572790054992
239 2316.0 29.0 1903.0 323.0 0.0509 0.5262 0.783933490116 0.39977606531 -0.474734633913
240 3973.0 80.0 650.0 250.0 0.1769 0.5147 0.661691388676 0.43528690295 0.619423768223
241 2343.0 17.0 1210.0 485.0 0.1849 0.5365 0.603386903433 0.368956914767 0.366146121119
242 501.0 29.0 144.0 69.0 0.2852 0.5367 0.658041933482 0.399875162415 0.859695786533
243 8392.0 161.0 1872.0 299.0 0.0668 0.5104 0.882126013107 0.451035857529 -0.0965623782062
244 3642.0 17.0 1895.0 754.0 0.1846 0.5357 0.606384828134 0.368868721634 0.370297261059
245 1306.0 58.0 377.0 105.0 0.1433 0.5237 0.779829629365 0.425365063096 0.606573280745
246 5742.0 64.0 445.0 433.0 0.356 0.5155 0.414086776338 0.428458057275 0.802868688028
247 5106.0 12.0 4671.0 1351.0 0.0993 0.546 0.602415153132 0.344282044439 -0.69280326444
248 3241.0 48.0 735.0 306.0 0.1985 0.5197 0.676924083059 0.419351793208 0.770517340912
249 4935.0 80.0 681.0 311.0 0.1722 0.515 0.633078242558 0.435574791609 0.572443364313
250 14133.0 85.0 7506.0 852.0 0.0366 0.5111 0.938785935481 0.43678328404 -0.864077231726
251 12404.0 41.0 11671.0 1331.0 0.0275 0.5183 0.854508642875 0.413541993705 -4.68019209171
252 3437.0 78.0 1215.0 220.0 0.0655 0.5161 0.837719623454 0.433439490067 0.04940757794
253 5474.0 50.0 2939.0 502.0 0.0599 0.5173 0.826795133264 0.420659987672 -0.423862302478
254 71.0 11.0 27.0 19.0 0.4454 0.5953 0.487686877478 0.345586303506 0.764614355726
255 9401.0 102.0 1548.0 488.0 0.1709 0.5114 0.742238916534 0.441395856579 0.447469523089
256 4151.0 11.0 3550.0 1165.0 0.1213 0.5495 0.571753947489 0.337038244943 -1.10785262326
257 3311.0 30.0 2531.0 450.0 0.0564 0.5243 0.787642950325 0.399290627334 -0.250103564853
258 2912.0 43.0 1214.0 300.0 0.1041 0.5204 0.755117898651 0.415432604099 0.104929269455
259 11504.0 70.0 2112.0 810.0 0.179 0.5131 0.65762704325 0.431501584106 0.361798842727
260 6780.0 51.0 3633.0 613.0 0.0618 0.5166 0.852715807428 0.421735549619 -0.0232506975369
261 4422.0 68.0 385.0 318.0 0.3343 0.5147 0.452366174261 0.431112854308 0.75134657707
262 2917.0 78.0 359.0 187.0 0.2467 0.5182 0.606896417239 0.434419496008 0.748671915901
263 5103.0 53.0 1519.0 447.0 0.1264 0.5164 0.700657265618 0.422664347389 0.13651218597
264 3228.0 32.0 1298.0 418.0 0.1437 0.523 0.690802525518 0.40344526559 0.343372011553
265 8586.0 53.0 3929.0 754.0 0.076 0.5157 0.828462126586 0.423207110127 -0.0369000972406
266 10897.0 35.0 10322.0 1321.0 0.0318 0.5205 0.823294467923 0.407072392211 -2.55977135365
267 3474.0 24.0 3195.0 559.0 0.0491 0.5283 0.745908827678 0.389298887595 -1.95034143335
268 6306.0 43.0 1656.0 652.0 0.1667 0.5187 0.627058189664 0.41580521261 0.227986329096
269 9294.0 70.0 3196.0 654.0 0.0791 0.5131 0.798408957836 0.431273259344 0.302945837706
270 4401.0 107.0 1252.0 219.0 0.0823 0.5141 0.899530968684 0.443130545661 0.35763053277
271 1210.0 18.0 925.0 240.0 0.0931 0.5357 0.679193051696 0.372632737869 -0.201035608937
272 4448.0 69.0 1381.0 316.0 0.1078 0.5157 0.817549005375 0.431725604764 0.321617870259
273 4742.0 45.0 1031.0 472.0 0.2219 0.5185 0.592219613448 0.41673208559 0.590024656609
274 129.0 11.0 94.0 35.0 0.1686 0.5655 0.583875878924 0.333970303748 0.216691341658
275 5965.0 51.0 1523.0 539.0 0.1412 0.5166 0.643794358971 0.421449849806 0.243781283919
276 3223.0 58.0 722.0 262.0 0.1327 0.5182 0.667179216139 0.425392187158 0.370157318511
277 8035.0 89.0 2312.0 466.0 0.0884 0.5123 0.825615971832 0.438028877962 -0.0441108425758
278 2778.0 15.0 858.0 629.0 0.3293 0.5396 0.390062168582 0.361027227255 0.618739697288
279 4588.0 79.0 695.0 292.0 0.1773 0.5147 0.639738626331 0.43545077263 0.517281892352
280 3399.0 40.0 2652.0 371.0 0.0397 0.5204 0.832633621334 0.413215040397 -1.53645652266
281 2782.0 40.0 1767.0 303.0 0.0603 0.522 0.839133747251 0.412031415445 0.0635654643825
282 145.0 26.0 22.0 20.0 0.5261 0.5804 0.444999171247 0.383556744628 0.764833900293
283 4675.0 48.0 2685.0 443.0 0.0601 0.5178 0.864649401402 0.420035131706 -0.16077596203
284 7865.0 89.0 1144.0 456.0 0.1633 0.5123 0.666663412929 0.437912603819 0.439202251857
285 5116.0 19.0 3756.0 978.0 0.0921 0.5327 0.670129004386 0.375761847495 -0.989951110518
286 2289.0 99.0 243.0 120.0 0.2363 0.5204 0.656514353229 0.441165121333 0.741300052194
287 11612.0 68.0 10494.0 837.0 0.018 0.5132 0.956874937184 0.430460298985 -2.5865703801
288 1893.0 16.0 1233.0 409.0 0.1283 0.5387 0.601938112054 0.365183145282 -0.237635430407
289 5078.0 177.0 598.0 166.0 0.123 0.5141 0.745469006544 0.452750740954 0.19267432357
290 4091.0 22.0 1600.0 702.0 0.165 0.5301 0.524995452653 0.384357340754 -0.409656366041
291 4442.0 44.0 1775.0 450.0 0.1121 0.5187 0.767515931699 0.416254048632 0.20842664007
292 3744.0 86.0 505.0 222.0 0.18 0.5156 0.620667741222 0.437485751225 0.520419441944
293 2220.0 41.0 649.0 237.0 0.1475 0.5213 0.628290906383 0.413242952276 0.23087353241
294 2820.0 25.0 667.0 440.0 0.3117 0.5278 0.450671792989 0.390953701831 0.57681232099
295 6557.0 14.0 4461.0 1559.0 0.1402 0.5412 0.589113926147 0.355748419419 -0.484382680176
296 11015.0 24.0 9898.0 1775.0 0.0513 0.5271 0.743649501831 0.389215212125 -2.14980773469
297 4494.0 68.0 532.0 323.0 0.2396 0.515 0.563002397382 0.43104721297 0.647389100726
298 2471.0 74.0 431.0 165.0 0.199 0.5197 0.71841179663 0.433597385104 0.806850842325
299 3835.0 40.0 1946.0 418.0 0.0871 0.52 0.801672156514 0.412382282125 0.0915792491131
300 3687.0 54.0 2763.0 318.0 0.0327 0.5175 0.906955716452 0.423691258595 -0.672634149565
301 1963.0 50.0 455.0 179.0 0.1997 0.5216 0.651606425978 0.421584266256 0.515181058479
302 8951.0 142.0 1569.0 354.0 0.072 0.5103 0.786605810285 0.448195149084 -0.27300176552
303 3954.0 50.0 1786.0 362.0 0.0873 0.5179 0.842862259666 0.420202097089 0.149454112152
304 5176.0 25.0 4966.0 808.0 0.0434 0.5269 0.755290310117 0.390998155835 -2.94890139733
305 7785.0 39.0 2974.0 868.0 0.12 0.5194 0.702659069407 0.411324099282 0.0234725925838
306 3233.0 77.0 713.0 209.0 0.1571 0.5163 0.768472719278 0.434018730642 0.536019798908
307 2523.0 67.0 581.0 182.0 0.1771 0.5183 0.76327576614 0.430037836487 0.58979033387
308 3987.0 127.0 490.0 172.0 0.1502 0.515 0.739225666989 0.446149376434 0.575192073356
309 4026.0 81.0 671.0 251.0 0.1979 0.5149 0.703673133782 0.435700935678 0.648317982407
310 2665.0 28.0 986.0 382.0 0.1352 0.5262 0.569022692973 0.397202819771 -0.612698511425
311 3072.0 68.0 1069.0 220.0 0.0877 0.517 0.824140813273 0.430636317896 0.104158767007
312 17659.0 150.0 3851.0 669.0 0.0623 0.5081 0.845887171848 0.44908724639 -0.369860017781
313 2942.0 77.0 546.0 190.0 0.1776 0.5178 0.70770208012 0.433700869342 0.610420460539
314 7566.0 49.0 1814.0 706.0 0.161 0.517 0.626024483063 0.420134786554 0.180353202051
315 5230.0 45.0 1987.0 521.0 0.1115 0.5187 0.74644275815 0.41717148284 0.284050258808
316 2245.0 16.0 2132.0 485.0 0.0693 0.5377 0.663976763324 0.365088405189 -1.53901437055
317 4486.0 70.0 2181.0 315.0 0.0567 0.5158 0.934289999986 0.432160103618 0.250997268494
318 1831.0 54.0 661.0 157.0 0.1226 0.521 0.853919136213 0.423577739133 0.70243026055
319 323.0 43.0 51.0 32.0 0.4507 0.5497 0.666312486928 0.417575394248 0.67391303801
320 7611.0 33.0 3443.0 965.0 0.0973 0.5217 0.670531987271 0.404729743471 -0.543752280096
321 8042.0 78.0 3329.0 519.0 0.0548 0.5125 0.859873476743 0.434712456355 -0.537900775191
322 851.0 29.0 119.0 118.0 0.4481 0.5319 0.390713673614 0.399519723169 0.927342938966
323 2812.0 52.0 604.0 249.0 0.1994 0.5192 0.626256550014 0.421118208198 0.535210060575
324 6213.0 16.0 5779.0 1345.0 0.072 0.5371 0.662071555668 0.365329945928 -1.89414235514
325 2821.0 48.0 704.0 266.0 0.1714 0.5195 0.682211460317 0.418788664605 0.599203620889
326 7686.0 19.0 3674.0 1470.0 0.1371 0.5325 0.552592556032 0.376044032926 -0.27937421605
327 2797.0 23.0 1979.0 464.0 0.0845 0.5292 0.72667509107 0.386538410871 -0.0810342157539
328 6549.0 102.0 2351.0 339.0 0.0558 0.5126 0.90648265531 0.44068257461 -0.155405443639
329 4884.0 51.0 990.0 441.0 0.2088 0.5164 0.619938638498 0.42119000234 0.562952907778
330 3879.0 14.0 2519.0 922.0 0.1424 0.5416 0.560212650493 0.355960879461 -0.423716451498
331 4768.0 37.0 3332.0 553.0 0.0534 0.5205 0.817261095641 0.409349635409 -0.288618871945
332 5888.0 101.0 2497.0 307.0 0.0501 0.5127 0.99315134448 0.440346019139 0.28592654591
333 6384.0 26.0 4412.0 969.0 0.0762 0.5258 0.736236881834 0.393569811448 -0.654887810289
334 3682.0 67.0 694.0 267.0 0.1981 0.517 0.688543445177 0.42978853912 0.728109000945
335 8229.0 126.0 865.0 359.0 0.218 0.5106 0.648221387361 0.446327725095 0.622206455469
336 25523.0 109.0 3613.0 1259.0 0.1319 0.509 0.670847261441 0.442769733492 -0.0102750714153
337 5044.0 13.0 4696.0 1263.0 0.0884 0.5434 0.618255180716 0.350361837251 -1.82835515767
338 350.0 29.0 169.0 47.0 0.1352 0.5455 0.754541011244 0.395549646802 0.539521230227
339 2468.0 26.0 840.0 374.0 0.2242 0.5271 0.60036450049 0.393403041056 0.36058357104
340 4861.0 38.0 1675.0 552.0 0.1078 0.5205 0.648369935651 0.410722205889 -0.404329767386
341 5704.0 89.0 588.0 330.0 0.2386 0.5135 0.601428546704 0.437562438279 0.759452967069
342 7239.0 62.0 2139.0 561.0 0.0981 0.5142 0.761163622532 0.427587212509 0.230358681713
343 2958.0 48.0 1247.0 279.0 0.0993 0.5199 0.813734262383 0.418000563416 0.308115898291
344 740.0 44.0 397.0 74.0 0.0764 0.5307 0.859779255873 0.416759290071 0.480699243243
345 4680.0 27.0 2943.0 690.0 0.0861 0.5254 0.730981325096 0.395073515771 -0.606054004344
346 1540.0 31.0 1146.0 203.0 0.0579 0.5269 0.797152011396 0.400599523017 -0.0253469266385
347 4163.0 88.0 648.0 243.0 0.1819 0.5145 0.714609183032 0.438488100105 0.69375876911
348 3953.0 16.0 3838.0 855.0 0.0663 0.537 0.6640853208 0.365064540527 -2.20306170535
349 12243.0 69.0 1888.0 872.0 0.207 0.5129 0.603884763449 0.431004600976 0.525530648355
350 2495.0 79.0 234.0 158.0 0.2403 0.517 0.548924314533 0.435710856092 0.657661913129
351 3111.0 37.0 722.0 360.0 0.2237 0.5216 0.557343981465 0.408895372864 0.611907785056
352 3164.0 42.0 691.0 332.0 0.2581 0.5199 0.618261824159 0.414494675607 0.756610144927
353 8142.0 106.0 1342.0 409.0 0.1398 0.5114 0.703925928346 0.441761376529 0.166641977641
354 3850.0 33.0 2629.0 487.0 0.063 0.5231 0.796822196728 0.404614126186 -0.207164911195
355 3321.0 14.0 1981.0 789.0 0.1755 0.5414 0.574658962406 0.355617440064 0.0701577636864
356 4100.0 69.0 964.0 291.0 0.1117 0.5152 0.735341910577 0.430959111807 0.215194377932
357 4215.0 44.0 2258.0 427.0 0.056 0.5186 0.753956789342 0.416083570146 -1.05390425483
358 1073.0 36.0 452.0 126.0 0.1433 0.5254 0.805542502163 0.407803434954 0.821101055197
359 3600.0 54.0 1605.0 310.0 0.0838 0.5175 0.864634384369 0.423268706929 0.376505726375
360 3542.0 70.0 633.0 248.0 0.1801 0.5163 0.668468239635 0.431140419392 0.509980396875
361 3595.0 70.0 748.0 252.0 0.14 0.5159 0.700946285352 0.431887182584 0.520690747706
362 6171.0 20.0 4476.0 1137.0 0.0886 0.5316 0.675355509285 0.379238041074 -1.38697081672
363 3818.0 51.0 448.0 344.0 0.2803 0.5177 0.465535644548 0.421439091005 0.623385352961
364 2345.0 27.0 679.0 345.0 0.2333 0.5261 0.550733242882 0.395179254984 0.351991035821
365 4003.0 69.0 551.0 284.0 0.1982 0.5152 0.544354935706 0.431169612562 0.404520663647
366 4828.0 48.0 1283.0 457.0 0.1516 0.5186 0.641013389056 0.419353464728 0.175290470779
367 2535.0 58.0 566.0 206.0 0.1684 0.519 0.658109401821 0.42610240903 0.449270045087
368 7830.0 70.0 2234.0 551.0 0.116 0.5134 0.792342479325 0.431503406178 0.182303723829
369 7796.0 122.0 1566.0 349.0 0.0986 0.5111 0.815816851003 0.445163363161 0.365800486738
370 4414.0 51.0 3308.0 398.0 0.0343 0.5177 0.890375458268 0.420873857917 -0.638037980648
371 15160.0 16.0 14543.0 3283.0 0.0678 0.5365 0.663323034249 0.365126427389 -2.83541143375
372 3543.0 32.0 728.0 459.0 0.3209 0.5233 0.50059415614 0.403298180398 0.681998450093
373 821.0 35.0 173.0 98.0 0.2799 0.532 0.568034564115 0.408601905125 0.83606813777
374 82.0 13.0 30.0 19.0 0.4158 0.5946 0.53234901148 0.341959515484 0.746471638832
375 4999.0 79.0 894.0 318.0 0.1668 0.5143 0.675208180866 0.434892993097 0.513308882744
376 3100.0 69.0 770.0 219.0 0.0873 0.5162 0.708564316 0.430763970827 -0.099124751623
377 10435.0 105.0 2870.0 529.0 0.0755 0.5108 0.849747093882 0.442092361597 -0.0719610180298
378 6487.0 48.0 1752.0 615.0 0.1245 0.5175 0.658668055192 0.419392066555 0.00992181611379
379 3159.0 47.0 707.0 304.0 0.1693 0.5192 0.625744769467 0.418963216964 0.447349371644
380 3032.0 18.0 2116.0 602.0 0.109 0.5354 0.66771506725 0.372135232868 0.0383775135701
381 5848.0 55.0 1117.0 498.0 0.2322 0.5159 0.61989401848 0.42424679533 0.522142321356
382 12445.0 92.0 2871.0 703.0 0.0999 0.5109 0.785466077194 0.438595329425 0.275910093412
383 3240.0 36.0 1541.0 383.0 0.1077 0.5221 0.772605695766 0.407529970711 0.499404711894
384 3689.0 62.0 683.0 285.0 0.1879 0.5164 0.60545428831 0.428163224212 0.389192065874
385 2074.0 54.0 357.0 178.0 0.1902 0.5196 0.57889428988 0.423750007447 0.420907616432
386 9360.0 80.0 1561.0 592.0 0.1442 0.5123 0.645434570833 0.435390759937 0.27032365828
387 3359.0 70.0 806.0 235.0 0.1317 0.5163 0.728087296042 0.431666885854 0.244992455341
388 2269.0 49.0 458.0 211.0 0.219 0.5202 0.602625090355 0.421035936413 0.662497653293
389 5911.0 36.0 3485.0 701.0 0.0744 0.5205 0.795525270452 0.408464688345 -0.127882053349
390 7395.0 70.0 1439.0 520.0 0.1479 0.5138 0.63783297676 0.431658865601 -0.100306959582
391 7558.0 57.0 3665.0 626.0 0.0645 0.5152 0.852833192952 0.425183342821 -0.294247078364
392 2587.0 31.0 250.0 343.0 0.5575 0.5248 0.2724284274 0.401935169711 0.892992620226
393 2771.0 32.0 1243.0 359.0 0.1035 0.5244 0.658072526865 0.404010888913 -0.386541555633
394 99.0 23.0 12.0 15.0 0.7114 0.596 0.382880594497 0.385720781268 0.59050197051
395 3604.0 37.0 1676.0 418.0 0.1107 0.5214 0.785574119093 0.409570883503 0.575970882346
396 34835.0 144.0 9472.0 1368.0 0.0442 0.5074 0.862337584525 0.448530045324 -1.24530390052
397 5897.0 39.0 3249.0 657.0 0.0749 0.5197 0.789813460833 0.411395287343 -0.274026447693
398 3344.0 88.0 647.0 194.0 0.195 0.5163 0.834810995609 0.436875968163 0.795662871476
399 9193.0 55.0 1171.0 784.0 0.2331 0.5148 0.505699929285 0.424112809524 0.413627110809
400 5374.0 65.0 1849.0 400.0 0.1062 0.5151 0.85920389234 0.428976104746 0.377462305294
401 9996.0 62.0 2612.0 775.0 0.1359 0.5137 0.722933441777 0.427833423058 0.25522053045
402 7917.0 50.0 2933.0 727.0 0.1041 0.5166 0.759676707723 0.420736872272 0.168033177394
403 5010.0 17.0 3286.0 1038.0 0.1187 0.5352 0.6137260608 0.369055557537 -0.390065132135
404 5502.0 71.0 1135.0 382.0 0.1843 0.5146 0.742866637572 0.431629473367 0.671259571523
405 1369.0 44.0 602.0 138.0 0.102 0.5249 0.8084409428 0.418185356998 0.455838667012
406 3382.0 74.0 539.0 226.0 0.1824 0.517 0.657246048797 0.433109302105 0.546603393175
407 1709.0 30.0 448.0 232.0 0.1855 0.5265 0.540986447012 0.399739214632 0.308888363331
408 2112.0 62.0 481.0 162.0 0.172 0.5193 0.702358760689 0.427195313919 0.465096516712
409 5896.0 21.0 5122.0 1048.0 0.0624 0.5303 0.714317135308 0.381803793461 -1.62709081784
410 2359.0 42.0 774.0 247.0 0.1185 0.5214 0.698722543674 0.414116271925 0.289495689105
411 3398.0 11.0 2915.0 954.0 0.1216 0.5495 0.576684434764 0.337310633851 -0.617582050282
412 2405.0 34.0 979.0 297.0 0.1444 0.5237 0.729616738708 0.405980018558 0.372843977146
413 5720.0 66.0 2442.0 421.0 0.0732 0.5145 0.893249396332 0.429667024424 0.204097212561
414 3874.0 60.0 796.0 307.0 0.1856 0.5165 0.650651699486 0.426685566502 0.406409585404
415 4176.0 76.0 1096.0 274.0 0.1388 0.5159 0.84597940447 0.434019199379 0.615302836713
416 14792.0 139.0 1679.0 597.0 0.1011 0.5089 0.686979808567 0.448046841809 -0.0244829223087
417 5378.0 68.0 927.0 387.0 0.2068 0.5145 0.649037723758 0.430401919483 0.502503638944
418 4571.0 25.0 4345.0 714.0 0.0442 0.5274 0.755099054322 0.391519547032 -2.7685551983
419 7350.0 38.0 3537.0 836.0 0.0834 0.5197 0.721245823107 0.410630802309 -0.43721011994
420 4039.0 31.0 1563.0 536.0 0.1358 0.5232 0.624034599918 0.401842221564 -0.242330109253
421 2375.0 67.0 400.0 172.0 0.2164 0.5188 0.71562321963 0.430515570086 0.812709510993
422 6164.0 41.0 1981.0 661.0 0.1624 0.5189 0.700689540175 0.413578742131 0.444828745395
423 5322.0 65.0 894.0 397.0 0.1942 0.5146 0.604083538651 0.429588831297 0.416521015191
424 3122.0 28.0 2916.0 447.0 0.0409 0.5264 0.778331361073 0.39721685834 -1.99757938781
425 1940.0 43.0 493.0 199.0 0.198 0.5221 0.640671009195 0.415131194226 0.567172963751
426 3514.0 72.0 1935.0 241.0 0.044 0.5172 0.950251030576 0.432797061164 0.126148558965
427 764.0 38.0 189.0 85.0 0.1877 0.5334 0.624728161431 0.409232806607 0.608619347434
428 212.0 16.0 94.0 45.0 0.2708 0.5611 0.620024611092 0.369578247941 0.774203173312
429 7173.0 95.0 1770.0 394.0 0.118 0.5123 0.857205983648 0.439985000778 0.416980362357
430 2892.0 13.0 2688.0 724.0 0.0888 0.5437 0.619437196613 0.350644820414 -1.17564423224
431 4191.0 18.0 3812.0 833.0 0.0668 0.5344 0.685539919604 0.372553678222 -1.62092410741
432 4176.0 19.0 3211.0 798.0 0.0842 0.5328 0.672216970229 0.376118017512 -1.01360342856
433 139.0 14.0 49.0 32.0 0.3116 0.5612 0.474228457815 0.353708833869 0.653157376527
434 4010.0 41.0 1447.0 429.0 0.1136 0.5205 0.67554937872 0.413199433868 0.0874770038998
435 5933.0 168.0 617.0 203.0 0.1191 0.5125 0.726896797276 0.451313851012 0.237922569028
436 2453.0 12.0 1729.0 649.0 0.1502 0.5467 0.550836143172 0.344065700277 -0.401492573433
437 6873.0 89.0 859.0 398.0 0.1871 0.5122 0.628891651016 0.438091813862 0.487025244505
438 2400.0 64.0 1662.0 180.0 0.0323 0.5189 0.942377045555 0.429068385185 -0.0753674203781
439 6086.0 15.0 5742.0 1379.0 0.0748 0.5386 0.650381851999 0.36069296124 -1.23697013289
440 3273.0 68.0 1366.0 234.0 0.073 0.5179 0.889789837279 0.430401672677 0.253166131363
441 2885.0 72.0 627.0 197.0 0.1804 0.5169 0.770554629586 0.431968552635 0.645118317046
442 5520.0 123.0 599.0 245.0 0.1413 0.5131 0.691010103171 0.445098195666 0.462200047056
443 2934.0 20.0 2589.0 540.0 0.064 0.5325 0.708800215647 0.379116862433 -0.832908792508
444 3906.0 58.0 1018.0 318.0 0.1039 0.5165 0.679490785706 0.425336602769 -0.111705657749
445 3151.0 22.0 1717.0 541.0 0.1374 0.5299 0.682387603514 0.384963279338 0.137162475509
446 3361.0 57.0 582.0 277.0 0.2406 0.5177 0.598971794065 0.424556609692 0.725477259254
447 3369.0 31.0 2520.0 447.0 0.0566 0.5236 0.790463757323 0.401909956313 -0.3521619336
448 2213.0 35.0 694.0 267.0 0.1847 0.5226 0.654446938253 0.406804474854 0.560255076203
449 484.0 26.0 137.0 72.0 0.2274 0.5423 0.538178725269 0.392337630788 0.518650620749
450 13435.0 51.0 4133.0 1217.0 0.1053 0.5155 0.66402384682 0.421638925899 -0.543597373414
451 2011.0 29.0 1553.0 280.0 0.0573 0.5259 0.782163841538 0.398942819068 -0.155795503856
452 5099.0 85.0 1488.0 306.0 0.0917 0.5143 0.825269837609 0.436793587249 0.00814200550103
453 3809.0 60.0 974.0 302.0 0.1439 0.5166 0.718584321875 0.426968202012 0.428102293608
454 6859.0 44.0 1458.0 696.0 0.2228 0.518 0.605845155237 0.416018208591 0.641892835238
455 1787.0 34.0 1574.0 220.0 0.0378 0.5249 0.816752667756 0.404915221231 -1.66480248282
456 7565.0 89.0 1021.0 438.0 0.2028 0.5125 0.656138068497 0.437542332175 0.691105548233
457 5468.0 47.0 3400.0 527.0 0.0529 0.518 0.864359889326 0.418742484549 -0.35414402557
458 3835.0 42.0 1415.0 403.0 0.1165 0.52 0.693713599129 0.414854522083 0.0686815879527
459 8101.0 46.0 2740.0 795.0 0.1337 0.517 0.727799175147 0.418130631352 0.25732141491
460 3891.0 73.0 643.0 264.0 0.1762 0.5154 0.683336623325 0.433097834957 0.552502910546
461 2396.0 80.0 724.0 150.0 0.1027 0.5182 0.866971964369 0.435600090774 0.482269336129
462 3499.0 90.0 1632.0 200.0 0.0471 0.5149 0.975714406881 0.439156957475 0.0663034338348
463 3113.0 17.0 2814.0 644.0 0.0715 0.5364 0.67341404839 0.368752109738 -1.48044871841
464 5232.0 25.0 3713.0 817.0 0.0747 0.5267 0.725380057537 0.390759795623 -0.889193822493
465 4025.0 37.0 1200.0 467.0 0.1552 0.5213 0.648805869214 0.4095699175 0.28639292151
466 7117.0 41.0 2057.0 763.0 0.1551 0.5188 0.630446607034 0.413384221431 0.274241571861
467 10532.0 82.0 6519.0 653.0 0.0306 0.5121 0.975127659067 0.435812641824 -0.757553290183
468 3497.0 64.0 598.0 263.0 0.2228 0.5164 0.667365365206 0.428600153545 0.786787839089
469 1811.0 21.0 1441.0 321.0 0.0742 0.5323 0.713851144584 0.381825150483 -0.448724543141
470 4808.0 68.0 1313.0 345.0 0.1334 0.5152 0.790526410825 0.430445142489 0.427748122697
471 6214.0 51.0 2245.0 562.0 0.1222 0.5168 0.808908930614 0.422018449168 0.357743797754
472 3343.0 51.0 613.0 301.0 0.1865 0.5186 0.589458703044 0.421556120682 0.3775725574
473 2940.0 37.0 934.0 340.0 0.1826 0.522 0.676100044245 0.408966586798 0.410796903585
474 1326.0 80.0 169.0 82.0 0.2815 0.5262 0.638382633106 0.433347992505 0.800191806936
475 7139.0 72.0 1046.0 491.0 0.2062 0.5136 0.602393631576 0.432395288665 0.528016601836
476 6242.0 54.0 1809.0 539.0 0.1368 0.5162 0.72074997634 0.423588656023 0.307668477157
477 5072.0 74.0 689.0 341.0 0.218 0.5147 0.615763234007 0.43387365513 0.64471290059
478 3002.0 77.0 365.0 194.0 0.2583 0.5172 0.595709896789 0.433503930347 0.716103347336
479 488905.0 594.0 185877.0 5824.0 0.01 0.5022 1.31966098085 0.466222123849 -1.11290797322
480 4797.0 81.0 1475.0 299.0 0.0705 0.5148 0.804087205817 0.435798082089 -0.175271334876
481 1991801.0 372.0 627992.0 35400.0 0.022 0.5029 1.19758147033 0.46200499882 -1.23229518998
482 3362206.0 339.0 853256.0 64654.0 0.0292 0.5031 1.0845810521 0.461009578365 -1.20723853829
483 9146.0 52.0 2551.0 815.0 0.1052 0.5158 0.675937960462 0.422160181936 -0.177463634029
484 3837708.0 599.0 546068.0 45411.0 0.0292 0.502 1.05713596554 0.466288856389 -1.456190877
485 9027.0 21.0 3990.0 1605.0 0.1914 0.5301 0.618988859507 0.381742783665 0.487182345231
486 997.0 125.0 109.0 42.0 0.2362 0.5389 0.755719176097 0.447901078295 0.729242484056
487 2630686.0 430.0 651335.0 41335.0 0.0238 0.5026 1.12138090038 0.463452549302 -1.30824813689
488 5521.0 290.0 688.0 118.0 0.0717 0.5169 0.93596036811 0.458685993992 0.394356116181
489 2336785.0 362.0 170856.0 42503.0 0.0702 0.503 0.794658575819 0.461718416669 -0.902131878653
490 3634366.0 340.0 638668.0 69714.0 0.05 0.5031 0.998846991884 0.461039088553 -0.943823282242
491 2344761.0 1154.0 1388230.0 15732.0 0.0024 0.5012 1.52483900949 0.470360821546 -2.55980281855
492 832.0 76.0 142.0 53.0 0.1629 0.535 0.723149569367 0.43503640293 0.53275002093
493 2193834.0 329.0 331685.0 43268.0 0.0473 0.5032 0.939396258737 0.460668208629 -0.963868590805
494 6311.0 94.0 3177.0 349.0 0.0395 0.5134 0.993416386058 0.439007151929 0.0449095310961
495 2107194.0 493.0 529333.0 29462.0 0.0149 0.5023 1.15325720014 0.464701004093 -2.19060219483
496 2358345.0 367.0 566110.0 42399.0 0.0226 0.5029 1.05194309617 0.461864291607 -1.78037870717
497 6150.0 38.0 2392.0 699.0 0.1332 0.5201 0.725430421752 0.410697911234 0.294942167886
498 2427200.0 342.0 628668.0 46327.0 0.0273 0.5031 1.11525643019 0.461104366918 -0.86924811963
499 5785.0 22.0 1639.0 994.0 0.3239 0.5295 0.505168547294 0.384782662112 0.424915024142
500 2995.0 20.0 790.0 551.0 0.326 0.532 0.432055841924 0.37871049909 0.664638866356
501 1833.0 36.0 448.0 216.0 0.2555 0.5243 0.601340315421 0.408138693124 0.689681288629
502 6722.0 246.0 3110.0 167.0 0.0185 0.5132 1.20710791703 0.457896288702 0.161975733812
503 8769.0 124.0 4910.0 388.0 0.0241 0.5106 1.0442468622 0.445906594752 -0.950413207001
504 3219.0 185.0 1555.0 100.0 0.0224 0.5199 1.14561827936 0.452264376581 -0.00253994306796
505 5298.0 95.0 2824.0 290.0 0.0357 0.513 1.00737573358 0.439331357481 0.056599674951
506 2752561.0 575.0 251696.0 33734.0 0.0492 0.502 0.955166099453 0.465977658349 -1.11311409577
507 873.0 119.0 120.0 38.0 0.205 0.5446 0.821080790188 0.446359700006 0.711176176797
508 850.0 82.0 233.0 51.0 0.1233 0.5342 0.889339367557 0.437103704961 0.630966750758
509 7167.0 36.0 1942.0 850.0 0.1712 0.5204 0.645009503923 0.408514836789 0.51369023164
510 38186.0 358.0 6904.0 698.0 0.0518 0.5053 1.06694625049 0.461652708604 0.098863127787
511 5437.0 27.0 2624.0 802.0 0.1096 0.5252 0.641386307846 0.395228219092 -0.0124107944778
512 2532404.0 554.0 487185.0 32042.0 0.0211 0.5021 1.07994547087 0.465675017355 -2.13684955941
513 1589.0 17.0 580.0 328.0 0.2775 0.5374 0.481498242476 0.368519640459 0.401907704261
514 730.0 109.0 116.0 34.0 0.2418 0.5479 0.922729846161 0.446560440352 0.774700700949
515 1726333.0 351.0 216232.0 32232.0 0.0595 0.5031 0.908968061547 0.461392910912 -0.790942380647
516 2491339.0 271.0 806379.0 57871.0 0.0298 0.5038 1.15412708325 0.458343618694 -0.81145653726
517 1667211.0 313.0 335579.0 34297.0 0.0552 0.5034 1.08734704377 0.460102657099 -0.694547088103
518 2546296.0 317.0 464520.0 51823.0 0.0446 0.5033 1.00504702419 0.460246968351 -0.87193356686
519 2967656.0 420.0 533567.0 47574.0 0.0206 0.5026 1.0220787631 0.46322629495 -1.57662397088
520 1533377.0 226.0 259530.0 41478.0 0.0616 0.5044 0.87819138158 0.45588851473 -0.816127804951
521 10732.0 389.0 4854.0 181.0 0.0122 0.5121 1.29718566599 0.462419608546 -0.0964470220456
522 1296498.0 408.0 573597.0 21302.0 0.0095 0.5027 1.19570674382 0.462941575295 -2.83286109767
523 1282.0 165.0 157.0 43.0 0.1658 0.5394 0.856732740662 0.453806953208 0.660374416789
524 2612680.0 318.0 557682.0 53033.0 0.0376 0.5033 1.04887294169 0.460281965493 -0.910101897979
525 4560967.0 528.0 1340224.0 60138.0 0.0167 0.5022 1.24513636833 0.46528110637 -1.37455529682
526 7047.0 132.0 4114.0 295.0 0.0215 0.5113 1.07499349968 0.446517094708 -0.583322562219
527 2430149.0 391.0 700368.0 41402.0 0.0187 0.5028 1.13017137 0.462517400546 -1.90906757521
528 920.0 153.0 147.0 32.0 0.1855 0.5524 1.01944847139 0.450605730965 0.711513583248
529 1112.0 151.0 83.0 40.0 0.2659 0.541 0.732073738185 0.451579966883 0.742039394132
530 3109798.0 317.0 370984.0 63292.0 0.0601 0.5033 0.862270100419 0.460247340995 -1.06236794073
531 7460.0 224.0 1923.0 201.0 0.0437 0.5117 1.00633203629 0.456303959786 -0.126631434635
532 1860126.0 413.0 931013.0 30248.0 0.0084 0.5027 1.2559003019 0.463062378916 -1.93243063077
533 2991.0 199.0 885.0 87.0 0.0515 0.5224 1.12728015797 0.45170597381 0.554958281471
534 62273.0 441.0 10678.0 955.0 0.0334 0.5043 1.0500429271 0.463759089462 -0.540970785404
535 557.0 17.0 138.0 114.0 0.4 0.541 0.369879795053 0.367889132541 0.803505829344
536 1817922.0 383.0 494531.0 31520.0 0.0197 0.5029 1.08467685735 0.462310011258 -1.87447439186
537 1444818.0 337.0 266129.0 27921.0 0.0312 0.5032 1.01567374728 0.460940506971 -1.02883373882
538 5964.0 55.0 1812.0 508.0 0.1208 0.5159 0.750550585609 0.424495764449 0.383501173787
539 5193.0 96.0 1634.0 282.0 0.0776 0.5136 0.889251056347 0.439297310678 0.102991825886
540 2791.0 175.0 886.0 91.0 0.0502 0.5219 1.09433151531 0.452322518597 0.519468746452
541 381030.0 256.0 68587.0 9282.0 0.0674 0.5041 0.968835576567 0.457600415321 -0.286219868926
542 5023.0 219.0 2216.0 137.0 0.0227 0.5154 1.17971240904 0.454903887809 0.236560547188
543 9432.0 89.0 2201.0 547.0 0.1156 0.5117 0.781326213487 0.437960947556 0.153017839832
544 1044.0 152.0 83.0 37.0 0.3001 0.5445 0.7751990339 0.45175455982 0.791202230904
545 1747.0 162.0 208.0 60.0 0.1671 0.5293 0.817313428714 0.451766134636 0.684140672484
546 2407766.0 309.0 673411.0 50073.0 0.0319 0.5034 1.14413270409 0.459945805596 -0.719994608672
547 2317784.0 341.0 291738.0 44348.0 0.0521 0.5031 0.874278571005 0.461073972083 -1.24398196366
548 3985770.0 549.0 884552.0 50826.0 0.0117 0.5021 1.12554677108 0.465603528319 -2.95394692334
549 4930.0 21.0 2462.0 876.0 0.1573 0.5304 0.63475222747 0.381984792273 0.256024271212
550 5103.0 41.0 2507.0 547.0 0.0882 0.5191 0.794204236247 0.413664707073 0.0862539603689
551 4016.0 232.0 1549.0 104.0 0.0273 0.5191 1.17858971867 0.456780734482 0.292632348217
552 2643533.0 350.0 765478.0 49477.0 0.0254 0.503 1.15941550851 0.461356849886 -1.10498540959
553 1585694.0 245.0 213686.0 40089.0 0.0711 0.5041 0.834358738505 0.457013515431 -0.629012902791
554 3308.0 74.0 648.0 221.0 0.1687 0.5169 0.698294602536 0.432592838818 0.477962430954
555 17224.0 192.0 9113.0 531.0 0.0171 0.5081 1.12673860847 0.453245818856 -0.603307597193
556 1944329.0 206.0 322578.0 56827.0 0.0715 0.5047 0.86477256325 0.454523846461 -0.766909085231
557 6378.0 129.0 2952.0 272.0 0.0319 0.5118 1.02481639317 0.445798870169 -0.228619239415
558 2344304.0 332.0 486720.0 45883.0 0.0373 0.5032 1.0090690035 0.460777734501 -1.40525803729
559 5933.0 245.0 2439.0 147.0 0.0231 0.5149 1.19835779366 0.456581614381 0.236291353664
560 755.0 21.0 157.0 133.0 0.4221 0.5365 0.371684153688 0.380922548415 0.814663517503
561 2547130.0 384.0 790182.0 44066.0 0.022 0.5028 1.20301563119 0.462335963755 -1.3041604072
562 709635.0 259.0 101240.0 17122.0 0.0509 0.504 0.840847816081 0.457761456962 -1.30703448803
563 2781.0 67.0 1024.0 201.0 0.0931 0.5176 0.884365261569 0.429652639456 0.595359025717
564 94681.0 675.0 4446.0 1008.0 0.0733 0.5035 0.849783625997 0.467159103672 -0.00621001449422
565 360.0 34.0 134.0 43.0 0.1382 0.5456 0.689597120168 0.408917337898 0.363700139308
566 2538647.0 446.0 536053.0 38666.0 0.0302 0.5025 1.10913574375 0.463795506069 -1.08388298899
567 2492650.0 286.0 696346.0 55334.0 0.0337 0.5036 1.10927726286 0.45902030679 -1.01450304958
568 1644556.0 313.0 213248.0 33831.0 0.0698 0.5034 0.877983455303 0.460102255396 -0.661568985006
569 2029708.0 514.0 595556.0 27384.0 0.0124 0.5022 1.16576249648 0.465053907202 -1.59043509396
570 2769352.0 359.0 513423.0 50729.0 0.0447 0.503 1.03764294519 0.461633815061 -0.886459070022
571 2805264.0 354.0 613727.0 52001.0 0.0437 0.503 1.14083325412 0.461482050659 -0.698540551224
572 3501499.0 319.0 827271.0 70887.0 0.0406 0.5033 1.10710175971 0.460319874449 -0.931701994184
573 751.0 84.0 139.0 44.0 0.1953 0.5406 0.804169014458 0.437265215404 0.695552011018
574 1275515.0 329.0 154027.0 25156.0 0.0523 0.5032 0.911196391625 0.460677538158 -0.685057688565
575 2283832.0 379.0 571384.0 39953.0 0.0247 0.5029 1.09688090909 0.462199425062 -1.06397894068
576 6763.0 240.0 2742.0 171.0 0.0241 0.5131 1.19072718607 0.456236901635 0.150138243614
577 26250.0 132.0 7715.0 1107.0 0.0356 0.5082 0.862824665189 0.446913558226 -1.28004846179
578 867516.0 902.0 206613.0 7208.0 0.011 0.5016 1.27296040879 0.469044925112 -1.05149630508
579 563.0 49.0 197.0 51.0 0.1242 0.5382 0.786256524123 0.419738437409 0.520871474743
580 4965.0 66.0 789.0 365.0 0.1652 0.516 0.616723956526 0.429142254297 0.445366027465
581 1085613.0 1052.0 338481.0 7893.0 0.0057 0.5014 1.34428607212 0.469906155388 -1.94479029494
582 6042.0 222.0 2357.0 163.0 0.028 0.5141 1.17196228803 0.455125502937 0.258864449594
583 2380326.0 256.0 741435.0 58002.0 0.0309 0.5039 1.09805112871 0.45760136129 -1.15380950408
584 2001032.0 322.0 387383.0 40190.0 0.0489 0.5033 1.04666096846 0.460428404029 -0.706067806519
585 2933573.0 431.0 365797.0 46004.0 0.0519 0.5026 0.922865611417 0.463477762917 -1.15549809074
586 1946180.0 308.0 282911.0 40584.0 0.0551 0.5034 0.931841639298 0.459907301528 -0.769446287838
587 2551.0 12.0 641.0 674.0 0.445 0.5473 0.301616636605 0.343785343265 0.893347862869
588 3940.0 81.0 1931.0 245.0 0.0436 0.5152 0.922598404217 0.435501913441 -0.0289687319584
589 5774.0 115.0 1350.0 271.0 0.1079 0.5123 0.89403109736 0.444401931989 0.493699424955
590 5167.0 88.0 1083.0 301.0 0.1167 0.5134 0.727970892587 0.437445152835 0.0794728827239
591 2665694.0 552.0 589245.0 33833.0 0.0173 0.5021 1.14581092616 0.465645307269 -1.55219017473
592 5200.0 24.0 3078.0 837.0 0.1087 0.5277 0.706957869494 0.388910687008 0.17766942694
593 5330.0 193.0 2307.0 162.0 0.0263 0.5144 1.14457369769 0.453026176218 0.286938415967
594 35548.0 96.0 23200.0 1945.0 0.0227 0.5094 0.988454117552 0.439801439195 -1.79847684909
595 2313069.0 467.0 422103.0 33873.0 0.0275 0.5024 1.07713843133 0.464216693023 -1.13656886256
596 6211.0 88.0 1337.0 363.0 0.0992 0.5128 0.721917396608 0.438003957915 -0.0252933237404
597 1710363.0 269.0 351397.0 39977.0 0.0458 0.5038 1.01909081671 0.45824964501 -0.581868420573
598 8345.0 287.0 2390.0 182.0 0.0325 0.5124 1.12859738183 0.459183972173 0.104402472756
599 27608.0 364.0 6237.0 497.0 0.0378 0.5062 1.13852948167 0.461588698257 0.224516310871
600 21778.0 241.0 4219.0 556.0 0.0613 0.5071 0.973323063498 0.456876158344 0.0819916076046
601 2758.0 76.0 868.0 180.0 0.1017 0.5176 0.867395237426 0.433741063057 0.57908491445
602 2631685.0 275.0 814638.0 60382.0 0.0291 0.5037 1.10947874078 0.458529915054 -1.05217396144
603 923.0 127.0 117.0 38.0 0.2393 0.5434 0.837756161789 0.445077246482 0.762417632338
604 2114433.0 296.0 553275.0 45597.0 0.0378 0.5035 1.12419476081 0.459438707373 -0.67769489086
605 2779426.0 370.0 634382.0 49626.0 0.0375 0.5029 1.14111935875 0.461950036343 -0.820985503431
606 2072732.0 310.0 417477.0 42988.0 0.0285 0.5034 0.993033733667 0.459988418284 -1.56606727995
607 2618.0 47.0 1154.0 251.0 0.0955 0.52 0.823825206497 0.418472259534 0.467994739269
608 23467.0 124.0 13913.0 1041.0 0.0212 0.5085 1.03926272583 0.445406525756 -1.19326905987
609 3139.0 39.0 570.0 349.0 0.3869 0.5213 0.587089062017 0.412438772164 0.770978968398
610 3449073.0 471.0 440247.0 50144.0 0.0261 0.5024 0.959565652711 0.464294779899 -1.97857361138
611 1888377.0 357.0 228813.0 34754.0 0.0528 0.503 0.872670496317 0.461571936535 -1.19233616695
612 55001.0 690.0 10454.0 573.0 0.0281 0.5049 1.25845224337 0.467215651049 0.119709334377
613 793.0 102.0 70.0 39.0 0.3191 0.5439 0.659844889057 0.438929758999 0.789123315962
614 102330.0 579.0 29683.0 1244.0 0.0153 0.5034 1.25261152253 0.465978494064 -0.765105292725
615 38.0 12.0 7.0 9.0 0.7814 0.6401 0.34744136762 0.331589043011 0.110084702625
616 2350034.0 360.0 528143.0 42946.0 0.0297 0.503 1.04271406727 0.461661980205 -1.51412392602
617 3419227.0 343.0 740811.0 65101.0 0.0363 0.5031 1.04740478681 0.461137950288 -1.0519304378
618 41362.0 445.0 12162.0 628.0 0.0205 0.5052 1.22591506969 0.463727257976 -0.100096988584
619 4966.0 82.0 2578.0 307.0 0.0398 0.5141 0.933271095244 0.436000063831 -0.503689752589
620 3192994.0 396.0 901478.0 53815.0 0.0274 0.5027 1.24024064943 0.462648530227 -0.880439868679
621 4041744.0 445.0 673509.0 61679.0 0.0337 0.5025 1.08564250269 0.463776341124 -1.07500511844
622 4096.0 98.0 1349.0 218.0 0.0552 0.5151 0.877386362915 0.439962692754 0.0234693904267
623 5736.0 215.0 2525.0 159.0 0.0232 0.5146 1.17696454392 0.4548924794 0.280509730292
624 1276565.0 433.0 254745.0 19938.0 0.0233 0.5026 1.07197719596 0.463517145017 -1.6263693097
625 110721.0 406.0 35798.0 1824.0 0.0184 0.5036 1.20236711904 0.462879539699 -0.587185507452
626 804.0 119.0 149.0 35.0 0.1859 0.5442 0.985172140537 0.448795907888 0.750008239711
627 110078.0 460.0 29591.0 1630.0 0.0192 0.5034 1.15882862268 0.464063087544 -0.637478297937
628 2637212.0 390.0 409637.0 45028.0 0.0436 0.5028 1.01859738307 0.462496529583 -1.00805795477
629 7245.0 126.0 3975.0 316.0 0.0251 0.5113 1.05792628799 0.446330007378 -0.480154325622
630 4083.0 117.0 1263.0 188.0 0.0533 0.5148 0.909998477321 0.443288829414 0.0805237605387
631 1676064.0 446.0 265227.0 25527.0 0.0315 0.5025 1.04039805754 0.463796623836 -1.04361762119
632 131564.0 612.0 32390.0 1525.0 0.0184 0.5031 1.23191945193 0.466396345227 -0.535492679878
633 2880.0 22.0 701.0 494.0 0.2799 0.5298 0.426690469349 0.384574093058 0.437950717112
634 6098.0 100.0 1605.0 321.0 0.0851 0.5126 0.828280155701 0.441022898569 0.0909647191641
635 7377.0 262.0 3097.0 174.0 0.0208 0.5129 1.21290361454 0.458284639746 0.219919289901
636 8040.0 219.0 2495.0 221.0 0.0388 0.5119 1.10439531283 0.455711951134 0.303241334634
637 2286972.0 412.0 366562.0 37267.0 0.0321 0.5027 0.983737950658 0.463039374628 -1.29392932802
638 3165872.0 293.0 934117.0 68861.0 0.0283 0.5035 1.09583784814 0.459314415557 -1.37633936805
639 3003907.0 377.0 515709.0 52788.0 0.0341 0.5029 1.02979767495 0.462146628571 -1.16450012217
640 2960.0 81.0 1077.0 184.0 0.0466 0.5173 0.845319566534 0.435864185806 -0.432469136068
641 7354.0 201.0 1877.0 217.0 0.0606 0.5115 1.06528496062 0.454196233884 0.275310447443
642 2280393.0 443.0 350716.0 34933.0 0.0326 0.5025 1.03611200321 0.463738176988 -1.20945455806
643 53804.0 533.0 11950.0 701.0 0.0213 0.5046 1.19871881573 0.465327688676 -0.0140371945016
644 1615947.0 311.0 417796.0 33423.0 0.0293 0.5034 1.04639522359 0.460028165882 -1.78511719582
645 3514.0 150.0 2250.0 131.0 0.0161 0.5174 1.1141161372 0.449241273901 -0.435033505885
646 2347164.0 469.0 360194.0 34247.0 0.0261 0.5024 1.00499260771 0.464259193728 -1.52619912368
647 1912391.0 320.0 428075.0 38612.0 0.0383 0.5033 1.05497941908 0.460351790396 -1.09362571529
648 2929.0 103.0 1010.0 149.0 0.0662 0.5169 0.950407960353 0.441670992598 0.376778497795
649 79108.0 516.0 21177.0 1061.0 0.0178 0.5038 1.19175822197 0.465094910934 -0.665268054305
650 2001630.0 301.0 187858.0 42559.0 0.0772 0.5035 0.807954592694 0.459641193718 -0.709730805418
651 9815.0 92.0 4266.0 554.0 0.0536 0.5114 0.986808421051 0.438543207399 0.461850982911
652 755.0 107.0 107.0 36.0 0.2348 0.5473 0.811021778748 0.443637463445 0.716693591272
653 1125.0 31.0 606.0 148.0 0.1001 0.5279 0.75279985461 0.401105662881 0.283824896658
654 2495.0 20.0 841.0 459.0 0.2645 0.5322 0.530985580901 0.379016134294 0.52523865387
655 1785675.0 278.0 441544.0 40597.0 0.0408 0.5037 1.06405665069 0.458660066043 -0.653956668852
656 2384648.0 405.0 379745.0 39429.0 0.0416 0.5027 1.01320799299 0.462868915132 -1.17768965541
657 2939654.0 388.0 586830.0 50412.0 0.0416 0.5028 1.09973546816 0.462442168663 -0.849029634846
658 4222.0 19.0 1073.0 807.0 0.2636 0.5329 0.39033871403 0.375960186021 0.239382520582
659 7227.0 109.0 4707.0 355.0 0.0212 0.5114 1.042759964 0.44350133936 -0.64937640308
660 4497.0 23.0 1013.0 747.0 0.3346 0.5287 0.438060574692 0.386760986897 0.523828285384
661 1871328.0 306.0 420216.0 39239.0 0.0468 0.5034 1.10252733376 0.459839038259 -0.670568583172
662 892880.0 183.0 714975.0 28797.0 0.0084 0.5052 1.15205637651 0.452670819997 -3.76420231131
663 12368.0 194.0 2849.0 378.0 0.0394 0.5089 0.931430745045 0.453737358272 -0.599601719437
664 10987.0 248.0 2754.0 272.0 0.0299 0.5099 0.993639735254 0.456531455379 -0.382725692803
665 1186784.0 250.0 256508.0 29499.0 0.0434 0.5041 0.945910025575 0.457283896803 -1.09200366169
666 1852822.0 351.0 407162.0 34593.0 0.0334 0.5031 1.08146801005 0.461388997936 -0.812996879856
667 1122.0 143.0 218.0 42.0 0.1309 0.541 0.977182461829 0.449527590172 0.691653268495
668 1483.0 171.0 161.0 48.0 0.1837 0.5365 0.82858232273 0.450782113801 0.697415292404
669 22919.0 181.0 12691.0 744.0 0.0166 0.5073 1.11451971429 0.452672094053 -0.982492233841
670 7138.0 32.0 3101.0 926.0 0.1198 0.5223 0.68427202377 0.403077700174 0.18052055745
671 215308.0 706.0 39676.0 2209.0 0.0244 0.5025 1.19763831912 0.467494087181 -0.437893038683
672 2143604.0 286.0 386270.0 47585.0 0.0471 0.5036 0.951026793385 0.459021162599 -0.99848652009
673 2998141.0 299.0 341116.0 64107.0 0.0699 0.5035 0.817679340399 0.459559561697 -0.903866130659
674 2617590.0 343.0 778277.0 49837.0 0.0269 0.5031 1.18257398991 0.461136453464 -1.0130017242
675 1817319.0 389.0 616562.0 31096.0 0.0189 0.5028 1.2276347101 0.462471366433 -0.976599734341
676 2589232.0 295.0 416935.0 55996.0 0.0502 0.5035 0.943632964545 0.459395969982 -0.938633199173
677 9354.0 133.0 4474.0 390.0 0.0288 0.5104 1.03207557307 0.44646693012 -0.324136183478
678 12116.0 290.0 4984.0 263.0 0.0192 0.5097 1.22402040416 0.459230624678 0.0729134251971
679 2172140.0 289.0 365638.0 47796.0 0.0585 0.5036 0.951159690864 0.459147294303 -0.815808840492
680 5994.0 74.0 2333.0 403.0 0.0466 0.5138 0.813981627324 0.433194875756 -0.801174839743
681 3895995.0 360.0 918934.0 71199.0 0.0227 0.503 1.07156975029 0.461660284534 -1.3960698355
682 967.0 99.0 157.0 49.0 0.167 0.5379 0.754812219308 0.438738201118 0.553215273592
683 1719252.0 331.0 319429.0 33734.0 0.0462 0.5032 0.998534714333 0.460744460658 -0.864736138338
684 6145.0 48.0 4789.0 583.0 0.034 0.5172 0.882523505858 0.419820230596 -0.873275587734
685 2259.0 226.0 279.0 58.0 0.1314 0.5305 0.944573964954 0.453861797062 0.687582797107
686 2986604.0 291.0 754104.0 65338.0 0.035 0.5035 1.07702074411 0.459231580933 -0.981993596297
687 21128.0 157.0 11542.0 771.0 0.0191 0.5078 1.07385417086 0.449776625743 -1.00381787176
688 2183889.0 275.0 300429.0 50107.0 0.0785 0.5037 0.87099081577 0.45853121764 -0.714415308113
689 1468350.0 326.0 255173.0 29184.0 0.0233 0.5033 0.936115192032 0.460568609088 -3.08777973035
690 1034328.0 349.0 131686.0 19404.0 0.0612 0.5031 0.899372076623 0.461327845084 -0.680334797491
691 5723.0 222.0 2983.0 155.0 0.0162 0.5142 1.18605713104 0.456413071678 -0.0735482489881
692 1712375.0 281.0 378989.0 38581.0 0.0304 0.5037 0.999013074097 0.458798692213 -1.24916064522
693 174316.0 629.0 44706.0 1975.0 0.0156 0.5027 1.22742564758 0.466689390401 -0.865033647049
694 6363.0 43.0 3486.0 657.0 0.0661 0.5187 0.793244695556 0.415205329621 -0.405717291028
695 883.0 150.0 156.0 31.0 0.1595 0.5546 1.01521587323 0.449059408856 0.633596756752
696 3109370.0 371.0 939654.0 55390.0 0.0246 0.5029 1.20910638567 0.461978473802 -0.876540814893
697 5523.0 120.0 1900.0 250.0 0.0497 0.5126 0.928247598045 0.444470343032 -0.291666030255
698 5839.0 95.0 2530.0 320.0 0.0361 0.5132 0.892577630662 0.439118936533 -0.575969434664
699 4196.0 56.0 1174.0 352.0 0.1408 0.5165 0.748866491095 0.425299866633 0.481305449608
700 1955503.0 315.0 225690.0 40012.0 0.0656 0.5033 0.874804073243 0.460174325786 -0.774599742003
701 1878062.0 255.0 199182.0 45913.0 0.0927 0.504 0.772801527501 0.457546684121 -0.722422669961
702 30679.0 302.0 4510.0 648.0 0.0772 0.5059 0.961863110723 0.459783740607 0.0917450810618
703 14857.0 195.0 2961.0 452.0 0.051 0.508 0.928240609219 0.4537937335 -0.0119651183709
704 4773.0 183.0 1975.0 151.0 0.0294 0.5157 1.11864773037 0.45207067175 0.154558141959
705 8287.0 98.0 4838.0 444.0 0.0286 0.5115 1.0071125811 0.44007924802 -0.573363221987
706 737.0 65.0 151.0 53.0 0.1717 0.5355 0.715503521274 0.428285457407 0.589673915188
707 2194712.0 389.0 336517.0 37554.0 0.048 0.5028 0.979443191813 0.462464767345 -0.838373738632
708 13560.0 106.0 4557.0 683.0 0.0416 0.5099 0.893879007616 0.442115091131 -0.354023017588
709 1944148.0 284.0 1087226.0 43413.0 0.0099 0.5036 1.18319601776 0.458932899943 -2.87275416121
710 40812.0 155.0 8031.0 1508.0 0.0773 0.507 0.845775609583 0.449820063708 -0.234376523007
711 1613870.0 552.0 288573.0 20482.0 0.032 0.5021 1.15037747827 0.465646872414 -0.908969250563
712 3019726.0 348.0 777868.0 56794.0 0.0308 0.5031 1.13608500288 0.461297327063 -0.814990808842
713 875.0 81.0 211.0 53.0 0.1504 0.5357 0.860168361071 0.436016943386 0.664855349436
714 1708595.0 418.0 383398.0 27501.0 0.0331 0.5027 1.14589532156 0.463184087111 -0.751046903797
715 17951.0 195.0 8550.0 547.0 0.0202 0.5079 1.11516237455 0.453937881849 -0.431896745897
716 8401.0 76.0 1254.0 553.0 0.1267 0.5128 0.618728035085 0.433757672603 0.0616750984146
