0 6184.0 253.0 422.0 150.0 0.1812 0.5143 0.727840807684 0.457743443749 0.662177122056
1 13402.0 50.0 5299.0 1233.0 0.1029 0.5158 0.799320614762 0.42104522121 0.177354133265
2 53446.0 2289.0 1444.0 193.0 0.1089 0.5115 1.1299976858 0.473043846998 0.646443578836
3 22247.0 750.0 1853.0 214.0 0.0892 0.5101 1.11603309436 0.468326361311 0.522359560125
4 24232.0 391.0 2609.0 410.0 0.0805 0.5067 0.964984189674 0.462518095979 0.259088966612
5 29692.0 600.0 4398.0 348.0 0.0511 0.5071 1.20786515033 0.466141964049 0.404850377928
6 17060.0 586.0 3505.0 203.0 0.022 0.5106 1.18745725223 0.466388819964 0.168772720676
7 27405.0 411.0 6757.0 445.0 0.0308 0.5064 1.19366254645 0.463194752878 -0.109891400248
8 133200.0 811.0 19701.0 1211.0 0.0226 0.503 1.14184778312 0.468384305633 -0.571750823596
9 57720.0 315.0 15379.0 1178.0 0.0297 0.5046 1.07613365469 0.46019205555 -0.995627685287
10 25265.0 863.0 996.0 215.0 0.1455 0.5102 0.890004915015 0.46870344343 0.6701740178
11 30261.0 195.0 9864.0 923.0 0.0286 0.5068 1.00976322176 0.45357270769 -0.863394701366
12 47445.0 765.0 4053.0 452.0 0.0753 0.5056 1.08445898023 0.468103966044 0.589760035413
13 39181.0 777.0 7980.0 367.0 0.0179 0.5065 1.22616693871 0.468115415043 -0.544039660977
14 117872.0 1289.0 6657.0 715.0 0.0727 0.5037 1.09132059248 0.470982450327 0.38441015115
15 12854.0 181.0 2823.0 416.0 0.0573 0.5087 0.902899423256 0.452329892679 -0.294668220832
16 1549.0 394.0 132.0 23.0 0.1612 0.5754 1.06422375871 0.463912302237 0.229031375283
17 144.0 39.0 17.0 14.0 0.5754 0.5984 0.605927012248 0.409380589248 0.451661282305
18 16075.0 177.0 3222.0 531.0 0.0581 0.508 0.911421597338 0.452270226704 0.291971881269
19 97736.0 1308.0 4488.0 585.0 0.0799 0.5043 1.01421381092 0.471036093073 0.423973566328
20 25588.0 449.0 2998.0 385.0 0.0687 0.5067 0.995437247782 0.464106868799 0.182789218395
21 10591.0 42.0 5285.0 1116.0 0.083 0.518 0.795965839025 0.414574772225 -0.0638493095841
22 8843.0 84.0 3994.0 537.0 0.053 0.5122 0.953971983571 0.436031472942 -0.204252229679
23 58758.0 1877.0 5474.0 254.0 0.0316 0.5089 1.3543574228 0.472237789429 0.314929103294
24 20486.0 858.0 1959.0 175.0 0.0706 0.512 1.20220983769 0.469100263073 0.607260670542
25 22702.0 1441.0 623.0 122.0 0.1228 0.5174 0.961686260069 0.471259581603 0.676030004742
26 26681.0 288.0 2816.0 586.0 0.0731 0.5063 0.798933262398 0.459130317505 -0.337162163224
27 59932.0 237.0 21337.0 1555.0 0.0194 0.5052 1.03915630096 0.456455367053 -1.79445159096
28 490824.0 1194.0 31957.0 3194.0 0.0317 0.5017 1.02308647192 0.47052718078 -1.15648437608
29 22934.0 423.0 5458.0 363.0 0.0292 0.5072 1.15537197651 0.463350318765 -0.456867008907
30 1800.0 497.0 42.0 22.0 0.4573 0.5834 0.776898380314 0.467029010514 0.415122254001
31 1013826.0 1146.0 160838.0 6841.0 0.0145 0.5014 1.22713539794 0.470319368896 -1.49189150517
32 112058.0 3155.0 6777.0 307.0 0.0493 0.5075 1.46276651005 0.47405666514 0.522799169181
33 25982.0 1022.0 1124.0 190.0 0.1055 0.5112 0.942768070497 0.469615655796 0.515125845372
34 21448.0 1462.0 424.0 114.0 0.1423 0.5185 0.897161721633 0.471838936201 0.691729074399
35 110223.0 3066.0 2126.0 310.0 0.1171 0.5074 0.970382307249 0.474255232613 0.531342336396
36 19705.0 306.0 3475.0 410.0 0.0639 0.5075 1.02805852037 0.459682736344 0.0171318306537
37 1350.0 368.0 70.0 21.0 0.2674 0.5832 0.951999287298 0.462598374496 0.287808015476
38 4087.0 163.0 720.0 143.0 0.108 0.5156 0.887275988808 0.451857843423 0.402367337798
39 3198.0 666.0 196.0 31.0 0.1668 0.5601 1.11107476169 0.468387331724 0.52579286346
40 36919.0 1596.0 1781.0 183.0 0.0628 0.5119 1.15604840497 0.471710643549 0.511144576854
41 8564.0 442.0 944.0 129.0 0.093 0.5157 1.03817531986 0.46421542746 0.486491276635
42 53782.0 538.0 7951.0 695.0 0.0432 0.5046 1.07493719975 0.465526704561 -0.263157363678
43 58613.0 2697.0 701.0 183.0 0.1642 0.5123 0.878835469892 0.473560244932 0.694360127849
44 9420.0 126.0 1707.0 411.0 0.1151 0.5107 0.795157625435 0.446186688677 0.190626739003
45 12814.0 144.0 2351.0 502.0 0.0959 0.5095 0.816905835387 0.448593471274 0.103266591954
46 19106.0 355.0 3040.0 351.0 0.0526 0.5075 1.00