0 12083.0 234.0 5591.0 908.0 0.0191 0.1137 1.18682697862 0.935647383962 1.59726946419 1.80147355822 -901.973251172 0.942661564059
1 44821.0 286.0 12787.0 5074.0 0.0312 0.0542 1.09938344855 1.05320249302 1.97377885553 2.21437560972 -1296.80319372 0.959591127854
2 1304.0 344.0 90.0 31.0 0.2187 0.5316 0.988872550043 0.632534487406 0.664987665314 0.820416799368 -701.634981128 0.390553359073
3 37318.0 307.0 9436.0 5758.0 0.0372 0.0453 1.1099163541 1.08323497385 1.63639471024 2.33954547007 -1348.268638 0.958477977172
4 30357.0 1699.0 1403.0 477.0 0.0657 0.1887 1.11071146465 0.938241543695 1.34904131074 1.44732968677 -5616.40956221 0.906681364353
5 7852.0 436.0 817.0 324.0 0.0787 0.186 0.944192972322 0.895365917229 1.18527798636 1.49768499145 -1405.12486891 0.88172230528
6 30025.0 216.0 24190.0 588.0 0.0071 0.194 1.19193923945 0.830768384086 2.25784965459 1.45768952675 -889.56971077 0.930896162769
7 1148.0 317.0 68.0 29.0 0.2302 0.5381 0.940871494013 0.637155188646 0.614828570949 0.808722382646 -629.001456187 0.307200938137
8 6303.0 118.0 1920.0 1683.0 0.0743 0.0821 0.975218873684 0.913758343328 1.60297131467 2.15861142836 -495.195800126 0.943037703151
9 7035.0 138.0 2806.0 1080.0 0.0419 0.1062 1.06103049998 0.896923154807 1.73715998136 1.92085698362 -562.782156806 0.955037298109
10 41502.0 2057.0 1057.0 534.0 0.1111 0.2168 1.03915480036 0.884436992401 1.81750222181 1.35871956922 -7460.98416226 0.945394192022
11 60107.0 785.0 6809.0 4766.0 0.0493 0.056 1.13502091666 1.14520274096 1.86057057733 2.04429048456 -3368.80920625 0.960536865207
12 10692.0 208.0 3371.0 676.0 0.0366 0.1389 1.05618347732 0.892617051419 1.71505360276 1.6867170299 -799.798544802 0.915455704202
13 17783.0 759.0 2024.0 571.0 0.0677 0.1923 1.25928619818 0.897052371522 1.85944917373 1.42871941776 -2830.47961208 0.953224564073
14 1463.0 340.0 104.0 36.0 0.1667 0.4971 0.971231150988 0.652867374552 0.685190421552 0.88678482974 -726.27481948 0.481548827687
15 58746.0 182.0 39577.0 4524.0 0.0118 0.0561 1.14229597296 1.00158062134 1.86591587095 2.31307307233 -826.170765663 0.95944672796
16 34358.0 266.0 8394.0 5085.0 0.0421 0.053 1.04983974175 1.04871419974 1.90723517224 2.25089199869 -1201.07799293 0.962117581816
17 16830.0 145.0 9466.0 2036.0 0.0208 0.0773 1.0876652289 0.941654845341 1.71179934451 2.14068584624 -618.132096665 0.958781233189
18 6483.0 288.0 586.0 557.0 0.1253 0.1372 0.809994250671 0.924475525366 1.32991020986 1.68608266003 -1015.90658329 0.923623515082
19 41851.0 414.0 7992.0 2789.0 0.0307 0.0548 1.03068774992 1.0946747169 1.1600314161 2.18228622101 -1611.38431384 0.918075428278
20 60036.0 343.0 12027.0 4819.0 0.0333 0.0502 0.988319527604 1.08279909672 1.69357957974 2.24218630921 -1489.64293136 0.93937723844
21 12999.0 285.0 1460.0 1107.0 0.0933 0.1314 0.867967805832 0.922964091928 2.13981701903 1.66589547701 -1194.06346359 0.96435785778
22 8149.0 213.0 1797.0 608.0 0.0464 0.1132 0.940189129448 0.934404052724 1.02421287567 1.85536995335 -737.900590094 0.889848025937
23 28733.0 440.0 9589.0 1836.0 0.0187 0.0888 1.29309420357 1.02492759734 1.80794007901 1.85989222633 -1795.61293098 0.950808405339
24 106.0 25.0 12.0 12.0 0.7296 0.7278 0.403900812125 0.296354994186 1.31798545686 0.447812810904 -54.4865799059 0.685822286753
25 17830.0 489.0 1619.0 702.0 0.1067 0.2267 1.0100694689 0.841056669284 2.53698135627 1.32002064198 -2085.59400802 0.969902644844
26 15743.0 407.0 1884.0 1575.0 0.096 0.0945 1.05171422723 1.00874765144 1.76889653845 1.83573351084 -1638.69073492 0.951270688017
27 31375.0 560.0 4275.0 1332.0 0.031 0.0874 1.05478538787 1.05291175406 1.27156086475 1.87413820757 -2054.84332027 0.911851654888
28 27688.0 1358.0 1564.0 526.0 0.0576 0.1713 1.07990708028 0.960340706949 1.30746450499 1.49885121253 -4513.52828627 0.898913711884
29 4053.0 95.0 1483.0 768.0 0.0684 0.1243 0.963165637072 0.841098441287 1.72494665441 1.88567818563 -383.412167659 0.950832684614
30 977.0 218.0 102.0 32.0 0.1625 0.4919 0.917606900033 0.629777252858 0.669293748923 0.91702318018 -470.734783409 0.492596552239
31 31114.0 660.0 2907.0 1950.0 0.0553 0.0852 1.04148464937 1.06412655076 1.69164230883 1.85146218276 -2625.44135993 0.953096553417
32 32671.0 664.0 1899.0 2173.0 0.0712 0.0812 0.924786306511 1.0724923133 1.72405071026 1.87387684455 -2672.86428862 0.949509796063
33 53782.0 538.0 7951.0 5875.0 0.0432 0.0435 1.07493719975 1.14731004782 1.56695392109 2.25111926971 -2290.1098152 0.956931199611
34 21278.0 1475.0 649.0 305.0 0.1182 0.2465 0.953685241629 0.85211189267 1.45983946823 1.31016106353 -4813.30149741 0.908981695966
35 34725.0 344.0 5958.0 1696.0 0.0351 0.0714 0.942210649784 1.04120900127 1.19689056297 2.05063994896 -1303.10554942 0.881356737385
36 19999.0 179.0 3451.0 3318.0 0.0668 0.0607 0.8467049776 0.991766264505 1.68090528184 2.26841620542 -780.097998218 0.950019925294
37 10676.0 145.0 1945.0 1931.0 0.0904 0.088 0.814131059114 0.924780564808 2.00258751503 2.02839475338 -636.759794953 0.966376079793
38 44377.0 296.0 7953.0 7208.0 0.0441 0.0412 0.965005312813 1.08980595869 1.64870132301 2.41672615318 -1323.97892949 0.961781697712
39 26321.0 629.0 5003.0 509.0 0.0162 0.1748 1.14018824458 0.918440229135 1.55165310647 1.49619074721 -2217.94375038 0.903320332423
40 16179.0 1021.0 1146.0 310.0 0.0701 0.2376 1.15188492034 0.855694494095 1.47927416881 1.33134201959 -3370.44152558 0.913558710615
41 53601.0 204.0 23095.0 4443.0 0.0201 0.0464 1.05962006053 1.03661919361 1.24269456473 2.46584623884 -862.784494282 0.93594056861
42 25125.0 1096.0 3417.0 452.0 0.0281 0.2 1.29091552322 0.903943425006 1.5459843679 1.41602002244 -3773.0825951 0.919474553408
43 34651.0 2109.0 481.0 440.0 0.2144 0.2379 0.837442069734 0.856021440402 1.79332270554 1.31343827997 -7512.21321465 0.945957611055
44 104517.0 1282.0 5620.0 6585.0 0.0727 0.0637 1.04860251423 1.15968350293 2.42535962033 1.91282628182 -5958.54472684 0.977394358036
45 3435.0 530.0 496.0 71.0 0.0585 0.3813 1.20571875862 0.744502451315 0.762795323025 1.08517644771 -1287.77952834 0.683597366913
46 36135.0 948.0 3349.0 1306.0 0.0428 0.0952 1.07970282381 1.07521011456 1.29350133087 1.7924402937 -3417.83448007 0.917609141706
47 19966.0 807.0 2340.0 431.0 0.0529 0.2389 1.24122214649 0.838394237162 1.97296276741 1.31057265415 -3006.28394899 0.935791162535
48 30215.0 185.0 13655.0 1916.0 0.0217 0.0734 1.06510020959 0.974269833833 1.48217240749 2.13454060922 -755.209243086 0.90857265487
49 31896.0 1378.0 4482.0 538.0 0.0258 0.1773 1.39727965366 0.947354737539 1.42304983407 1.47720651998 -4682.39400616 0.912783919996
50 60076.0 2532.0 801.0 968.0 0.1637 0.1648 0.840861073261 0.966953756075 1.88603906804 1.48572218268 -9634.37003783 0.955789745447
51 10211.0 913.0 680.0 170.0 0.107 0.3085 1.13485516388 0.776256047309 1.3692276791 1.19427096025 -2799.46806213 0.886685452939
52 48455.0 1390.0 7478.0 787.0 0.0135 0.1342 1.36161866935 1.02279028845 1.27226983622 1.61597168739 -4744.15631976 0.896167698534
53 4248.0 103.0 763.0 688.0 0.1279 0.1441 0.746620177716 0.826965724454 1.95954171393 1.746588309 -422.789171057 0.955888421646
54 13458.0 268.0 3643.0 938.0 0.0319 0.1016 1.06340370729 0.967002081352 1.33211880103 1.86686616222 -993.918725908 0.923337258398
55 41016.0 1811.0 1905.0 701.0 0.0774 0.1728 1.12833378035 0.952700758778 1.65487098887 1.47639877843 -6509.68682752 0.936095527915
56 50627.0 666.0 10367.0 3452.0 0.0262 0.0586 1.26777134376 1.12630405189 1.57365682518 2.05232651942 -2713.08997547 0.948514700618
57 55448.0 578.0 10560.0 4474.0 0.0316 0.0521 1.19393458978 1.12953462847 1.66130716859 2.12964329943 -2435.60714934 0.949779167223
58 112176.0 206.0 67920.0 7295.0 0.0121 0.0363 1.13809578759 1.06231297247 1.05516552702 2.68282143948 -889.169927315 0.941036428266
59 45091.0 268.0 10777.0 7506.0 0.0385 0.0426 1.0395020226 1.07457772591 1.78692241904 2.41265784101 -1225.07540432 0.95633580738
60 16674.0 626.0 1094.0 844.0 0.115 0.1381 0.936921533175 0.968002330055 1.68860007929 1.60986789666 -2347.11764643 0.943364574913
61 13338.0 27.0 5194.0 13650.0 0.1712 0.0831 0.630106509599 0.736530717267 3.15455644109 2.97775966237 -164.804312344 0.949299359848
62 63814.0 1385.0 7064.0 1600.0 0.0251 0.0887 1.23696320985 1.1115015833 1.2936032952 1.80738798814 -5014.31538696 0.911690440711
63 57149.0 1184.0 3578.0 2280.0 0.0485 0.0753 1.04658074152 1.13016164826 1.45130082285 1.88517043474 -4521.98175009 0.929951097231
64 91478.0 150.0 65615.0 2689.0 0.012 0.046 1.07963657783 1.00541243065 0.167123178681 2.68416322507 -564.207246187 0.866438719414
65 2886.0 412.0 409.0 65.0 0.0464 0.3652 1.06401730767 0.768266965637 0.514278999278 1.14254014726 -947.910098626 0.56624386274
66 43873.0 1023.0 2524.0 1457.0 0.0647 0.1243 0.992112643104 1.01274285612 2.012183001 1.62667540222 -4136.97861867 0.955959497603
67 12233.0 148.0 2889.0 3011.0 0.0751 0.0751 0.928778638514 0.945564295154 2.14904887005 2.13217474715 -681.040686642 0.961164556557
68 26883.0 692.0 3744.0 1601.0 0.0471 0.0908 1.21497965163 1.05816795338 1.55825007452 1.82282818906 -2659.81872999 0.941983531055
69 7535.0 257.0 701.0 800.0 0.1289 0.1259 0.813826674657 0.926166756676 1.65621221563 1.72579975394 -984.483841608 0.947441598146
70 8117.0 162.0 1662.0 876.0 0.051 0.1048 0.889415947732 0.916174251339 1.39941540233 1.92065533126 -617.691108936 0.933650099002
71 27262.0 1489.0 6012.0 242.0 0.012 0.2911 1.52445396252 0.791530914237 1.59847003981 1.2162818171 -4904.06397533 0.910733251725
72 44036.0 584.0 7471.0 3907.0 0.0401 0.057 1.19991032859 1.1177767605 1.69631354734 2.07721128906 -2448.21216948 0.95444821753
73 33453.0 2022.0 793.0 430.0 0.1648 0.2354 1.00393933125 0.859901106572 1.74536885594 1.32102430378 -7129.66829878 0.943445766806
74 21378.0 306.0 5355.0 2583.0 0.0393 0.0627 1.12436667582 1.04468418096 1.45459104331 2.13469358263 -1242.92422225 0.949706389807
75 1672.0 244.0 338.0 54.0 0.0599 0.3746 1.02304885639 0.722285877995 0.542753081566 1.14638074509 -567.922125803 0.586315566892
76 57147.0 430.0 7841.0 6180.0 0.0428 0.045 0.977475550998 1.11929546692 1.73312645725 2.26351846792 -1888.99816682 0.955739099722
77 20520.0 737.0 1140.0 850.0 0.1059 0.1502 0.935241170509 0.956379777176 1.83270072163 1.55416104205 -2816.33159626 0.951448730807
78 55906.0 657.0 11203.0 2290.0 0.0154 0.0788 1.18573749534 1.0768648509 1.72748094545 1.89002063852 -2656.12590995 0.95051394939
79 37844.0 2083.0 522.0 566.0 0.1984 0.2076 0.803488419641 0.898523748503 1.7837732076 1.38159100943 -7535.08390223 0.947643212693
80 2042.0 430.0 190.0 44.0 0.0991 0.4562 1.04667641859 0.698133167489 0.601089056204 0.962253987457 -927.025945138 0.483194231909
81 2141.0 462.0 142.0 44.0 0.1631 0.4753 1.04491209821 0.668982719594 0.765816174577 0.913806812059 -1032.44071885 0.580567221035
82 22698.0 920.0 1056.0 762.0 0.1096 0.1632 0.993717328996 0.946033795761 1.81099922082 1.5079435253 -3458.7611362 0.951440814636
83 37235.0 1461.0 2667.0 662.0 0.0468 0.1706 1.19691468351 0.95289334268 1.60080369112 1.48770002854 -5200.29416207 0.924394429017
84 26246.0 315.0 2216.0 4738.0 0.096 0.0551 0.844173747002 1.06150457145 1.92588186529 2.18618274586 -1408.57437665 0.962664775858
85 37443.0 615.0 8581.0 2246.0 0.0253 0.0796 1.30370448382 1.06974757621 1.7419921977 1.88974813267 -2493.61405254 0.949399343366
86 8594.0 146.0 3036.0 1028.0 0.0477 0.1276 1.04537792753 0.874376336239 2.12177035079 1.76459079262 -621.900642991 0.966771765191
87 34876.0 566.0 4659.0 1536.0 0.0311 0.0886 1.05316300241 1.04802883003 1.50339480348 1.85320374906 -2167.48581451 0.925956443241
88 32048.0 186.0 8218.0 6122.0 0.0427 0.0432 0.965967583835 1.03264412149 1.40899166721 2.54889202239 -823.284757999 0.941596368805
89 47899.0 373.0 5723.0 5261.0 0.0509 0.0449 0.889236368857 1.10561825346 1.50514611973 2.30646676258 -1590.1477706 0.93882107241
90 27483.0 1655.0 527.0 386.0 0.1606 0.245 0.896964855218 0.845728697525 1.74080575143 1.30182599906 -5799.32475642 0.938209724062
91 43967.0 1491.0 1267.0 1053.0 0.0989 0.1519 0.961859944296 0.978372532805 1.9321124464 1.5271588283 -5791.10587492 0.954795288793
92 17456.0 180.0 2951.0 3486.0 0.072 0.0675 0.845863771251 0.978883650935 2.05575940743 2.1667750645 -820.304828843 0.956238489608
93 11411.0 295.0 1851.0 1163.0 0.0608 0.0805 0.961410580583 1.01236213815 0.98968967546 2.01666103974 -1063.08735476 0.913382880664
94 52720.0 505.0 10272.0 3740.0 0.0234 0.0516 1.11486179667 1.11985607125 1.40545308353 2.16909260122 -2049.46608953 0.939320623149
95 4778.0 565.0 152.0 116.0 0.2214 0.3402 0.777706141386 0.743649631756 1.21646088437 1.14540743108 -1627.17632385 0.858134928488
96 55341.0 563.0 6389.0 4358.0 0.0425 0.0548 1.00085634901 1.11965041636 1.75155992438 2.10116286114 -2396.90053704 0.951002302183
97 9008.0 207.0 3673.0 448.0 0.0272 0.2041 1.15000117856 0.818425746078 2.05185306183 1.44052758171 -810.547613718 0.921368315714
98 44695.0 667.0 5209.0 3195.0 0.0502 0.067 1.07816672301 1.10403240938 1.78962750244 1.96992833859 -2779.14034323 0.958042365577
99 44413.0 2301.0 4565.0 441.0 0.0301 0.2333 1.53382124707 0.864171645431 1.73152660779 1.32584676632 -8096.17425743 0.940292527581
100 6256.0 260.0 449.0 603.0 0.155 0.1388 0.726252238976 0.912497215218 1.50178368375 1.67747349961 -951.115480053 0.931470798012
101 7753.0 226.0 797.0 946.0 0.1177 0.1146 0.821164225336 0.930473359427 1.6811816346 1.79582346545 -885.265438325 0.950056359699
102 41890.0 290.0 7520.0 7053.0 0.0459 0.0468 0.99151457578 1.0718984635 2.00091207582 2.31048429041 -1346.03895438 0.969522157488
103 43356.0 961.0 1558.0 2627.0 0.1301 0.0889 0.839202907612 1.07877844018 2.06462368155 1.7872302097 -4065.27522041 0.966204830377
104 31921.0 219.0 8350.0 3272.0 0.037 0.0633 0.970843080265 1.00767905427 1.80753916502 2.17803974931 -957.370287281 0.944649289192
105 39270.0 103.0 18983.0 2578.0 0.0257 0.0703 0.905272163703 0.915571584319 1.65470850713 2.33230411969 -452.876847846 0.922788712293
106 20895.0 1263.0 1574.0 342.0 0.0728 0.2371 1.25510023395 0.857454984288 1.5561854088 1.3275690108 -4250.01840999 0.910598194528
107 1209.0 277.0 136.0 33.0 0.1445 0.5006 1.02116773763 0.632692325627 0.69606545549 0.883302839163 -593.194179273 0.491313099047
108 8475.0 32.0 7203.0 529.0 0.0423 0.1113 0.793823126016 0.740511264508 0.153148301705 2.59943755481 -117.11229436 0.740586254933
109 6289.0 44.0 1264.0 2775.0 0.1927 0.1149 0.577399594329 0.767717111887 3.02205520758 2.129695941 -234.974664081 0.972205321213
110 944.0 30.0 325.0 238.0 0.1614 0.1949 0.599622972271 0.673573487249 1.39104678292 1.84730619217 -112.074159026 0.89585154495
111 3249.0 35.0 1130.0 1035.0 0.1242 0.1204 0.632325969223 0.740024295075 1.82087571603 2.2624320669 -156.068330977 0.950345284706
112 20179.0 122.0 4133.0 8421.0 0.1188 0.062 0.863198959551 0.944639986212 2.84692794987 2.31573936302 -650.523414114 0.976595514826
113 4675.0 48.0 2685.0 1630.0 0.0601 0.0846 0.864649401402 0.81078103762 1.20075729801 2.55454295982 -205.957598652 0.937911409662
114 4291.0 48.0 994.0 1324.0 0.1604 0.1255 0.609957633285 0.768853905054 2.41070713582 2.0337900018 -227.313470981 0.96535855825
115 2399.0 11.0 1232.0 1200.0 0.2082 0.1682 0.430107931183 0.560817869235 2.18040656511 2.75244518367 -56.8647257255 0.929755814735
116 5036.0 119.0 1258.0 714.0 0.0855 0.137 0.887418348358 0.847327004999 1.86341177891 1.76247986738 -480.47892721 0.955724667376
117 3327.0 20.0 2086.0 554.0 0.1147 0.3079 0.665049980158 0.564158810261 3.56864479358 1.39790661273 -106.648562117 0.823043796137
118 4017.0 50.0 923.0 1168.0 0.177 0.14 0.621906840321 0.760235257521 2.56520076897 1.91002570852 -238.404933729 0.964788407561
119 3463.0 71.0 1803.0 350.0 0.0488 0.2103 0.936677035445 0.736798539729 2.06971773406 1.5288555135 -284.69480545 0.922913753699
120 12713.0 57.0 2595.0 5350.0 0.1678 0.092 0.626583563339 0.818996605367 3.21422618572 2.2386629687 -318.697999322 0.96923761023
121 6134.0 43.0 2715.0 1947.0 0.0994 0.1147 0.785862157988 0.766218722744 2.58037261945 2.16387632704 -214.413040522 0.957077443013
122 7148.0 67.0 1103.0 3637.0 0.1594 0.0663 0.580855512011 0.871500882105 1.62983693405 2.60402649851 -310.673306298 0.95170658117
123 1444.0 28.0 469.0 489.0 0.201 0.1851 0.587248329496 0.668068759437 2.23316655757 1.84881583635 -123.984987546 0.964029990383
124 6481.0 50.0 2326.0 2612.0 0.0994 0.0886 0.747042412115 0.809529082998 2.13092547426 2.40192627445 -241.203282507 0.967813151832
125 4969.0 90.0 1340.0 902.0 0.11 0.1505 0.876694602607 0.806379252095 2.41272364656 1.71632590669 -402.733420107 0.971963875846
126 11817.0 11.0 5958.0 3364.0 0.1842 0.1358 0.423406464709 0.573486652326 1.68186866871 3.503488656 -60.44138387 0.719022172784
127 7303.0 105.0 2412.0 1369.0 0.076 0.1315 0.98456857423 0.838885497407 2.58443798814 1.77656054811 -491.088947979 0.97686947192
128 3307.0 57.0 1343.0 696.0 0.0855 0.1237 0.821444152616 0.791357153352 1.54643867157 2.04213784886 -230.480630066 0.932483112202
129 2999.0 24.0 1333.0 1738.0 0.1437 0.1011 0.608926702532 0.70833151724 1.15440113209 2.89618072164 -110.324786749 0.945470073028
130 8226.0 106.0 2260.0 1400.0 0.0609 0.0722 0.822709448256 0.919158529085 0.831333236309 2.36205768663 -407.758652819 0.916496659355
131 3971.0 38.0 1343.0 1682.0 0.1366 0.0983 0.648430876854 0.768355950857 1.72250052532 2.47216920051 -174.021013146 0.956489998366
132 1592.0 11.0 772.0 1856.0 0.2822 0.1273 0.436291875565 0.577124886715 -1.14402437487 4.23548615605 -52.214653472 0.81485815835
133 8543.0 100.0 1360.0 2003.0 0.1601 0.1232 0.734786953221 0.843006549186 2.87696425192 1.8239609676 -497.963168672 0.979909774785
134 4777.0 56.0 2986.0 847.0 0.0436 0.113 0.895055311978 0.799370323164 1.51962163092 2.13395305561 -230.148519004 0.938382563078
135 4209.0 61.0 1776.0 889.0 0.07 0.0889 0.811758383686 0.836432221958 0.644012897389 2.41696617514 -230.610086647 0.913248038787
136 4709.0 85.0 1257.0 770.0 0.0778 0.1214 0.808669904119 0.833713898439 1.66652592096 1.93296979101 -342.892816698 0.942789524519
137 3228.0 54.0 1360.0 847.0 0.0902 0.1227 0.844767575001 0.78552688296 1.79035353015 2.04886245486 -228.940422252 0.950404650746
138 3093.0 11.0 2239.0 1295.0 0.1621 0.1865 0.551921697518 0.552511391071 2.92253113694 2.43941016336 -60.4106006872 0.924874564287
139 14540.0 111.0 3001.0 3827.0 0.0897 0.0762 0.808094827491 0.912954012988 2.45041276884 2.19021498898 -543.740859581 0.978459355933
140 3554.0 37.0 554.0 1317.0 0.3205 0.1792 0.446739687961 0.698058222724 3.2998462667 1.74723253206 -196.781054921 0.973923425977
141 3211.0 74.0 1406.0 407.0 0.0627 0.1952 0.921171263498 0.752182964028 2.07675352382 1.57612867049 -300.131163178 0.947836614801
142 6109.0 28.0 1467.0 5134.0 0.2219 0.0827 0.458050168002 0.742587727116 1.87360499096 3.02769228186 -145.617636939 0.934056490166
143 1373.0 35.0 601.0 344.0 0.1273 0.1943 0.757490415929 0.685416877888 1.93216161326 1.74878717017 -142.924415097 0.946770859379
144 8113.0 69.0 3834.0 973.0 0.0486 0.1233 0.849833254033 0.80946030178 2.01684077524 1.95322165623 -299.288259705 0.919820372818
145 2020.0 23.0 1161.0 576.0 0.1158 0.1816 0.683438051751 0.64878596426 2.33700381436 1.94908513998 -105.862788567 0.943327641316
146 3549.0 73.0 673.0 703.0 0.1584 0.157 0.693185288048 0.782402207412 2.23697717348 1.73248046949 -316.303767735 0.958495196973
147 5695.0 47.0 1906.0 2338.0 0.1252 0.1046 0.728344301786 0.785503773871 2.54970277459 2.22142922926 -235.327859525 0.974051156573
148 3730.0 35.0 1494.0 1109.0 0.1242 0.1381 0.67891131265 0.724501723284 2.40375031496 2.06475717744 -166.43723613 0.967878144657
149 1458.0 58.0 567.0 228.0 0.1005 0.2239 0.873340698044 0.712462996627 1.71249310154 1.53474842461 -214.571811934 0.91757003139
150 6306.0 88.0 976.0 1588.0 0.1398 0.0993 0.663658542155 0.859561585058 2.06028602365 2.06037975722 -393.086023427 0.962878847859
151 4625.0 67.0 2370.0 605.0 0.0478 0.1318 0.879373119376 0.800332300017 1.57341378999 1.93362626871 -265.352016361 0.930710167887
152 47795.0 24.0 47180.0 2137.0 0.0428 0.0899 0.747178408386 0.716862805328 0.505431981706 3.21394010469 -108.057942775 0.852520141695
153 2429.0 35.0 1043.0 545.0 0.1109 0.1673 0.699649531801 0.70409637719 2.09273836109 1.88274626962 -151.882944914 0.910277618292
154 3186.0 29.0 1155.0 1359.0 0.1456 0.1194 0.611361717431 0.717908685353 2.0315897471 2.37170707892 -136.891151946 0.959906593581
155 3437.0 43.0 858.0 1348.0 0.177 0.1168 0.604042802168 0.765309783137 2.17297056547 2.16776678826 -200.044435294 0.96771006981
156 9421.0 102.0 998.0 3252.0 0.2217 0.0923 0.612842983871 0.881368303836 2.7584995449 2.04425191479 -514.425038674 0.967814665969
157 5914.0 72.0 998.0 1952.0 0.1504 0.0876 0.628336664726 0.852552356781 1.89208426449 2.25340889496 -324.445005899 0.953915416923
158 4168.0 15.0 2184.0 3979.0 0.1921 0.1177 0.551083412466 0.630510107714 2.14526414371 3.1683681623 -82.8069410164 0.944893259541
159 963.0 44.0 369.0 138.0 0.1252 0.3 0.785609793158 0.638503575143 1.84751911717 1.33646164666 -159.929279595 0.918226449536
160 9068.0 67.0 2533.0 3409.0 0.1108 0.0872 0.773795176555 0.843280946649 2.57777187427 2.2471294314 -338.451381705 0.975281873374
161 5563.0 66.0 779.0 2322.0 0.2569 0.1078 0.558845372114 0.818467998608 2.72335529433 2.04647557041 -330.931633311 0.96197665227
162 1249.0 32.0 392.0 257.0 0.2325 0.3288 0.69596140885 0.594556510517 2.80880809104 1.26692117027 -143.506471346 0.976220163052
163 3344.0 88.0 647.0 505.0 0.195 0.2243 0.834810995609 0.740723681189 2.58468137034 1.4341144289 -387.460543267 0.971664944394
164 3909.0 15.0 2198.0 1665.0 0.1489 0.104 0.524516990657 0.638592787879 -1.82216404064 4.14119525042 -64.8384600346 0.8568615969
165 8518.0 75.0 5450.0 1079.0 0.0319 0.125 0.966876059899 0.815399307651 2.19025877401 1.9088998586 -333.269495384 0.9506561052
166 4699.0 55.0 770.0 1991.0 0.2048 0.1038 0.561654751483 0.803936336022 2.38439218015 2.16729812747 -265.363237623 0.965874333543
167 679.0 33.0 453.0 70.0 0.0672 0.3748 0.808489634361 0.575688560992 1.61187215965 1.19477369319 -108.502470016 0.782522468657
168 2629.0 153.0 724.0 164.0 0.069 0.2698 1.02030282182 0.746060013986 1.49134264867 1.31955464793 -505.050328051 0.895162797903
169 6974.0 60.0 1042.0 3147.0 0.2126 0.0913 0.537201235387 0.826370243908 2.58146378176 2.24912039073 -303.40047614 0.955765310701
170 3919.0 63.0 639.0 1195.0 0.1511 0.0979 0.585309870593 0.827248604105 1.54939663002 2.22274477733 -265.674901571 0.940927634143
171 957.0 30.0 375.0 180.0 0.1213 0.2333 0.644840004978 0.648306432896 1.60046254202 1.64262964657 -111.234920699 0.884503857056
172 5343.0 47.0 1226.0 2459.0 0.1909 0.1081 0.611102199647 0.781790916014 2.71678527763 2.17776421299 -240.275142463 0.96598899064
173 1190.0 26.0 301.0 440.0 0.285 0.2068 0.503956562462 0.646178288532 2.4142183843 1.74756110173 -117.047403887 0.941022456413
174 6504.0 38.0 3229.0 2030.0 0.0878 0.0897 0.75205353374 0.776445188702 1.5579079814 2.60963247235 -174.34964796 0.908299822468
175 6689.0 77.0 1468.0 1712.0 0.1289 0.1077 0.70967437598 0.83538211624 2.36576533902 2.01653040181 -360.598240263 0.963612575343
176 4378.0 60.0 3662.0 157.0 0.0236 0.1991 0.92598846915 0.741699830449 0.807119969223 1.69842085601 -188.60073732 0.699411016352
177 3817.0 19.0 2878.0 1069.0 0.0901 0.1544 0.686844113005 0.642195513724 2.43824392988 2.27662287052 -94.2508211048 0.950979734882
178 8951.0 142.0 1569.0 1549.0 0.072 0.0696 0.786605810285 0.955232500984 0.951981673689 2.28389076709 -546.58700033 0.923539685138
179 2963.0 26.0 1045.0 975.0 0.1463 0.1307 0.56613794461 0.697113734966 1.85913383552 2.3374476848 -118.473447256 0.900209966244
180 2864.0 71.0 730.0 470.0 0.1313 0.1863 0.769733665649 0.755190640427 2.15593110912 1.61177442873 -295.210776491 0.954309121063
181 1295.0 79.0 594.0 88.0 0.0556 0.3447 0.95325621679 0.650951763695 1.46127594328 1.19751767073 -249.150888659 0.837951529017
182 2561.0 49.0 688.0 574.0 0.119 0.1431 0.670521512196 0.758179650905 1.72656005589 1.94348948765 -200.494377553 0.943575262124
183 7621.0 32.0 6842.0 760.0 0.0387 0.1154 0.804072271255 0.734990324739 1.07698770107 2.43815760351 -130.785546531 0.887609108238
184 8899.0 114.0 1275.0 2504.0 0.1601 0.0999 0.773103623286 0.88310289524 2.64920965186 1.95838740538 -556.226499158 0.972835851167
185 5560.0 75.0 673.0 1873.0 0.2386 0.116 0.574067771548 0.823129988745 2.66962806931 1.94672534497 -366.639423716 0.964364196144
186 3820.0 36.0 1518.0 691.0 0.0991 0.1255 0.648825587217 0.739833311108 1.41807595617 2.23174697869 -148.598794052 0.816086545731
187 4479.0 90.0 1362.0 772.0 0.0776 0.1105 0.835040997312 0.852295622491 1.39229529336 2.01153575986 -350.660277431 0.926483485767
188 4934.0 56.0 1216.0 1638.0 0.1777 0.1267 0.711129987345 0.783008889342 2.71841431802 1.95591332762 -276.596407466 0.9732473336
189 7935.0 60.0 1431.0 4301.0 0.1574 0.0587 0.563295237575 0.868768798947 1.10495614426 2.88124066905 -272.863045469 0.926993396548
190 3661.0 42.0 1069.0 1220.0 0.1657 0.1505 0.671149486018 0.732963754948 2.79770613892 1.88701370979 -208.139817869 0.975270195869
191 2615.0 15.0 2209.0 499.0 0.0914 0.1537 0.639522511474 0.614134200457 0.848196064094 2.68196221015 -62.6704043359 0.822013181998
192 893.0 40.0 457.0 149.0 0.0896 0.246 0.825439780657 0.668706664775 1.46012489043 1.54158406921 -139.667096659 0.905646392334
193 4784.0 17.0 3824.0 1449.0 0.0897 0.117 0.663250636217 0.65038127057 0.90823167075 3.0922798809 -78.6959005894 0.921741495947
194 5566.0 80.0 721.0 1304.0 0.2126 0.1426 0.59887195584 0.802652441908 2.73030166567 1.76691298906 -384.203185331 0.975050438254
195 22001.0 12.0 21578.0 2830.0 0.0866 0.111 0.603542767252 0.597820716788 -2.67778920589 4.83622489121 -56.217378584 0.875143226905
196 3398.0 11.0 2915.0 1315.0 0.1216 0.1401 0.576684434764 0.572374780575 0.261417418269 3.57934165322 -52.2332338975 0.944811180056
197 6513.0 95.0 892.0 1614.0 0.1641 0.1079 0.665271453011 0.856250850684 2.31295376937 1.95866039145 -435.997542805 0.967629043122
198 1992.0 17.0 1765.0 311.0 0.0747 0.2018 0.675462741787 0.604672036628 1.77384551123 2.01866464725 -71.389275475 0.855447235997
199 6989.0 51.0 4935.0 700.0 0.0374 0.1046 0.873961960044 0.799529338781 0.855746982213 2.31386409688 -194.412117891 0.864873365279
200 5043.0 70.0 655.0 1342.0 0.2887 0.1648 0.581555898679 0.769703224432 3.0915036327 1.67063743986 -354.580112653 0.975794813682
201 2223.0 13.0 1300.0 579.0 0.1684 0.2353 0.509440145465 0.55322986249 2.979701881 1.88525611439 -66.6011630358 0.786172844062
202 5330.0 79.0 638.0 1731.0 0.2518 0.1211 0.578247584849 0.822793523228 2.68351692518 1.89754798562 -384.052575216 0.96600049345
203 16357.0 24.0 15898.0 1050.0 0.0441 0.1012 0.747089410827 0.709547455609 0.170769939669 3.0163452745 -98.6098718706 0.847504651401
204 4645.0 12.0 4322.0 1024.0 0.0961 0.1566 0.602854850541 0.579199910272 1.64185110831 2.84940450186 -58.4399138684 0.901862812072
205 5099.0 85.0 1488.0 1299.0 0.0917 0.0845 0.825269837609 0.876676231996 1.23978853987 2.26921743419 -343.069531243 0.940836300209
206 5120.0 36.0 1927.0 2874.0 0.1464 0.0971 0.706164092164 0.761720139427 2.36050115403 2.4794166083 -182.544266031 0.960927601978
207 2924.0 49.0 491.0 1038.0 0.2012 0.1187 0.536371644535 0.778287161662 1.93160954756 2.10864713288 -215.921241181 0.941071241578
208 8431.0 116.0 2098.0 1399.0 0.0953 0.1277 0.90067385502 0.852083434386 2.53233797865 1.78162465344 -537.700888608 0.978356745285
209 6032.0 63.0 944.0 1804.0 0.1766 0.122 0.599734483387 0.799293795244 2.74209044346 1.95224897786 -312.313472281 0.974052460285
210 2631.0 18.0 1936.0 547.0 0.0996 0.2388 0.67532931893 0.588701259959 3.00838846829 1.70590110688 -90.2815375467 0.896766887644
211 3587.0 24.0 1617.0 1185.0 0.1247 0.0985 0.581178111525 0.7113643558 0.162919171621 3.07163559915 -100.019422263 0.868170413087
212 4705.0 29.0 1763.0 2300.0 0.1471 0.1011 0.605710597034 0.732088882177 1.9838436699 2.62010030207 -142.297205913 0.953042202964
213 95.0 14.0 22.0 21.0 0.568 0.6075 0.371869582061 0.377217832853 1.55192443603 0.786188213238 -39.2487218395 0.841474007935
214 10050.0 101.0 1564.0 2908.0 0.1364 0.0822 0.688151889066 0.894698537313 2.31163389973 2.1621405699 -480.819391534 0.971065547872
215 2848.0 38.0 2401.0 293.0 0.0369 0.1679 0.839004252834 0.716883902282 1.22628733714 1.92411158265 -139.980838983 0.878594407221
216 2392.0 66.0 587.0 534.0 0.155 0.1577 0.754624373035 0.773708225262 1.90994263583 1.76918045499 -269.438346396 0.956732815123
217 3455.0 25.0 1677.0 1175.0 0.1383 0.1616 0.66979616666 0.66957615115 2.86503831615 2.0184562164 -127.963217792 0.942215108094
218 6859.0 296.0 3658.0 179.0 0.0116 0.2432 1.24780724132 0.814679285615 1.13555936949 1.36944025314 -902.66865036 0.848381532089
219 38014.0 115.0 25714.0 2228.0 0.018 0.0781 1.0339690082 0.915820491308 1.83076137218 2.1922422043 -506.210847382 0.932057484338
220 613.0 98.0 71.0 38.0 0.3504 0.4933 0.771621647646 0.553301406814 1.26712960542 0.907313455302 -261.539578 0.823776031181
221 2779.0 44.0 1173.0 763.0 0.1067 0.1415 0.791011158282 0.747220213692 2.05103644508 1.97070822116 -192.719280541 0.95903213576
222 6706.0 124.0 2494.0 486.0 0.0363 0.1208 0.906923525059 0.876173104118 0.944891122205 1.91092053572 -429.395585911 0.876489581058
223 41020.0 410.0 9784.0 2418.0 0.0336 0.1175 1.20286740803 0.969509098315 2.74200374764 1.66934075737 -1942.7028034 0.971222612732
224 5381.0 42.0 2776.0 1322.0 0.0775 0.1254 0.796203781599 0.754469699704 2.38319709753 2.08654848103 -199.767474976 0.967669449185
225 1498.0 60.0 344.0 317.0 0.164 0.1638 0.676558152141 0.764330257516 1.29526275644 1.80678572978 -217.235234369 0.911798590125
226 8401.0 76.0 1254.0 2425.0 0.1267 0.0838 0.618728035085 0.862556452019 2.05831364729 2.26233447806 -352.912635007 0.953051089203
227 946.0 128.0 102.0 51.0 0.2686 0.4535 0.786097958503 0.594583398102 1.3270233884 0.975339795487 -358.136061027 0.854715039582
228 4674.0 89.0 1941.0 450.0 0.0547 0.176 0.929414611519 0.784341055977 1.92597713422 1.63106244067 -353.741106115 0.897237904623
229 14577.0 304.0 3322.0 990.0 0.0411 0.1054 1.06205370813 0.970407229943 1.47229946644 1.82188356935 -1147.50904481 0.925295849898
230 4773.0 183.0 1975.0 247.0 0.0294 0.2214 1.11864773037 0.800348932698 1.51331245341 1.42807465867 -627.123666378 0.905728299928
231 2925.0 21.0 930.0 1003.0 0.2946 0.2681 0.538525844547 0.588822546573 3.90194010389 1.51542139946 -120.657500262 0.983320626547
232 8693.0 135.0 2450.0 632.0 0.0386 0.1172 0.882656040526 0.885268968485 1.26225344344 1.88741658145 -496.166365593 0.897006848034
233 850.0 82.0 233.0 65.0 0.1233 0.3893 0.889339367557 0.622396215944 1.36003591676 1.10760088214 -243.495758097 0.847811536103
234 6331.0 208.0 2862.0 392.0 0.0226 0.1731 1.16656058939 0.856152998693 1.50834725459 1.56725433121 -739.80797501 0.922208683719
235 6042.0 222.0 2357.0 376.0 0.028 0.1794 1.17196228803 0.854549688354 1.51956297159 1.53991353351 -785.870290303 0.920607411146
236 884.0 124.0 120.0 55.0 0.1983 0.397 0.803446800546 0.648990320279 1.04155728652 1.09085386346 -331.135615251 0.791505068975
237 6445.0 90.0 2662.0 1126.0 0.0605 0.1415 0.982215193842 0.814708137502 2.53634915191 1.75527509387 -415.567268476 0.964037596989
238 1432.0 28.0 781.0 239.0 0.0989 0.2297 0.699046386498 0.641607970043 1.94152344163 1.64932390246 -112.155744147 0.853325210712
239 6054.0 247.0 2724.0 226.0 0.0192 0.2366 1.19879029429 0.804340424838 1.45668605035 1.37504074374 -821.497662547 0.898282865116
240 892.0 113.0 212.0 50.0 0.1234 0.4337 0.969990020396 0.61002150088 1.20648531131 1.01803208155 -309.198840341 0.815877202453
241 1169.0 97.0 218.0 115.0 0.1444 0.2754 0.79943185549 0.719742496293 1.18520154948 1.35963859436 -298.628683916 0.876000099409
242 19385.0 106.0 6097.0 4405.0 0.0704 0.093 0.914281803979 0.883829820531 3.12846818751 2.01430610153 -567.117490572 0.984655843695
243 7065.0 116.0 1654.0 834.0 0.0631 0.0911 0.805443428201 0.904253144614 0.878226731292 2.13887104285 -423.383696524 0.879624302279
244 34611.0 208.0 6797.0 3447.0 0.0546 0.0691 0.865885778705 0.990466296691 2.11379266876 2.11184760403 -947.581938815 0.933007676001
245 904.0 99.0 173.0 61.0 0.1465 0.393 0.82057574661 0.634979866078 1.23645214361 1.10084362767 -282.383918808 0.816671301653
246 3993.0 166.0 922.0 313.0 0.0744 0.1959 0.956160503752 0.81713842633 1.56014661554 1.50981047665 -588.56118696 0.92511759997
247 1112.0 151.0 83.0 52.0 0.2659 0.4554 0.732073738185 0.600298565507 1.31404730908 0.967102689227 -419.352152234 0.83009433778
248 202.0 15.0 81.0 41.0 0.338 0.5532 0.60392968792 0.403916034921 2.11261609125 0.856851765451 -51.1819112335 0.696140271185
249 2130.0 46.0 684.0 479.0 0.1723 0.235 0.806928901973 0.680997886799 2.74504866836 1.486065957 -211.430319443 0.96108868045
250 2597.0 27.0 658.0 1171.0 0.2851 0.1826 0.520864548364 0.664073243142 3.2048030747 1.8374182002 -142.891516526 0.953864208443
251 28177.0 167.0 9916.0 3043.0 0.0345 0.0651 0.985298223072 0.976047522374 1.76643448507 2.22901269164 -732.543111417 0.9415510272
252 1112.0 142.0 163.0 58.0 0.1657 0.4093 0.858587770565 0.640672349465 1.17395402235 1.05400970918 -390.023576024 0.816663736792
253 2477.0 25.0 1210.0 855.0 0.1402 0.1741 0.682287823746 0.662043785234 2.70139959636 1.94308252494 -122.871318793 0.930633966094
254 997.0 125.0 109.0 57.0 0.2362 0.4278 0.755719176097 0.616396716537 1.31782048324 1.02014958652 -354.725825974 0.846390045342
255 4251.0 53.0 1218.0 1375.0 0.1501 0.1275 0.738455507331 0.776965405905 2.52250526384 1.9764789505 -253.559480608 0.972013606395
256 563.0 49.0 197.0 62.0 0.1242 0.3678 0.786256524123 0.611140287994 1.2784028875 1.19778224909 -146.630482708 0.825656605088
257 795.0 119.0 216.0 34.0 0.1031 0.5196 1.04435334798 0.54191720453 1.21932161874 0.859261603054 -306.345005596 0.773652773624
258 4603.0 20.0 1705.0 1507.0 0.2305 0.2642 0.558255459997 0.58561520778 4.29131058672 1.54170949154 -122.963993954 0.96278386941
259 908.0 126.0 153.0 43.0 0.1793 0.4856 0.923840275272 0.572426911945 1.30012192397 0.917892850785 -341.767291658 0.821071329195
260 2259.0 226.0 279.0 97.0 0.1314 0.3521 0.944573964954 0.699727081457 1.33812299713 1.1374491376 -673.47669707 0.876213575441
261 6627.0 130.0 2806.0 593.0 0.0387 0.1491 1.03768271566 0.842445608959 1.81838281596 1.69312647257 -511.884606674 0.933145775847
262 3786.0 55.0 1325.0 1203.0 0.1156 0.1119 0.804166983059 0.797201328381 1.96973273876 2.1181302476 -244.505656148 0.94946227709
263 1044.0 152.0 83.0 45.0 0.3001 0.4907 0.7751990339 0.567560430175 1.34856457849 0.903380772957 -416.591754221 0.849357488077
264 40812.0 155.0 8031.0 10817.0 0.0773 0.0477 0.845775609583 0.999209572901 2.44099362564 2.47408106095 -794.869044821 0.966467040304
265 2991.0 199.0 885.0 146.0 0.0515 0.2967 1.12728015797 0.738304000343 1.48531607781 1.24679530307 -641.243746523 0.900238347728
266 6416.0 97.0 2397.0 1157.0 0.0613 0.101 0.941216646784 0.868949122132 1.69852446608 2.04063430567 -403.495026245 0.95232639206
267 942.0 123.0 139.0 57.0 0.1878 0.4024 0.82851442292 0.636587114181 1.14313936636 1.07759372093 -337.546881847 0.815319026576
268 3082.0 38.0 1113.0 731.0 0.1561 0.2169 0.737996564829 0.675483334085 3.07166587432 1.57838509761 -189.221545081 0.972616896631
269 1334.0 134.0 287.0 76.0 0.1123 0.3674 0.947462680071 0.666043484852 1.27577234272 1.12972154125 -390.963929238 0.850956400549
270 8335.0 353.0 3774.0 258.0 0.0134 0.2148 1.27859502559 0.84863487244 1.29064367742 1.42297352651 -1141.02245221 0.89197410099
271 4111.0 211.0 1851.0 175.0 0.0226 0.2479 1.17079873569 0.789482985913 1.26932430676 1.36521680115 -665.951353234 0.871072284125
272 6652.0 161.0 2737.0 517.0 0.032 0.1273 1.06336008117 0.890197113555 1.17261868573 1.80944502407 -568.150207116 0.904894058219
273 4591.0 155.0 1272.0 385.0 0.0684 0.198 1.02953095782 0.806972477148 1.87607654952 1.48972620568 -589.208428117 0.93598268793
274 4083.0 117.0 1263.0 376.0 0.0533 0.167 0.909998477321 0.818644376342 1.50183354705 1.65521403537 -425.626147337 0.913980872927
275 713.0 84.0 148.0 58.0 0.121 0.3495 0.807858896713 0.668068447256 0.859762103255 1.22510626713 -224.145837334 0.758853801247
276 3965.0 17.0 1463.0 1749.0 0.2429 0.2075 0.481720368947 0.597815698284 3.90288686231 1.87711834392 -101.701930317 0.978427267209
277 751.0 84.0 139.0 65.0 0.1953 0.377 0.804169014458 0.635633316757 1.26242878607 1.14042602855 -244.873597961 0.855050700995
278 38622.0 465.0 12066.0 1964.0 0.0192 0.1101 1.28112626816 0.989840773572 2.34209956113 1.71253174363 -2050.45878498 0.960455053409
279 5103.0 41.0 2507.0 1787.0 0.0882 0.1054 0.794204236247 0.769856894238 2.16511156358 2.30457858095 -195.36887217 0.973286655508
280 19256.0 217.0 8229.0 1035.0 0.022 0.1309 1.12651156007 0.902963509271 2.11304960578 1.6965877517 -910.264909095 0.929553844633
281 2758.0 76.0 868.0 336.0 0.1017 0.2339 0.867395237426 0.722758849439 2.24722509362 1.43268642193 -310.618485191 0.948849658918
282 810.0 130.0 114.0 39.0 0.2058 0.4811 0.878279867026 0.58072808714 1.14136151034 0.923020819542 -334.615571757 0.777266170652
283 2929.0 103.0 1010.0 348.0 0.0662 0.1783 0.950407960353 0.796696458213 1.59595348242 1.61968686721 -379.031616759 0.936456851904
284 5403.0 138.0 2828.0 240.0 0.0228 0.1983 1.03388131747 0.805406521274 1.27589240512 1.53797189564 -460.597401578 0.86635796686
285 5785.0 22.0 1639.0 7650.0 0.3239 0.1055 0.505168547294 0.691625158953 3.33535651068 2.74558731926 -133.590012722 0.887911328202
286 6417.0 106.0 1469.0 874.0 0.086 0.1168 0.781200439981 0.859399445965 1.72700269566 1.90710461368 -430.291571753 0.919707157347
287 7047.0 132.0 4114.0 431.0 0.0215 0.1505 1.07499349968 0.846245681921 1.38724448088 1.71767051895 -476.081419735 0.883594638778
288 12116.0 290.0 4984.0 624.0 0.0192 0.1525 1.22402040416 0.900080496319 1.73855802325 1.6010105423 -1097.42890912 0.935136942288
289 898.0 19.0 195.0 342.0 0.3829 0.2845 0.407958682271 0.571579321562 2.90079443014 1.50313563774 -90.407235104 0.951098664009
290 6363.0 43.0 3486.0 1087.0 0.0661 0.1244 0.793244695556 0.758843707908 2.10266504991 2.10536215321 -195.263436612 0.920280146382
291 14010.0 210.0 3535.0 1665.0 0.0534 0.0874 1.02961459273 0.96252179257 1.77404683544 1.97041924648 -872.608100304 0.941226679441
292 23195.0 258.0 5714.0 2581.0 0.0448 0.0765 1.06151373598 0.99897078213 1.98850216853 2.00927993581 -1125.77339538 0.956588320616
293 829.0 50.0 301.0 123.0 0.128 0.2856 0.829634786772 0.660219358837 1.55717362829 1.37300440259 -170.465559825 0.918971500154
294 4930.0 21.0 2462.0 2163.0 0.1573 0.1489 0.63475222747 0.6568487878 3.22840979478 2.21617252588 -117.331653551 0.972496883074
295 21128.0 157.0 11542.0 1603.0 0.0191 0.0808 1.07385417086 0.94565442586 1.51116163891 2.10159174078 -639.375594643 0.935956160378
296 7836.0 197.0 2438.0 535.0 0.0393 0.1307 1.03888103452 0.902748615832 1.25077544177 1.75990952502 -697.534425229 0.882331079923
297 2149.0 156.0 540.0 129.0 0.079 0.2978 1.01629298226 0.726119594786 1.40335015313 1.26055223368 -493.59130197 0.885982368088
298 4096.0 98.0 1349.0 449.0 0.0552 0.152 0.877386362915 0.81737710254 1.53467181719 1.7442753768 -367.461901527 0.926260205948
299 19377.0 135.0 10498.0 1500.0 0.0224 0.0814 1.03620983936 0.929552503976 1.43268590941 2.13846194926 -546.582470992 0.922936644672
300 919.0 16.0 654.0 248.0 0.1195 0.2296 0.650875462793 0.583237284791 1.92044097822 1.86795892943 -66.919673027 0.886366565299
301 52209.0 172.0 18503.0 13066.0 0.039 0.0412 1.05838988849 1.02617445236 2.24149440504 2.57439043916 -870.147843363 0.972439215002
302 3697.0 94.0 352.0 555.0 0.2244 0.2031 0.597892985643 0.762739368913 2.48344802949 1.49623560857 -409.76377872 0.968049590379
303 3228.0 47.0 1138.0 657.0 0.1375 0.2104 0.791726905268 0.699776223938 2.8653185396 1.56467340034 -224.336923777 0.965742336844
304 7142.0 187.0 2600.0 395.0 0.0308 0.1435 1.03967329028 0.886781331766 1.06493160696 1.72138651884 -627.95726319 0.869263405959
305 824.0 101.0 233.0 50.0 0.1073 0.431 0.986912067267 0.605487264516 1.21768316396 1.0280943907 -278.450901037 0.824781947612
306 5470.0 227.0 2452.0 255.0 0.0212 0.2199 1.18763771588 0.815418605595 1.4699485343 1.42220771735 -767.921656239 0.912107389034
307 8885.0 18.0 3098.0 4540.0 0.3334 0.2514 0.584981397692 0.581276035212 5.31012395839 1.62379118337 -129.947276743 0.910434136162
308 34830.0 121.0 24511.0 1569.0 0.016 0.0875 1.05198029748 0.908450340227 1.70414660189 2.09468456228 -509.860043075 0.914734612086
309 35565.0 432.0 8975.0 1342.0 0.0231 0.1467 1.17145080536 0.930587769156 2.48006610437 1.55901475372 -1904.50434051 0.95068562685
310 2896.0 62.0 481.0 885.0 0.2181 0.1335 0.622998845524 0.788725988964 2.11233299527 1.9100653671 -271.431983972 0.952759783313
311 629.0 99.0 61.0 37.0 0.3201 0.499 0.707003755591 0.549900650623 1.26042677286 0.899773787078 -262.808634792 0.816131307662
312 6311.0 94.0 3177.0 749.0 0.0395 0.1415 0.993416386058 0.820385319785 2.03369833686 1.77249956958 -394.000230194 0.946177712947
313 6301.0 257.0 2782.0 310.0 0.0193 0.1898 1.21298367178 0.855744270945 1.34393353938 1.50774443742 -863.879269741 0.904492756191
314 5714.0 47.0 2617.0 1064.0 0.0817 0.1646 0.793565564023 0.73288535538 2.86581742822 1.76853880584 -231.642098367 0.960459430223
315 4047.0 25.0 808.0 2029.0 0.3662 0.1892 0.42699074501 0.65077362242 3.87867061746 1.81255507641 -147.931584325 0.951044076983
316 5774.0 115.0 1350.0 1006.0 0.1079 0.1316 0.89403109736 0.848420742375 2.20295089417 1.77806815028 -499.205906253 0.969355269255
317 3403.0 79.0 650.0 703.0 0.1934 0.1701 0.758933722031 0.777279265322 2.41065601908 1.6499867156 -349.009538643 0.951444416063
318 5839.0 95.0 2530.0 482.0 0.0361 0.1378 0.892577630662 0.829585479236 1.36495984285 1.83401792108 -351.62435964 0.908383179902
319 29497.0 115.0 11868.0 4641.0 0.0393 0.0569 0.927620176911 0.948959996258 1.77293896237 2.47488462171 -531.000034482 0.952359235762
320 81090.0 396.0 22114.0 7654.0 0.0228 0.047 1.14373062451 1.10376295024 2.13291257095 2.23134300263 -1851.42640988 0.963453340264
321 39066.0 316.0 9339.0 3929.0 0.035 0.0658 1.0671030463 1.03794610648 2.13654584225 2.06156883542 -1431.56378447 0.966944046639
322 675.0 81.0 178.0 44.0 0.1189 0.4453 0.865319256773 0.585586944536 1.21069744991 1.00743970748 -221.130930332 0.766671170952
323 6392.0 50.0 2190.0 3100.0 0.1237 0.0871 0.757958083319 0.810715930137 2.29882038929 2.40947964656 -248.107369331 0.966898148084
