0 5887.0 156.0 844.0 561.0 0.1428 0.1993 0.803953811587 0.68905869319 0.930580243473
1 77658.0 361.0 12424.0 5065.0 0.0458 0.1414 0.995655416082 0.762641606663 0.917023643624
2 11288.0 188.0 2605.0 1009.0 0.0538 0.1801 0.9148572513 0.709221323173 0.698246606575
3 9115.0 599.0 759.0 260.0 0.0824 0.2407 0.988163764835 0.693361704409 0.783379892686
4 140934.0 396.0 99113.0 9075.0 0.0051 0.1311 1.31465351135 0.7766329032 0.611528807727
5 249719.0 998.0 33332.0 7552.0 0.0197 0.1351 1.15717931696 0.789319404046 0.425850288347
6 64292.0 2103.0 5219.0 768.0 0.0315 0.1985 1.37713371493 0.736727051006 0.88498696555
7 8698.0 175.0 3938.0 796.0 0.0238 0.1874 1.07665747979 0.701105600663 0.654581909721
8 38459.0 310.0 5822.0 2627.0 0.0585 0.1551 0.945536230891 0.744780588724 0.860049908394
9 30386.0 379.0 6519.0 1680.0 0.0426 0.1664 1.16330040446 0.738978245815 0.941508473154
10 10676.0 145.0 1945.0 1184.0 0.0904 0.1755 0.814131059114 0.704631542784 0.917065500944
11 33778.0 978.0 1598.0 772.0 0.132 0.1943 0.983675437951 0.731813151696 0.892640938006
12 89769.0 207.0 37802.0 9493.0 0.0191 0.131 1.04054699525 0.758970757173 0.25875037143
13 63089.0 1401.0 4130.0 1131.0 0.0407 0.1825 1.1012336039 0.745757068129 0.75567212903
14 10895.0 242.0 5086.0 773.0 0.0177 0.1891 1.18026581504 0.709066740074 0.556704591369
15 99349.0 1938.0 3766.0 1397.0 0.0739 0.1771 1.13217958751 0.753790319269 0.887023755285
16 15972.0 440.0 3187.0 694.0 0.0374 0.1946 1.15653820395 0.718961027047 0.736364905824
17 98656.0 343.0 18173.0 6911.0 0.0291 0.1357 0.995397364159 0.767734459408 0.630101595139
18 108560.0 2634.0 17383.0 1139.0 0.0103 0.1852 1.55770780584 0.749437207535 0.865910547557
19 37368.0 466.0 12945.0 1763.0 0.0165 0.1656 1.30972930702 0.744056632231 0.841871505057
20 63289.0 2224.0 10349.0 711.0 0.0129 0.2017 1.55337861755 0.734715115551 0.8534693203
21 28317.0 268.0 11747.0 2111.0 0.0179 0.1602 1.14553573333 0.736270738248 0.415801948092
22 2097.0 428.0 254.0 56.0 0.0859 0.3593 1.11890162804 0.635137380276 0.33115159314
23 3426.0 41.0 660.0 883.0 0.262 0.1901 0.560495704825 0.63726142731 0.909177762173
24 6017.0 355.0 423.0 265.0 0.1083 0.2359 0.856076762626 0.686742564196 0.841841042506
25 11485.0 75.0 2710.0 2176.0 0.1287 0.1626 0.722221193306 0.689078269629 0.927914612544
26 16415.0 588.0 747.0 541.0 0.1112 0.2055 0.864892732379 0.716067532192 0.902817181652
27 22201.0 329.0 4509.0 1333.0 0.0436 0.1725 1.04913034882 0.730322826009 0.810953069427
28 41491.0 285.0 6515.0 3080.0 0.0585 0.1515 0.917090713326 0.746232800442 0.831171425325
29 82150.0 346.0 71351.0 5595.0 0.0038 0.1395 1.28977316763 0.763685762367 -0.545394137908
30 25199.0 811.0 1673.0 656.0 0.0857 0.1995 1.00112559162 0.725306980341 0.88391584462
31 66642.0 2337.0 10104.0 719.0 0.0156 0.2016 1.59896657469 0.735306458849 0.872144644755
32 63736.0 2142.0 2936.0 746.0 0.0591 0.1997 1.1740533364 0.736042505114 0.883116554854
33 37323.0 1348.0 2328.0 630.0 0.0661 0.2039 1.20274310395 0.728320335368 0.887610482172
34 4664.0 133.0 1462.0 492.0 0.0616 0.2042 0.990569529554 0.680235118119 0.836348947844
35 67736.0 1030.0 8643.0 1660.0 0.0361 0.1695 1.27592415865 0.753571987245 0.86431520232
36 23623.0 89.0 11801.0 4239.0 0.0345 0.1479 0.911286271932 0.709819598395 0.579987479874
37 69554.0 433.0 4136.0 3816.0 0.1312 0.1472 0.763860814438 0.760612196933 0.93502306157
38 11947.0 36.0 7365.0 3775.0 0.0674 0.1597 0.790008394318 0.651873228706 0.654456993779
39 68667.0 2223.0 6233.0 785.0 0.038 0.1979 1.49176054989 0.737610880137 0.904930878358
40 44451.0 328.0 8421.0 2944.0 0.0489 0.1526 1.03154476362 0.748705389862 0.842625261207
41 111123.0 3026.0 3140.0 1016.0 0.0738 0.1899 1.1345334017 0.746492547436 0.911336095171
42 7251.0 150.0 3631.0 738.0 0.0215 0.1896 1.0310152462 0.694385937838 0.394217586962
43 35715.0 468.0 8103.0 1668.0 0.0297 0.167 1.18485601353 0.742893909357 0.793274570869
44 15234.0 220.0 3131.0 1239.0 0.0576 0.1741 0.917954457308 0.718578003794 0.59458449285
45 17353.0 1051.0 492.0 321.0 0.165 0.2337 0.84256260121 0.705521307964 0.886521738148
46 28169.0 757.0 13432.0 802.0 0.0055 0.1917 1.42315261416 0.730475972249 0.162392651588
47 22080.0 444.0 1668.0 1005.0 0.0965 0.1819 0.887359613499 0.72904084835 0.909303221193
48 152016.0 2560.0 5050.0 1742.0 0.0458 0.1716 1.06898445533 0.761196122361 0.840863528795
49 83340.0 1821.0 7035.0 1209.0 0.0238 0.1815 1.26759273278 0.749337769122 0.739841144054
50 103417.0 1920.0 24648.0 1478.0 0.0061 0.1754 1.46019128453 0.755319687199 0.387563758885
51 8319.0 552.0 745.0 253.0 0.0913 0.2418 1.0189402882 0.691567141349 0.80187544194
52 27388.0 219.0 9048.0 2421.0 0.0341 0.1569 1.09473405862 0.733706576264 0.877527655536
53 22019.0 406.0 2855.0 1088.0 0.055 0.1791 0.984493443867 0.729324831591 0.839033680547
54 11025.0 166.0 1401.0 1094.0 0.1181 0.1776 0.734660905136 0.70716667752 0.882668804749
55 99091.0 1298.0 4542.0 2064.0 0.0558 0.1643 0.983341411292 0.761509583949 0.871680383108
56 1385.0 295.0 150.0 49.0 0.1081 0.3668 0.997947302854 0.62699932961 0.298340446512
57 55302.0 731.0 4788.0 1820.0 0.0612 0.1659 1.07251742592 0.751879520089 0.943099296099
58 28278.0 299.0 10074.0 1914.0 0.0196 0.1627 1.12983082996 0.736731350724 0.324710561272
59 23570.0 950.0 1224.0 517.0 0.1306 0.2101 1.04910646011 0.719923591738 0.891935735161
60 22481.0 838.0 1223.0 554.0 0.1188 0.2066 0.98490068644 0.720466369357 0.897332064389
61 58526.0 2599.0 876.0 550.0 0.1604 0.2137 0.901735160383 0.727207931504 0.905782113736
62 29406.0 653.0 3727.0 973.0 0.0577 0.1843 1.17650588858 0.733915360267 0.90466605521
63 19061.0 569.0 1093.0 667.0 0.1007 0.1971 0.885126126541 0.7214912634 0.91012150188
64 26219.0 1733.0 1738.0 315.0 0.0867 0.2385 1.4275826831 0.707651689149 0.867230141226
65 17394.0 227.0 2117.0 1403.0 0.1277 0.1707 0.865803587533 0.722385519582 0.956006682719
66 12610.0 163.0 1731.0 1295.0 0.1252 0.1729 0.748259813468 0.710496681297 0.889299253427
67 5751.0 156.0 1171.0 545.0 0.0766 0.2005 0.895656413065 0.687937075245 0.858350339976
68 27446.0 1602.0 588.0 362.0 0.1757 0.2304 0.877411889091 0.711896001008 0.887465678544
69 2454.0 651.0 104.0 42.0 0.2451 0.4012 1.1097168667 0.628922934653 0.307558951341
70 45962.0 416.0 5714.0 2476.0 0.0491 0.1568 0.947851774982 0.750036768348 0.791268241743
71 4786.0 204.0 758.0 344.0 0.0629 0.2199 0.888012446832 0.683221924584 0.747549866221
72 22723.0 449.0 4424.0 1028.0 0.035 0.1812 1.14490553971 0.729841795213 0.848675424842
73 20510.0 818.0 1198.0 509.0 0.0958 0.21 0.979087216842 0.717923807591 0.885176137673
74 75275.0 1178.0 5446.0 1649.0 0.0384 0.1702 1.05409424514 0.754840839459 0.726690323329
75 30752.0 243.0 9814.0 2523.0 0.0266 0.1559 1.03731769432 0.737560108821 0.441412158033
76 37614.0 544.0 7810.0 1540.0 0.0256 0.1696 1.19252080816 0.743420950001 0.846556600261
77 2655.0 597.0 164.0 52.0 0.1807 0.3718 1.10766410863 0.635597255974 0.482185145281
78 51485.0 689.0 7979.0 1772.0 0.0333 0.1665 1.1628087407 0.750394104511 0.812895078408
79 31867.0 1356.0 1530.0 518.0 0.099 0.2123 1.10300659754 0.722557671887 0.900640796364
80 7636.0 163.0 1011.0 729.0 0.1397 0.1902 0.806085960777 0.696722220166 0.889161780018
81 26234.0 622.0 3520.0 892.0 0.0383 0.1871 1.17760804608 0.730866714351 0.87067255373
82 55187.0 1518.0 2490.0 892.0 0.0742 0.1911 1.03367504918 0.739665093867 0.884863779227
83 22208.0 699.0 1792.0 654.0 0.0832 0.199 1.03312510182 0.723664678965 0.904459792004
84 80116.0 2691.0 4258.0 775.0 0.0363 0.1994 1.27444180067 0.737931954071 0.866712111344
85 29399.0 635.0 2112.0 999.0 0.0706 0.1834 0.945108816227 0.734327297833 0.885052810606
86 22373.0 272.0 4811.0 1594.0 0.0365 0.1674 0.968037174046 0.73009684893 0.618903186782
87 15298.0 371.0 920.0 775.0 0.1354 0.19 0.783262361958 0.718750728915 0.930745187948
88 4061.0 104.0 1591.0 518.0 0.0536 0.2025 0.969815293712 0.672764515038 0.797250082078
89 4544.0 270.0 741.0 247.0 0.0641 0.2377 1.00750950095 0.679179867988 0.791614788681
90 16555.0 193.0 2682.0 1527.0 0.0781 0.1682 0.843720390548 0.71968132754 0.789706360982
91 50367.0 195.0 14429.0 5268.0 0.0288 0.1411 0.951425609598 0.745932705411 0.618454006688
92 8480.0 62.0 1228.0 1792.0 0.209 0.1683 0.56452473136 0.675450328773 0.961816137543
93 29032.0 1438.0 3739.0 435.0 0.0246 0.2206 1.33625037351 0.717315294287 0.709297766333
94 108473.0 1289.0 5934.0 2306.0 0.0826 0.1614 1.07747386666 0.764263684182 0.944238681327
95 58630.0 187.0 30871.0 6449.0 0.0171 0.1376 1.10209938339 0.748382677532 0.401271623634
96 52385.0 1288.0 5463.0 988.0 0.0256 0.1867 1.18393875427 0.741366438042 0.617466046026
97 29384.0 1371.0 1466.0 464.0 0.0848 0.2173 1.08569246917 0.719067009876 0.871465886133
98 125616.0 160.0 31049.0 16817.0 0.0348 0.1234 0.856198342858 0.759304496483 0.424061816051
99 110888.0 263.0 29323.0 9840.0 0.0247 0.13 0.974615521662 0.767231388675 0.364145915959
100 48422.0 1551.0 2729.0 746.0 0.0793 0.198 1.16582905226 0.734246021254 0.905433436682
101 7436.0 405.0 614.0 301.0 0.097 0.2301 0.907637288827 0.692934600764 0.831447866683
102 3148.0 593.0 282.0 66.0 0.1033 0.345 1.13401370963 0.644147661687 0.531807283965
103 28273.0 329.0 1936.0 1758.0 0.1616 0.165 0.841347182359 0.736964102583 0.947414518879
104 49898.0 434.0 8514.0 2616.0 0.0288 0.1556 1.04892866625 0.7521351142 0.751359094622
105 71435.0 1013.0 13584.0 1794.0 0.0203 0.1673 1.35851019704 0.755435591418 0.762501787946
106 53584.0 283.0 10979.0 4128.0 0.0402 0.1455 1.00965747609 0.752220366362 0.80615844908
107 22316.0 47.0 5965.0 6242.0 0.1741 0.1471 0.659732704884 0.678822899025 0.962977669407
108 28958.0 1053.0 2560.0 597.0 0.0347 0.2047 1.09179176519 0.725022398704 0.657036826507
109 149149.0 1523.0 8744.0 2833.0 0.0652 0.1567 1.16002766525 0.770782190085 0.953146360479
110 8139.0 245.0 930.0 544.0 0.1092 0.2016 0.863445314338 0.700438592849 0.897989094492
111 419959.0 1809.0 43529.0 7801.0 0.0194 0.1356 1.22941497459 0.796202680064 0.358607694848
112 28464.0 235.0 4153.0 2380.0 0.0699 0.1573 0.863600504569 0.735361182951 0.876763890793
113 54649.0 195.0 20808.0 5766.0 0.0195 0.1394 1.01731648916 0.747669457902 0.444815465097
114 40547.0 1078.0 2212.0 871.0 0.0999 0.1904 1.06028801014 0.736245549789 0.90369935772
115 48056.0 2098.0 7718.0 542.0 0.017 0.213 1.62457164131 0.72605150283 0.88784303294
116 31630.0 465.0 5192.0 1459.0 0.0346 0.1708 1.05336111824 0.739362951896 0.786405805062
117 48425.0 2280.0 2962.0 501.0 0.0734 0.2171 1.44888185739 0.723719690247 0.911117671517
118 86071.0 3053.0 2449.0 741.0 0.0878 0.2019 1.14705084508 0.736942897155 0.907990229584
119 7034.0 104.0 2480.0 972.0 0.0585 0.1817 0.913128074628 0.687504836139 0.693741435432
120 21586.0 381.0 2135.0 1128.0 0.0896 0.1779 0.945796699524 0.729000729111 0.915012263424
121 6675.0 420.0 755.0 254.0 0.0734 0.2394 0.992931279169 0.687919998347 0.792055248086
122 1093.0 183.0 115.0 61.0 0.1604 0.3365 0.873020706959 0.626015513048 0.549731618731
123 36883.0 295.0 17030.0 2617.0 0.015 0.1552 1.22571872363 0.74345983373 0.830155263453
124 23813.0 781.0 2610.0 637.0 0.0483 0.2004 1.11680869667 0.724214413882 0.829830071336
125 128808.0 2261.0 23344.0 1624.0 0.0113 0.1732 1.58799901856 0.758669092462 0.836705016943
126 2160.0 44.0 275.0 500.0 0.3333 0.2074 0.416357841638 0.629865806078 0.941307839622
127 21394.0 223.0 2319.0 1803.0 0.0874 0.1641 0.772021644103 0.727666873771 0.823412591858
128 12657.0 161.0 2678.0 1314.0 0.0616 0.1725 0.886295891518 0.710312524599 0.854642476315
129 59097.0 138.0 42679.0 8285.0 0.0134 0.1343 1.08202252068 0.741338296164 0.261771156639
130 45425.0 273.0 10406.0 3538.0 0.0425 0.1486 1.03518323581 0.748016186431 0.841520244255
131 28961.0 416.0 3756.0 1460.0 0.068 0.1705 0.988796871016 0.737239915525 0.820883656911
132 46667.0 2341.0 1151.0 466.0 0.1585 0.2207 1.02132204291 0.721662984095 0.910185981031
133 45179.0 546.0 10448.0 1895.0 0.0217 0.164 1.17687594463 0.748704475974 0.55369594583
134 18389.0 743.0 1548.0 491.0 0.0736 0.211 1.03896525445 0.715739182685 0.842772691724
135 115748.0 1377.0 6616.0 2332.0 0.0702 0.1613 1.07508430071 0.76502345396 0.935776018639
136 58039.0 709.0 7991.0 1981.0 0.0324 0.1636 1.09907638055 0.753651563494 0.748996917175
137 65153.0 2358.0 5499.0 693.0 0.03 0.2032 1.3920855926 0.734006701475 0.854620776827
138 51256.0 1982.0 4387.0 621.0 0.0436 0.2067 1.42648298815 0.730048357917 0.892084918638
139 5192.0 154.0 2382.0 490.0 0.029 0.2043 1.09304460934 0.685175840925 0.782493197273
140 18590.0 1174.0 747.0 311.0 0.1338 0.2362 1.01936954981 0.705193628492 0.879834953282
141 3060.0 76.0 433.0 486.0 0.2164 0.2052 0.619491726378 0.657957088475 0.937853780845
142 33515.0 1738.0 1207.0 425.0 0.0979 0.2231 1.07231653842 0.717457357076 0.887050042155
143 24813.0 630.0 1398.0 825.0 0.1037 0.1899 0.912074495291 0.728800642004 0.926660061915
144 206754.0 857.0 23854.0 7022.0 0.0296 0.1362 1.0769037267 0.785704426826 0.703364358812
145 27405.0 411.0 6757.0 1386.0 0.0308 0.1719 1.19366254645 0.73582659445 0.811914710527
146 31928.0 1484.0 3062.0 473.0 0.0474 0.217 1.37269667641 0.720108458032 0.851911291444
147 19896.0 662.0 2531.0 605.0 0.0514 0.2016 1.1678856988 0.72055075216 0.862008658547
148 18477.0 240.0 3360.0 1431.0 0.0672 0.1701 0.9550862935 0.724337834536 0.904799078264
149 5618.0 575.0 237.0 148.0 0.1495 0.2756 0.87369968912 0.674118471436 0.793648272981
150 44766.0 1236.0 5085.0 855.0 0.0358 0.1917 1.28550165463 0.736932151882 0.838236893855
151 9170.0 254.0 1114.0 605.0 0.0803 0.1977 0.86245406466 0.703898695928 0.837759247747
152 28342.0 1006.0 1238.0 609.0 0.1482 0.2036 0.971786146545 0.725192872686 0.890615114864
153 86142.0 2153.0 14650.0 1063.0 0.0103 0.1866 1.49284237074 0.746585443443 0.80957399982
154 57519.0 991.0 2453.0 1425.0 0.0634 0.1739 0.911331583486 0.74919057014 0.849765492423
155 33862.0 2177.0 464.0 338.0 0.1868 0.2364 0.894687013854 0.71055424095 0.880629943048
156 21879.0 262.0 2049.0 1606.0 0.1358 0.1671 0.829015795019 0.729181548251 0.901621932682
157 23067.0 366.0 2506.0 1264.0 0.0697 0.1743 0.881564266022 0.731234453067 0.822346910392
158 23878.0 1376.0 560.0 358.0 0.1323 0.23 0.898981549557 0.710546347257 0.875096819418
159 49114.0 367.0 7767.0 2984.0 0.0419 0.1524 1.02159784841 0.751596564463 0.791799217473
160 69900.0 1293.0 5261.0 1381.0 0.0425 0.1758 1.10427827358 0.750762621914 0.841340169963
161 63228.0 1986.0 1784.0 798.0 0.0745 0.1967 0.971488252741 0.737638183155 0.847663331072
162 12423.0 437.0 2621.0 518.0 0.0398 0.2059 1.21904991881 0.710106745325 0.87192821536
163 103812.0 2159.0 16831.0 1321.0 0.0144 0.1794 1.5644456088 0.75276660495 0.859569622544
164 37767.0 1675.0 1452.0 511.0 0.0793 0.2142 1.13954752987 0.722916440886 0.886899453964
165 4149.0 128.0 731.0 444.0 0.0987 0.2081 0.833057523744 0.676440579121 0.796833957383
166 47567.0 614.0 8538.0 1802.0 0.0342 0.1657 1.21050421428 0.749188427859 0.810491528962
167 128495.0 1930.0 5332.0 1895.0 0.0644 0.1681 1.06049192022 0.76207122551 0.910022673628
168 10470.0 259.0 739.0 694.0 0.1783 0.1928 0.733616274445 0.708093292882 0.948814823289
169 28394.0 1949.0 367.0 306.0 0.2123 0.2411 0.825746794593 0.706748368075 0.884546121142
170 85946.0 115.0 73561.0 14321.0 0.0118 0.127 1.06232516913 0.742415686715 0.312147061639
171 32379.0 930.0 2832.0 772.0 0.0493 0.194 1.13274763675 0.731501704334 0.859579295393
172 15339.0 309.0 3963.0 921.0 0.028 0.1837 1.09173680998 0.719596676998 0.699675211759
173 86046.0 486.0 12944.0 4374.0 0.0416 0.1446 1.03611461482 0.765921727563 0.807010328076
174 26485.0 561.0 2976.0 996.0 0.0638 0.183 1.08547764294 0.732516929489 0.936648502529
175 5722.0 326.0 1121.0 272.0 0.0568 0.2339 1.11714610069 0.686166396926 0.780249866526
176 45282.0 187.0 28239.0 4845.0 0.0131 0.1427 1.13731260358 0.742856581146 0.260752977921
177 66058.0 206.0 33410.0 6798.0 0.0159 0.1365 1.09814273955 0.752654069211 0.397042018918
178 62409.0 1040.0 15643.0 1496.0 0.0075 0.1726 1.34155313685 0.750970522198 0.356950844822
179 61699.0 939.0 22064.0 1629.0 0.0051 0.1698 1.34090708329 0.75215767328 -0.521080525475
180 98275.0 1082.0 6771.0 2433.0 0.0582 0.1595 1.02599511206 0.763842565048 0.886608399655
181 28022.0 420.0 3238.0 1394.0 0.0607 0.1718 0.96221180214 0.736378171208 0.865362558334
182 30453.0 272.0 8086.0 2263.0 0.0352 0.1585 1.04955157012 0.738211668011 0.560410998471
183 10412.0 31.0 3358.0 3571.0 0.2006 0.1636 0.62338825196 0.638632428922 0.93295276584
184 121299.0 123.0 106844.0 19784.0 0.0105 0.1224 1.07673743303 0.750592769252 0.294105006461
185 65410.0 2617.0 8953.0 625.0 0.0174 0.2081 1.62979185181 0.731161703866 0.870511530125
186 466.0 128.0 46.0 28.0 0.3341 0.4198 0.832401666226 0.586206309539 0.280297143853
187 33437.0 211.0 19177.0 3126.0 0.0138 0.1513 1.16506534011 0.738030761597 0.595872669062
188 25038.0 871.0 1001.0 607.0 0.1571 0.2029 0.886872124761 0.723847288349 0.884301502939
189 47574.0 747.0 4650.0 1499.0 0.0434 0.1714 1.00016631267 0.74721563909 0.676860500662
190 33878.0 1820.0 1150.0 410.0 0.0955 0.2251 1.03948989926 0.716438613547 0.870691152485
191 21030.0 548.0 1470.0 777.0 0.0981 0.1914 0.921804295505 0.725364214669 0.915921794481
192 76543.0 763.0 10827.0 2539.0 0.0371 0.1575 1.1840914578 0.760777826626 0.83459371247
193 49053.0 2350.0 632.0 493.0 0.1677 0.218 0.848939808372 0.723373284367 0.908904610438
194 61578.0 1475.0 3982.0 1045.0 0.0408 0.1854 1.0944316982 0.743950955044 0.778405877538
195 25864.0 1357.0 1654.0 401.0 0.0756 0.2241 1.2033922856 0.714565909184 0.879999472297
196 7473.0 91.0 1724.0 1160.0 0.101 0.177 0.754525950266 0.685725118251 0.8895141402
197 102272.0 2401.0 14508.0 1166.0 0.0174 0.184 1.60318149968 0.749673521455 0.890848757818
198 2226.0 463.0 183.0 55.0 0.1093 0.3615 1.06322032074 0.634381580839 0.404622838086
199 102097.0 1049.0 10409.0 2618.0 0.0365 0.1575 1.18257061799 0.765409622466 0.858759702333
200 25741.0 730.0 1005.0 747.0 0.1463 0.1941 0.803602954174 0.727901468118 0.934198121816
201 1234.0 280.0 130.0 44.0 0.1342 0.3782 1.01698489987 0.621033657646 0.352319423484
202 8774.0 166.0 3207.0 842.0 0.0371 0.1856 1.0416267986 0.700959564439 0.558232296579
203 9670.0 56.0 3790.0 2229.0 0.0964 0.1644 0.833786307551 0.673542274699 0.965422937125
204 22557.0 434.0 1472.0 1052.0 0.1264 0.1804 0.8088114065 0.729748871482 0.930815110756
205 36521.0 298.0 5121.0 2565.0 0.0493 0.1557 0.880647303791 0.743283743405 0.733583875618
206 32299.0 1205.0 3751.0 594.0 0.0255 0.2057 1.24327911433 0.725920363186 0.745152744391
207 43391.0 1565.0 3669.0 648.0 0.0526 0.2036 1.34325624534 0.730045908848 0.899285051213
208 63429.0 98.0 38146.0 11596.0 0.0218 0.1309 0.934832899996 0.731405196016 -0.160323377422
209 2276.0 423.0 196.0 63.0 0.1228 0.3457 1.00115907275 0.638122052367 0.499537383109
210 48690.0 1741.0 6198.0 668.0 0.0233 0.2029 1.43341033977 0.731842155453 0.840379465622
211 33488.0 1908.0 790.0 385.0 0.1618 0.2287 0.958502576129 0.714653814805 0.893570430283
212 34373.0 1637.0 997.0 467.0 0.0941 0.2182 0.96493601056 0.720332950118 0.860330109949
213 8221.0 88.0 2900.0 1326.0 0.0662 0.1737 0.875543301641 0.687121854725 0.842661740698
214 19577.0 390.0 1911.0 986.0 0.0848 0.1821 0.938440740605 0.726213248224 0.908415453113
215 56578.0 189.0 50786.0 6146.0 0.0066 0.1384 1.16469275075 0.747799531535 -0.996027660932
216 38489.0 2062.0 3372.0 420.0 0.044 0.2248 1.48296342777 0.717539219601 0.86404149705
217 24284.0 506.0 2416.0 992.0 0.0735 0.1827 1.00195843805 0.730837080159 0.916764028923
218 25934.0 540.0 3534.0 1008.0 0.0517 0.1825 1.08526488263 0.732293427661 0.859429412395
219 68845.0 1303.0 2983.0 1346.0 0.0738 0.1767 0.982676884584 0.75000021811 0.905024327133
220 70517.0 446.0 23990.0 3774.0 0.0137 0.1475 1.18856443555 0.76094839276 0.170814987445
221 29465.0 1654.0 820.0 382.0 0.1156 0.228 0.960753884471 0.713380909662 0.874749755007
222 20967.0 281.0 2060.0 1438.0 0.1032 0.1701 0.809118907865 0.728522266463 0.881685093706
223 137129.0 355.0 89037.0 9667.0 0.0064 0.1301 1.27000724486 0.775173524942 -0.621877076091
224 52226.0 337.0 8642.0 3447.0 0.045 0.1492 1.01092900841 0.752795882048 0.874594228532
225 41852.0 290.0 6127.0 3063.0 0.0664 0.1516 0.925993792269 0.746483685784 0.856746543413
226 19543.0 980.0 1408.0 399.0 0.0704 0.2222 1.13795944914 0.711873725467 0.876283682671
227 95596.0 118.0 62701.0 15768.0 0.0181 0.1256 1.0267177737 0.745152281271 0.161880586319
228 432046.0 1258.0 45047.0 11279.0 0.0231 0.1286 1.12887760034 0.800667298022 0.591623072047
229 6834.0 257.0 1184.0 423.0 0.0468 0.2119 0.926888205632 0.694498444323 0.625137921175
230 46153.0 291.0 9427.0 3409.0 0.045 0.1494 1.00053237085 0.748948937311 0.822298067782
231 36135.0 948.0 3349.0 863.0 0.0428 0.1901 1.07970282381 0.734932513059 0.732941359006
232 36282.0 877.0 2659.0 936.0 0.0709 0.1869 1.10882828264 0.736446478601 0.923252733661
233 15363.0 257.0 2396.0 1090.0 0.0773 0.178 0.914323461254 0.719475238814 0.82252589158
234 50124.0 1120.0 11411.0 1077.0 0.0111 0.1832 1.36855351389 0.742719189698 0.517808871087
235 26508.0 539.0 4081.0 1035.0 0.0475 0.1816 1.15187209986 0.732852104408 0.869295742511
236 15968.0 53.0 3836.0 4008.0 0.168 0.1531 0.647229542208 0.680049096153 0.968846911716
237 40299.0 309.0 5351.0 2777.0 0.0661 0.1539 0.886135620628 0.745957609453 0.852794745642
238 141748.0 536.0 122516.0 7014.0 0.0025 0.1356 1.38060705282 0.777891785576 -1.01514818921
239 6513.0 95.0 892.0 959.0 0.1641 0.1822 0.665271453011 0.683401144102 0.946427763607
240 2703.0 36.0 1195.0 743.0 0.1045 0.1972 0.703188271897 0.625205105276 0.71731315741
241 2604.0 22.0 1652.0 981.0 0.1076 0.1999 0.709239760626 0.588937017538 0.926192632171
242 7643.0 70.0 1506.0 1458.0 0.1693 0.1725 0.681516045489 0.677875093998 0.967444385942
243 18305.0 78.0 3202.0 3534.0 0.1384 0.1523 0.62390642228 0.699946852706 0.866223192351
244 5070.0 75.0 843.0 873.0 0.1988 0.1861 0.661274527632 0.671030591334 0.922276212843
245 3149.0 66.0 1248.0 562.0 0.0846 0.2004 0.893314581177 0.654638206422 0.920133268884
246 8640.0 61.0 1575.0 1851.0 0.1755 0.1676 0.593722597763 0.67514106554 0.972456061979
247 2189.0 76.0 457.0 330.0 0.1722 0.2204 0.757337427527 0.649006890608 0.926371425793
248 11470.0 53.0 4637.0 2794.0 0.0921 0.1601 0.805182763985 0.674115292367 0.964059235456
249 821.0 35.0 173.0 197.0 0.2799 0.2477 0.568034564115 0.594597439179 0.778600977507
250 12038.0 74.0 3080.0 2315.0 0.1153 0.1613 0.748742437432 0.689465159793 0.939039025112
251 3648.0 97.0 491.0 486.0 0.232 0.205 0.683605816361 0.668771910959 0.91125872606
252 7547.0 34.0 1886.0 2380.0 0.1796 0.1695 0.546957986087 0.640483683419 0.96920025013
253 466.0 25.0 63.0 132.0 0.563 0.2726 0.381960168651 0.56323155361 0.0122214122137
254 8575.0 14.0 3964.0 4462.0 0.2194 0.1933 0.463663502528 0.548749992675 0.93417353456
255 5516.0 22.0 2329.0 2209.0 0.1263 0.182 0.577386112809 0.599541653575 0.783833938166
256 3802.0 76.0 610.0 623.0 0.1822 0.1965 0.676593028653 0.663825530053 0.839169225452
257 2011.0 29.0 1553.0 619.0 0.0573 0.2061 0.782163841538 0.605893827847 0.633867047354
258 5957.0 85.0 2593.0 948.0 0.0543 0.1832 0.938898803455 0.67822625692 0.838138281139
259 3903.0 12.0 3690.0 2089.0 0.0931 0.2164 0.603127245188 0.519987617944 0.406859107367
260 10450.0 90.0 1811.0 1704.0 0.1506 0.1671 0.703397097179 0.693220325234 0.960048086732
261 79.0 21.0 7.0 17.0 0.8142 0.4636 0.23133622916 0.489708362159 -0.445888793559
262 20343.0 31.0 14101.0 7325.0 0.063 0.1519 0.76761405851 0.647766507695 0.71637858472
263 7748.0 33.0 7531.0 2496.0 0.0321 0.1691 0.811560511896 0.638901332499 -0.908898390812
264 3958.0 30.0 1630.0 1277.0 0.1396 0.1856 0.65816445967 0.620883305764 0.959875975622
265 2768.0 72.0 929.0 452.0 0.1036 0.2079 0.895801396218 0.653806957242 0.909712255975
266 4789.0 56.0 3115.0 1023.0 0.041 0.1834 0.903703585683 0.658824529906 0.700747111597
267 3237.0 61.0 2193.0 617.0 0.0351 0.1979 0.928019475851 0.652756414736 0.613406014629
268 7817.0 63.0 4815.0 1618.0 0.0397 0.1708 0.916181319215 0.674386840326 0.682334830406
269 4813.0 101.0 785.0 646.0 0.1571 0.1945 0.729496774459 0.677040008121 0.880545382776
270 4100.0 69.0 964.0 733.0 0.1117 0.1916 0.735341910577 0.662993713305 0.896238981938
271 4934.0 56.0 1216.0 1058.0 0.1777 0.1823 0.711129987345 0.659537827909 0.940382240752
272 4570.0 28.0 4351.0 1560.0 0.0394 0.1824 0.778308609995 0.61810124959 -0.494388285187
273 1328.0 30.0 536.0 381.0 0.1424 0.2221 0.668571196385 0.599573799016 0.874617902512
274 8309.0 150.0 1799.0 864.0 0.0769 0.1847 0.874310843834 0.698529538714 0.849362359873
275 2496.0 40.0 1350.0 631.0 0.0804 0.2007 0.824606341837 0.629262585328 0.877184747692
276 5846.0 42.0 879.0 1566.0 0.2376 0.1755 0.476044513236 0.649076391307 0.965734214434
277 6009.0 90.0 906.0 914.0 0.1945 0.1841 0.696883523561 0.679949338668 0.792428695457
278 4414.0 51.0 3308.0 1001.0 0.0343 0.1845 0.890375458268 0.65300951913 0.403448826459
279 5003.0 39.0 1812.0 1388.0 0.1074 0.1793 0.660462907002 0.641909891395 0.833236819746
280 4580.0 84.0 1554.0 710.0 0.0555 0.1919 0.848814320148 0.670905580844 0.631124479829
281 7450.0 16.0 5578.0 3610.0 0.103 0.1878 0.625531615135 0.566081380509 0.158874812791
282 4781.0 48.0 1362.0 1143.0 0.1452 0.1817 0.665247321487 0.652227498484 0.94704385128
283 9828.0 68.0 3726.0 1970.0 0.0659 0.1655 0.806696145789 0.682099528403 0.779611149178
284 4185.0 58.0 868.0 857.0 0.1884 0.188 0.661129625718 0.657200357528 0.88103765839
285 6632.0 42.0 1209.0 1799.0 0.2188 0.1723 0.525157589136 0.651662660224 0.962260936221
286 4467.0 59.0 2784.0 910.0 0.0415 0.1862 0.904054214639 0.659238133105 0.758770791168
287 4852.0 47.0 1239.0 1179.0 0.1497 0.181 0.660309167254 0.651411546215 0.958483527519
288 580.0 11.0 446.0 284.0 0.1474 0.2681 0.564460165053 0.489199773572 0.714317033283
289 2877.0 28.0 965.0 941.0 0.2108 0.1946 0.610338444398 0.610368244337 0.970331169479
290 1190.0 26.0 301.0 372.0 0.285 0.2239 0.503956562462 0.587826078344 0.890551079308
291 5476.0 75.0 2893.0 952.0 0.045 0.1834 0.948344339937 0.672623012589 0.793723541863
292 8757.0 60.0 4690.0 1901.0 0.0498 0.1673 0.860193418974 0.674603509837 0.584478536922
293 3851.0 31.0 3267.0 1213.0 0.0445 0.1865 0.79595082608 0.622583608769 0.394396427042
294 2062.0 18.0 1509.0 857.0 0.0955 0.2102 0.649058899529 0.566007260431 0.513019408316
295 3534.0 75.0 405.0 579.0 0.2237 0.199 0.575862442727 0.661341792906 0.882546955063
296 3311.0 30.0 2531.0 1050.0 0.0564 0.1903 0.787642950325 0.617811205278 0.798305363927
297 11227.0 84.0 3210.0 1947.0 0.0971 0.1645 0.817921316086 0.692590486413 0.823906550465
298 3333.0 42.0 1316.0 842.0 0.1245 0.1917 0.76861754454 0.638039349679 0.911132128213
299 7395.0 70.0 1439.0 1406.0 0.1479 0.1733 0.63783297676 0.6771422301 0.835475487005
300 8072.0 81.0 3398.0 1386.0 0.0574 0.1729 0.903222303106 0.684138815548 0.815738261761
301 3724.0 40.0 1209.0 985.0 0.1556 0.1878 0.67813130218 0.637648321123 0.940918291235
302 2398.0 33.0 456.0 690.0 0.254 0.2006 0.48387091413 0.617819875506 0.878807826888
303 3430.0 48.0 1653.0 789.0 0.0787 0.1922 0.827467133615 0.644862220666 0.879171220041
304 2643.0 23.0 1370.0 970.0 0.1234 0.1993 0.621443769509 0.593073010491 0.686712624955
305 7472.0 61.0 1876.0 1576.0 0.1369 0.1714 0.677641453822 0.672074375307 0.903998134655
306 9976.0 72.0 1071.0 1920.0 0.2313 0.1657 0.516186801432 0.684590481104 0.973723318861
307 4209.0 61.0 1776.0 830.0 0.07 0.1889 0.811758383686 0.659177571272 0.63189842587
308 13195.0 91.0 2130.0 2190.0 0.185 0.1613 0.685968354225 0.698618081074 0.974974276621
309 3633.0 60.0 449.0 712.0 0.2382 0.1932 0.521753806357 0.654987958012 0.82146857079
310 6419.0 20.0 6343.0 2742.0 0.0512 0.1814 0.710071019676 0.591482883939 -1.29226045259
311 8433.0 62.0 2418.0 1781.0 0.113 0.1685 0.720850031124 0.675254877387 0.921355213707
312 3289.0 37.0 1805.0 906.0 0.0794 0.1909 0.779772652335 0.630675614095 0.842216822623
313 116.0 11.0 30.0 47.0 0.4909 0.3599 0.248088376767 0.462377152178 0.816846886329
314 13586.0 69.0 2982.0 2786.0 0.1612 0.1579 0.717683623288 0.689264126703 0.964435478473
315 3489.0 42.0 1121.0 886.0 0.1522 0.1902 0.697066065742 0.638828690943 0.948929079188
316 3846.0 61.0 452.0 750.0 0.2436 0.192 0.503310685952 0.656959144257 0.857185979858
317 3339.0 26.0 1669.0 1161.0 0.132 0.1909 0.694113460578 0.607201584369 0.875359360772
318 10099.0 35.0 4924.0 3204.0 0.0904 0.1632 0.702561495559 0.647223860428 0.765868340362
319 1772.0 41.0 810.0 421.0 0.1058 0.2147 0.81549952333 0.621973201068 0.930126134588
320 3126.0 34.0 1290.0 907.0 0.104 0.1925 0.669452899266 0.624653931911 0.840569054199
321 11688.0 120.0 2630.0 1535.0 0.0907 0.1688 0.81807017469 0.70333307206 0.802136039949
322 1009.0 36.0 110.0 244.0 0.4764 0.2369 0.389377485756 0.602065922433 0.248504379824
323 5232.0 61.0 1181.0 1060.0 0.1572 0.1816 0.669056695606 0.664251020872 0.965544363707
324 11320.0 88.0 1590.0 1896.0 0.1441 0.1648 0.642929669773 0.694268711785 0.967605340895
325 3006.0 57.0 498.0 598.0 0.2253 0.1991 0.601994362778 0.648821225499 0.880995931612
326 15661.0 118.0 1975.0 2160.0 0.1142 0.1606 0.672568107609 0.709632342781 0.915587875927
327 2725.0 30.0 1007.0 847.0 0.1804 0.1963 0.675745955158 0.613692564478 0.915577236304
328 7034.0 121.0 1077.0 857.0 0.1603 0.1854 0.780453253042 0.690499660583 0.948120982233
329 5297.0 45.0 991.0 1340.0 0.2023 0.1784 0.496228899731 0.651086342259 0.919377174511
330 6481.0 25.0 1638.0 2439.0 0.2139 0.1762 0.466096641641 0.613822969474 0.859689482282
331 4350.0 12.0 2382.0 2342.0 0.2246 0.2145 0.511833886508 0.520818089061 0.939051757506
332 5857.0 52.0 1737.0 1351.0 0.128 0.1768 0.736437928813 0.659914689427 0.914835295835
333 8518.0 185.0 1216.0 740.0 0.0813 0.1901 0.787913479603 0.700883640635 0.686872902795
334 4517.0 56.0 658.0 959.0 0.2554 0.1852 0.498024822403 0.657857448833 0.949145171816
335 3333.0 56.0 840.0 681.0 0.1575 0.1954 0.710814251268 0.65061152156 0.849542323479
336 3491.0 79.0 1510.0 548.0 0.0582 0.2006 0.921235011633 0.662762985657 0.794347810593
337 2706.0 32.0 1553.0 806.0 0.0831 0.1962 0.747448969644 0.618306181384 0.816883695782
338 7057.0 110.0 2044.0 931.0 0.0722 0.1827 0.880297894153 0.688620168734 0.824966489262
339 7994.0 12.0 7891.0 4436.0 0.0855 0.2053 0.603688140048 0.524819144208 -0.125730612221
340 7747.0 54.0 1773.0 1792.0 0.2101 0.1694 0.698657463491 0.667555894439 0.78859460525
341 1635.0 54.0 282.0 311.0 0.3075 0.2238 0.683575513211 0.630832555507 0.293329587977
342 1700.0 70.0 416.0 263.0 0.1234 0.2303 0.790062393487 0.639467824714 0.69887388219
343 5315.0 63.0 945.0 1053.0 0.1534 0.1817 0.625132993047 0.665996982815 0.920560400716
344 3591.0 70.0 738.0 623.0 0.1689 0.1967 0.695076449372 0.659696170084 0.950095621104
345 2789.0 38.0 812.0 741.0 0.1916 0.1968 0.650632743889 0.628949701059 0.964645138563
346 15564.0 117.0 2173.0 2160.0 0.1371 0.1606 0.687833518423 0.709361437864 0.932078852047
347 8392.0 161.0 1872.0 822.0 0.0668 0.1863 0.882126013107 0.699544328724 0.771910014515
348 6082.0 62.0 3672.0 1239.0 0.0416 0.1773 0.907526658531 0.668374464765 0.703173972242
349 1804.0 11.0 1421.0 960.0 0.1384 0.2381 0.555579326934 0.500587475884 0.484264903991
350 5261.0 85.0 1588.0 824.0 0.0815 0.1873 0.849477488135 0.675346769096 0.883459980083
351 25158.0 127.0 6252.0 3452.0 0.0769 0.1503 0.881701602231 0.721939750697 0.939016564126
352 3422.0 42.0 1195.0 867.0 0.128 0.1908 0.691304619412 0.638612575966 0.921802418433
353 5970.0 25.0 3195.0 2232.0 0.0987 0.1778 0.632165010538 0.61270163692 0.206797132676
354 6772.0 64.0 2576.0 1363.0 0.0795 0.1747 0.813119122021 0.671772972762 0.877816037597
355 7132.0 21.0 6495.0 2987.0 0.0571 0.1782 0.7170712059 0.597956004567 0.12110150944
356 9416.0 47.0 1867.0 2446.0 0.193 0.1643 0.599154243373 0.664247909633 0.906484915135
357 2021.0 15.0 1527.0 928.0 0.1099 0.2177 0.620850513492 0.544745039179 0.584638192482
358 6715.0 26.0 3120.0 2476.0 0.1239 0.1748 0.631908459644 0.617773180745 0.889694897818
359 3022.0 77.0 790.0 474.0 0.1218 0.2058 0.818499494908 0.65826444316 0.894027719514
360 3369.0 31.0 2520.0 1047.0 0.0566 0.1896 0.790463757323 0.620151393528 0.781394412045
361 2768.0 20.0 1097.0 1109.0 0.1633 0.2003 0.495944174554 0.580905964016 0.711712784481
362 2699.0 80.0 366.0 403.0 0.2494 0.2124 0.651961767946 0.655885113763 0.872456971133
363 2472.0 67.0 515.0 421.0 0.2247 0.2112 0.796368108129 0.64849737971 0.810992992138
364 1684.0 23.0 482.0 592.0 0.2524 0.2115 0.495897705915 0.585578440819 0.901609806533
365 6187.0 43.0 1905.0 1640.0 0.1146 0.1741 0.682021959731 0.651521279225 0.89024251336
366 7361.0 53.0 2310.0 1716.0 0.0945 0.1706 0.694957018487 0.665549756105 0.880346894057
367 4974.0 15.0 4648.0 2429.0 0.0761 0.1982 0.648640700296 0.553926539872 -0.250480597946
368 5837.0 38.0 3043.0 1673.0 0.0812 0.1754 0.756100230029 0.643417015763 0.432449753701
369 9799.0 20.0 9345.0 4304.0 0.055 0.1741 0.70986227394 0.596068494969 0.292313349375
370 4228.0 43.0 808.0 1078.0 0.2173 0.1844 0.567874122712 0.643917282109 0.904577394034
371 4302.0 49.0 2302.0 1001.0 0.0668 0.1851 0.861464330768 0.650472866338 0.898461212374
372 2293.0 17.0 1451.0 993.0 0.1334 0.2093 0.633287063885 0.561177896418 0.900993934486
373 1774.0 57.0 1095.0 327.0 0.0448 0.2221 0.9088264778 0.634562033314 0.633612056161
374 10693.0 80.0 2175.0 1914.0 0.141 0.1651 0.720981616822 0.689789434941 0.970650626772
375 3235.0 62.0 1470.0 609.0 0.0663 0.1983 0.865135213641 0.653404368316 0.795197508641
376 3072.0 68.0 1069.0 534.0 0.0877 0.2022 0.824140813273 0.655258820351 0.824452495044
377 4020.0 118.0 507.0 459.0 0.183 0.2073 0.705570553247 0.674140801317 0.92130011523
378 3391.0 61.0 919.0 651.0 0.1373 0.1959 0.753751960129 0.654204341524 0.869015864188
379 5014.0 44.0 1564.0 1281.0 0.1282 0.1798 0.645698164767 0.648736089784 0.835752605057
380 4291.0 48.0 994.0 1013.0 0.1604 0.1849 0.609957633285 0.649663116781 0.933679646423
381 230.0 20.0 73.0 68.0 0.3723 0.319 0.646696580502 0.527770347777 0.356637767982
382 9381.0 93.0 2193.0 1471.0 0.107 0.1709 0.792058044357 0.691628648971 0.952980706427
383 3060.0 51.0 818.0 664.0 0.1754 0.197 0.713740440875 0.644877529712 0.779635093122
384 8740.0 25.0 2535.0 3364.0 0.1927 0.1701 0.455567780039 0.617819625617 0.748172441132
385 2974.0 32.0 604.0 894.0 0.2673 0.1938 0.490495031715 0.620039626454 0.887553988396
386 2230.0 55.0 370.0 438.0 0.1957 0.211 0.560690365585 0.639876232684 0.932565583742
387 1639.0 28.0 935.0 505.0 0.101 0.2131 0.742165021378 0.599198525923 0.896325875294
388 4167.0 12.0 2912.0 2238.0 0.163 0.2153 0.584340604775 0.520428844257 0.946102175399
389 2078.0 58.0 697.0 387.0 0.0953 0.2146 0.737623486101 0.63945385348 0.742132877929
390 2220.0 35.0 1028.0 608.0 0.0916 0.2035 0.696913101942 0.619236860766 0.698195306417
391 4241.0 57.0 695.0 881.0 0.2269 0.1874 0.575681685504 0.656645970121 0.884651808351
392 4211.0 41.0 1193.0 1109.0 0.1836 0.1845 0.644573097768 0.641509585966 0.935465975332
393 4425.0 82.0 1128.0 696.0 0.1314 0.1926 0.839578740805 0.669839548396 0.91642600928
394 2579.0 22.0 2241.0 970.0 0.0599 0.2003 0.727190808432 0.588679297338 0.403898245149
395 5410.0 68.0 1342.0 1013.0 0.1588 0.1823 0.79586959666 0.66894089634 0.900857969134
396 7112.0 48.0 3999.0 1772.0 0.0614 0.1709 0.853505761046 0.660058421383 0.858088068472
397 6199.0 23.0 4594.0 2441.0 0.0771 0.1787 0.725802511401 0.605455774923 0.877152249122
398 3661.0 55.0 497.0 768.0 0.2621 0.1914 0.495651904194 0.652281780588 0.892412522304
399 1657.0 19.0 804.0 654.0 0.1155 0.2161 0.553098716205 0.568167627465 0.298940714134
400 4145.0 43.0 800.0 1055.0 0.1819 0.1851 0.558849872823 0.643563359142 0.946043605988
401 4555.0 62.0 593.0 896.0 0.2068 0.1861 0.535074004098 0.661711005841 0.960116762027
402 3800.0 30.0 2164.0 1221.0 0.0873 0.1867 0.723555736518 0.620118177087 0.888242954993
403 5955.0 60.0 1010.0 1240.0 0.2146 0.1775 0.641811391005 0.666511039447 0.873861922807
404 5584.0 23.0 3871.0 2182.0 0.0876 0.1808 0.724476104987 0.604151301668 0.935013172421
405 1696.0 14.0 789.0 797.0 0.2125 0.2245 0.483616482401 0.534019487594 0.937943959601
406 5926.0 84.0 1147.0 951.0 0.1824 0.183 0.769148260687 0.677652612694 0.90623905975
407 3539.0 56.0 652.0 729.0 0.2233 0.1934 0.608085747283 0.652153018897 0.765758165878
408 3873.0 20.0 2358.0 1594.0 0.1239 0.192 0.671707086851 0.585409666446 0.943818649831
409 1386.0 24.0 209.0 464.0 0.4447 0.2187 0.293264044947 0.584845122836 0.799130509907
410 3586.0 52.0 651.0 782.0 0.1723 0.1918 0.590645911546 0.649186035305 0.881046436452
411 22511.0 117.0 11217.0 3256.0 0.0209 0.1518 0.933267147758 0.717395395568 -0.0556656099911
412 7069.0 68.0 2007.0 1366.0 0.111 0.1743 0.756742663298 0.674934650928 0.920669656323
413 10670.0 63.0 3190.0 2282.0 0.112 0.1628 0.748654699597 0.680699862998 0.940469481789
414 5541.0 25.0 3707.0 2060.0 0.0733 0.1794 0.674189491509 0.611661627188 -0.343968306451
415 5956.0 73.0 4914.0 1068.0 0.0201 0.1804 0.970543606867 0.67348418347 0.231285787618
416 8964.0 39.0 3267.0 2626.0 0.1344 0.1653 0.703834360213 0.652468164129 0.976503432538
417 1806.0 41.0 1061.0 431.0 0.0667 0.2134 0.829181986576 0.623000436386 0.763954385127
418 5086.0 48.0 2104.0 1224.0 0.1 0.18 0.7994817462 0.653401559904 0.942571418666
419 8893.0 115.0 2080.0 1167.0 0.1091 0.1764 0.895846638732 0.695496915126 0.959342295831
420 3079.0 44.0 1250.0 745.0 0.0943 0.1948 0.737635097362 0.638228079732 0.848185872014
421 2722.0 28.0 2476.0 885.0 0.043 0.1964 0.776940438919 0.609019144646 -0.283801347814
422 9502.0 59.0 4143.0 2106.0 0.054 0.1651 0.755763642851 0.675505561103 0.0267614335473
423 12696.0 78.0 2759.0 2361.0 0.1333 0.1605 0.700591459016 0.692609963969 0.920135235915
424 1963.0 50.0 455.0 408.0 0.1997 0.2139 0.651606425978 0.633460597251 0.947563470379
425 2743.0 30.0 1821.0 854.0 0.0689 0.1958 0.749568963528 0.614236888828 0.679683590958
426 2965.0 17.0 1753.0 1309.0 0.1409 0.2033 0.598797202089 0.564190901726 0.895350808141
427 508.0 24.0 68.0 150.0 0.6324 0.2644 0.333916161877 0.564128139843 -0.610664160448
428 3715.0 42.0 933.0 949.0 0.1634 0.1881 0.659664206566 0.63994487266 0.864422724219
429 2952.0 26.0 1131.0 1014.0 0.1913 0.1946 0.632428067256 0.604872293869 0.97325341267
430 1472.0 42.0 463.0 335.0 0.1616 0.2229 0.707756056982 0.618209618527 0.932237436916
431 3361.0 57.0 582.0 679.0 0.2406 0.195 0.598971794065 0.651548630782 0.796196710514
432 369.0 15.0 157.0 143.0 0.2378 0.2798 0.492829321023 0.5178280591 0.823631269892
433 4768.0 37.0 3332.0 1364.0 0.0534 0.1806 0.817261095641 0.63802994352 0.80051758725
434 2961.0 32.0 890.0 890.0 0.2263 0.1939 0.635063845133 0.620187701825 0.953099190434
435 3010.0 35.0 2169.0 853.0 0.0533 0.1932 0.807720554611 0.625609484962 0.409316036097
436 2521.0 60.0 404.0 470.0 0.2069 0.2074 0.586419882265 0.645424497496 0.911760171957
437 5414.0 12.0 5124.0 2948.0 0.0929 0.2111 0.602898185445 0.522270222024 0.390571269576
438 2468.0 64.0 317.0 436.0 0.2306 0.2096 0.535341662144 0.647146881879 0.92408813427
439 2915.0 19.0 2708.0 1208.0 0.0609 0.1998 0.69932570929 0.576057252708 0.293387451657
440 1044.0 29.0 527.0 297.0 0.1173 0.2322 0.725421433713 0.592115456099 0.868677644597
441 8664.0 66.0 2082.0 1752.0 0.1603 0.1683 0.747863904208 0.678363574128 0.9596080721
442 4283.0 60.0 1332.0 857.0 0.1159 0.1879 0.765124230628 0.658875722694 0.918887438954
443 2148.0 71.0 267.0 341.0 0.2467 0.219 0.557663017017 0.6456157091 0.918837431234
444 1294.0 24.0 579.0 430.0 0.1505 0.2212 0.627795513893 0.584166755123 0.926985129757
445 7959.0 81.0 1530.0 1364.0 0.1294 0.1732 0.684154765253 0.683741141056 0.829654960729
446 5152.0 67.0 1288.0 970.0 0.1193 0.1835 0.729581771661 0.667375573538 0.880628675078
447 1765.0 38.0 368.0 444.0 0.247 0.2132 0.560841300791 0.618976398243 0.948507692769
448 5468.0 47.0 3400.0 1346.0 0.0529 0.1776 0.864359889326 0.653923792008 0.771003328193
449 8920.0 79.0 1287.0 1580.0 0.1804 0.1696 0.618492905229 0.685567767319 0.96955340368
450 10987.0 88.0 2615.0 1833.0 0.0963 0.1656 0.753881718857 0.693506253016 0.882754565288
451 6189.0 31.0 5808.0 2035.0 0.0366 0.1744 0.798660310054 0.630700196788 -0.157310017491
452 139.0 14.0 49.0 49.0 0.3116 0.341 0.474228457815 0.491848583459 0.707326698821
453 3712.0 32.0 1053.0 1141.0 0.189 0.1871 0.571706659317 0.624346691985 0.952713542823
454 4257.0 64.0 505.0 811.0 0.2767 0.189 0.49610013827 0.661427267174 0.905026184316
455 28590.0 59.0 25546.0 7007.0 0.0211 0.1426 0.925191238318 0.695433288303 -0.595860964838
456 4252.0 57.0 2110.0 884.0 0.0632 0.1873 0.865487618764 0.657007383197 0.812934232669
457 1730.0 68.0 184.0 275.0 0.294 0.2285 0.511157705246 0.639208995877 0.913624101974
458 3303.0 72.0 853.0 554.0 0.0969 0.2008 0.736713908192 0.658339740296 0.792883388352
459 14283.0 80.0 3772.0 2638.0 0.1233 0.158 0.827596349011 0.695916920679 0.922102475653
460 1096.0 28.0 124.0 322.0 0.7092 0.2278 0.387333053688 0.590834103 -3.62542052432
461 6553.0 101.0 1354.0 919.0 0.1038 0.1834 0.759772261521 0.685207008632 0.889050865872
462 5035.0 20.0 3764.0 2114.0 0.0823 0.1863 0.66983847794 0.588576214094 0.322775438871
463 8066.0 79.0 1881.0 1412.0 0.0979 0.1727 0.749988869504 0.683238995568 0.914989986238
464 1123.0 36.0 305.0 276.0 0.2206 0.2319 0.631283011003 0.604426503127 0.934776166529
465 6211.0 53.0 1972.0 1422.0 0.0899 0.1752 0.7034361816 0.662023035934 0.764035923789
466 6220.0 79.0 3538.0 1055.0 0.0376 0.1804 0.968438584363 0.677263110643 0.823357663676
467 5569.0 100.0 1564.0 770.0 0.0767 0.1887 0.83140015402 0.680651811505 0.71036154678
468 6649.0 142.0 1619.0 701.0 0.0838 0.1916 0.949556495324 0.691402528764 0.919715976825
469 5468.0 57.0 934.0 1171.0 0.1797 0.1795 0.609828892008 0.662600452597 0.918419499248
470 5829.0 27.0 2266.0 2077.0 0.1654 0.1772 0.60947703048 0.618927231924 0.922162971815
471 1295.0 79.0 594.0 172.0 0.0556 0.2516 0.95325621679 0.633423388747 0.632066541453
472 5371.0 86.0 1639.0 835.0 0.0894 0.1867 0.860514776689 0.675780598501 0.903599365087
473 3470.0 47.0 676.0 812.0 0.2386 0.1914 0.573571827859 0.644081151831 0.959677417379
474 2846.0 89.0 289.0 392.0 0.2597 0.2132 0.572864337499 0.659686208312 0.903911940514
475 1540.0 31.0 1146.0 440.0 0.0579 0.216 0.797152011396 0.60502938596 0.363413281421
476 1158.0 47.0 376.0 233.0 0.1354 0.2373 0.744703167534 0.615890692641 0.768548168113
477 3741.0 64.0 3303.0 701.0 0.02 0.1934 0.944882195684 0.658239534527 -0.346876949412
478 10746.0 196.0 4252.0 919.0 0.0287 0.1829 1.10818625027 0.708062100811 0.714336787293
479 2486053.0 315.0 560403.0 246985.0 0.0275 0.0935 1.04452813546 0.823995975375 0.825051677338
480 3293664.0 567.0 612667.0 207695.0 0.0216 0.0941 1.1215690163 0.838158086333 0.739674847325
481 1925.0 199.0 320.0 116.0 0.0952 0.2822 0.954785944678 0.649583664077 0.738561189268
482 5204.0 237.0 2408.0 330.0 0.0191 0.2228 1.19620673231 0.685384351158 0.674206854951
483 6329.0 61.0 2000.0 1310.0 0.1046 0.1762 0.757701787203 0.668495404609 0.920176148771
484 756.0 147.0 117.0 47.0 0.2105 0.3606 1.03150676281 0.61092692555 0.524980447812
485 4008.0 197.0 1773.0 287.0 0.0251 0.2285 1.1579682522 0.67658055399 0.742547819364
486 2488111.0 479.0 197228.0 176582.0 0.0554 0.0956 0.872362185212 0.8315696145 0.881432441052
487 4875.0 93.0 1353.0 702.0 0.0707 0.192 0.86026136222 0.675520823775 0.884012977871
488 2939654.0 388.0 586830.0 250591.0 0.0416 0.093 1.09973546816 0.830716403199 0.92506814744
489 2194712.0 389.0 336517.0 182789.0 0.048 0.0956 0.979443191813 0.826340588458 0.92252506454
490 6982.0 285.0 1963.0 393.0 0.0374 0.2157 1.16399715821 0.694177047429 0.770058019251
491 18272.0 89.0 11134.0 3195.0 0.0284 0.1534 0.979161079524 0.704748942556 0.595369949949
492 6331.0 208.0 2862.0 471.0 0.0226 0.2068 1.16656058939 0.692561853245 0.791435289047
493 4085596.0 696.0 345661.0 220734.0 0.0412 0.0934 0.941767737814 0.843690693391 0.743661696974
494 2323973.0 424.0 708360.0 181235.0 0.0114 0.0955 1.10903054593 0.828669304139 0.245231730035
495 2767599.0 485.0 393434.0 195952.0 0.0323 0.0947 1.03048556645 0.833414282263 0.846544177881
496 2610786.0 319.0 615884.0 257632.0 0.0366 0.0931 1.07772374869 0.824982919188 0.889572920897
497 1522855.0 298.0 387477.0 152712.0 0.0362 0.0976 1.08514366513 0.815501775078 0.913693116322
498 2512186.0 429.0 773658.0 195106.0 0.0134 0.0949 1.14854166004 0.830057942714 0.581134421594
499 2405864.0 390.0 680313.0 201312.0 0.0177 0.0948 1.0883747431 0.827790776827 0.551217219237
500 8962.0 157.0 1300.0 906.0 0.0748 0.1832 0.73546073485 0.701073214227 0.64109811261
501 8335.0 353.0 3774.0 396.0 0.0134 0.2163 1.27859502559 0.699066018936 0.662019672151
502 1853.0 51.0 740.0 376.0 0.1093 0.2166 0.853705832939 0.632331165563 0.748740679764
503 1101214.0 203.0 202694.0 145359.0 0.0522 0.0991 0.900492749071 0.800824667021 0.935202355878
504 10722.0 113.0 6492.0 1463.0 0.0225 0.1702 1.02310650666 0.699861166113 0.425584358763
505 1778383.0 459.0 1095835.0 127372.0 0.0055 0.0986 1.32874643816 0.825603123443 0.469658510149
506 3176923.0 581.0 636552.0 195753.0 0.0249 0.0945 1.18207637831 0.837861218945 0.890245829496
507 5437.0 27.0 2624.0 1926.0 0.1096 0.1787 0.641386307846 0.61782317809 0.797677424086
508 6042.0 222.0 2357.0 419.0 0.028 0.2119 1.17196228803 0.690586443468 0.813482395381
509 6416.0 97.0 2397.0 927.0 0.0613 0.1832 0.941216646784 0.683610716065 0.862448434222
510 5636.0 243.0 2100.0 355.0 0.0267 0.2192 1.16640979354 0.688291978973 0.747003768637
511 825.0 117.0 110.0 67.0 0.2083 0.3207 0.829442426575 0.615554110972 0.72039309501
512 3285955.0 387.0 962392.0 282766.0 0.0216 0.092 1.17001922912 0.832309843442 0.815130489878
513 2368067.0 356.0 516096.0 212772.0 0.0279 0.0945 1.07537439574 0.825836712919 0.811937304157
514 2617590.0 343.0 778277.0 244011.0 0.0269 0.0934 1.18257398991 0.826577130597 0.890501218857
515 5061.0 112.0 2277.0 627.0 0.0352 0.1957 0.958658501117 0.680255573901 0.611535576853
516 2665694.0 552.0 589245.0 169196.0 0.0173 0.0958 1.14581092616 0.834478218116 0.718400347293
517 604.0 82.0 115.0 65.0 0.1768 0.3203 0.776016338668 0.60554209359 0.689093557969
518 5465.0 180.0 1703.0 452.0 0.0433 0.2081 1.02450904536 0.687352999287 0.627190853559
519 6145.0 48.0 4789.0 1508.0 0.034 0.1748 0.882523505858 0.657096600524 0.551042496019
520 2783.0 165.0 1447.0 219.0 0.022 0.2417 1.1283235868 0.663653633042 0.560264458146
521 3230.0 25.0 1413.0 1147.0 0.1388 0.1923 0.622667897783 0.603286233667 0.935686641222
522 4546.0 54.0 1164.0 992.0 0.1345 0.1844 0.686140839847 0.656209543609 0.938375204372
523 3222.0 40.0 1022.0 839.0 0.1565 0.192 0.667167446867 0.634557215571 0.947690911005
524 5785.0 22.0 1639.0 2325.0 0.3239 0.181 0.505168547294 0.600160200055 0.8955025692
525 2927779.0 429.0 616969.0 229972.0 0.0259 0.0935 1.07237539608 0.832405452197 0.82015058956
526 2090616.0 308.0 401649.0 208952.0 0.0321 0.0949 0.938370383932 0.820964971343 0.755134968045
527 14857.0 195.0 2961.0 1338.0 0.051 0.1719 0.928240609219 0.716793745341 0.858608725886
528 678788.0 335.0 99855.0 58259.0 0.0585 0.1067 0.961750762924 0.804809046018 0.921780629834
529 924.0 98.0 185.0 93.0 0.1142 0.2929 0.80100980768 0.62289061632 0.615509681352
530 6301.0 257.0 2782.0 384.0 0.0193 0.2161 1.21298367178 0.691725930146 0.755576048961
531 1526475.0 359.0 294729.0 131968.0 0.0429 0.0986 1.06445132888 0.819262729748 0.923250553455
532 2058936.0 277.0 339504.0 223300.0 0.0616 0.0946 0.924371527059 0.818259808972 0.903008383331
533 41362.0 445.0 12162.0 2066.0 0.0205 0.1614 1.22591506969 0.747108910621 0.820460883954
534 2532538.0 378.0 316155.0 217990.0 0.0611 0.0942 0.895046237892 0.827992309698 0.870595285529
535 2675545.0 508.0 356453.0 181858.0 0.0397 0.0953 1.02229023029 0.833506555715 0.843601202338
536 381030.0 256.0 68587.0 38728.0 0.0674 0.1117 0.968835576567 0.789931672913 0.978779082738
537 3634366.0 340.0 638668.0 349338.0 0.05 0.0906 0.998846991884 0.831148395174 0.910830088577
538 3613809.0 387.0 904983.0 313130.0 0.0253 0.0912 1.12481147626 0.83370677714 0.798470174206
539 795.0 119.0 216.0 63.0 0.1031 0.3258 1.04435334798 0.615335115069 0.578067195018
540 2857751.0 304.0 793915.0 295055.0 0.0332 0.0922 1.13540397751 0.825200323692 0.911886675208
541 3082.0 38.0 1113.0 828.0 0.1561 0.1932 0.737996564829 0.631099800115 0.764538044265
542 1122.0 143.0 218.0 82.0 0.1309 0.3067 0.977182461829 0.630582637855 0.701909385714
543 34830.0 121.0 24511.0 5136.0 0.016 0.1429 1.05198029748 0.727275128498 0.198690843497
544 127838.0 605.0 26099.0 5610.0 0.0209 0.1399 1.13811563098 0.775381855963 0.684228309649
545 818.0 121.0 135.0 64.0 0.1984 0.3251 0.919212372116 0.614738347443 0.718022619683
546 273041.0 846.0 107079.0 9695.0 0.0067 0.1305 1.40403520455 0.792352089377 0.783162780098
547 1528400.0 325.0 249171.0 143196.0 0.0507 0.098 0.965574121266 0.817389962521 0.95130631872
548 8597.0 236.0 2104.0 600.0 0.0491 0.1977 1.04003984023 0.702003519795 0.82168999486
549 2491339.0 271.0 806379.0 278408.0 0.0298 0.0929 1.15412708325 0.820429705586 0.938356500882
550 13560.0 106.0 4557.0 2003.0 0.0416 0.1627 0.893879007616 0.703552085783 0.79490286998
551 10783.0 105.0 4809.0 1562.0 0.0409 0.1687 0.969419836468 0.698210682569 0.786578364011
552 2407766.0 309.0 673411.0 242563.0 0.0319 0.0937 1.14413270409 0.823112274159 0.95437680803
553 6092.0 82.0 3579.0 1000.0 0.0337 0.1816 0.970612753233 0.677673023204 0.656943643474
554 2336785.0 362.0 170856.0 207112.0 0.0702 0.0947 0.794658575819 0.825970428835 0.906632723731
555 848.0 107.0 106.0 76.0 0.1867 0.3093 0.745571415022 0.617172641911 0.718590437176
556 803718.0 671.0 130493.0 39109.0 0.0337 0.1107 1.19682069466 0.815010810525 0.96372260026
557 337.0 40.0 71.0 61.0 0.2706 0.3223 0.605259931448 0.570630598187 0.758294053539
558 38014.0 115.0 25714.0 5882.0 0.018 0.1408 1.0339690082 0.727586065007 0.3543288338
559 7955.0 109.0 2591.0 1075.0 0.0514 0.1786 0.882696539517 0.691535125619 0.780451845775
560 2143487.0 392.0 357160.0 177053.0 0.0347 0.0958 1.01437450779 0.826106940253 0.917206900394
561 5937490.0 627.0 875005.0 359697.0 0.0257 0.0896 1.06255732877 0.848447248278 0.747931946624
562 1562569.0 364.0 350550.0 133874.0 0.032 0.0984 1.07683003566 0.819882189486 0.871384106343
563 804.0 119.0 149.0 64.0 0.1859 0.3249 0.985172140537 0.614602784016 0.65513547209
564 37184.0 569.0 3640.0 1457.0 0.0399 0.1714 0.966139202089 0.742637051622 0.697752285702
565 3108671.0 286.0 340541.0 338383.0 0.0696 0.0913 0.810189370003 0.824902182555 0.905920381721
566 2682967.0 293.0 774788.0 283742.0 0.0286 0.0926 1.08394562328 0.823421256955 0.772227204981
567 2487338.0 274.0 846175.0 275561.0 0.026 0.093 1.14716141377 0.820686342741 0.926182602132
568 883.0 150.0 156.0 57.0 0.1595 0.3393 1.01521587323 0.618279034686 0.601263972768
569 5342422.0 588.0 465107.0 338941.0 0.0376 0.0901 0.917708659699 0.84608612975 0.636689673857
570 2380326.0 256.0 741435.0 277197.0 0.0309 0.0931 1.09805112871 0.818307672028 0.854607818219
571 2312666.0 282.0 457041.0 249291.0 0.0421 0.0937 0.957501041418 0.820365993891 0.865772465285
572 6770.0 160.0 2454.0 645.0 0.0389 0.1944 1.03702949155 0.693383053551 0.728416739456
573 21468.0 244.0 4392.0 1674.0 0.0624 0.1659 1.01215821989 0.728500627366 0.914511130183
574 696820.0 352.0 92861.0 57563.0 0.0448 0.1067 0.959541195945 0.806062130945 0.922814265488
575 1884185.0 349.0 298377.0 169297.0 0.051 0.0964 0.97809402546 0.822001443778 0.955013235352
576 2559.0 156.0 1256.0 209.0 0.0258 0.2435 1.11273730142 0.662053688964 0.626091216059
577 2135.0 25.0 648.0 729.0 0.2038 0.2042 0.527372495585 0.596513967911 0.942515831764
578 17951.0 195.0 8550.0 1659.0 0.0202 0.1661 1.11516237455 0.721753037898 0.659205904247
579 1669437.0 288.0 357873.0 173077.0 0.0477 0.0966 1.0358914349 0.816111396984 0.937443150763
580 1436020.0 526.0 149084.0 90354.0 0.0481 0.1017 0.953195102256 0.823701457329 0.877626069191
581 2005479.0 425.0 349646.0 154439.0 0.0324 0.0969 1.00493788458 0.82640409438 0.598984326103
582 40812.0 155.0 8031.0 5030.0 0.0773 0.1425 0.845775609583 0.736909881757 0.886584546867
583 19385.0 106.0 6097.0 2981.0 0.0704 0.154 0.914281803979 0.711410637894 0.91760496249
584 2540433.0 322.0 530044.0 248426.0 0.0451 0.0934 1.05887689088 0.8247950948 0.927096442967
585 3219.0 185.0 1555.0 234.0 0.0224 0.2381 1.14561827936 0.669455280456 0.563371267133
586 5373.0 30.0 1444.0 1781.0 0.2451 0.178 0.544077698243 0.625903896654 0.80668237161
587 2732072.0 397.0 436576.0 227352.0 0.0434 0.0937 1.02911303136 0.830028795471 0.920694905753
588 2532404.0 554.0 487185.0 159564.0 0.0211 0.0964 1.07994547087 0.833685688384 0.533261828599
589 1099511.0 255.0 310206.0 121739.0 0.0217 0.1 0.984990952631 0.806961917055 0.323557719812
590 3019726.0 348.0 777868.0 281214.0 0.0308 0.0923 1.13608500288 0.828973969949 0.936897989112
591 6417.0 106.0 1469.0 862.0 0.086 0.1853 0.781200439981 0.685529768699 0.785990753679
592 2779426.0 370.0 634382.0 244990.0 0.0375 0.0932 1.14111935875 0.828977732038 0.932631800658
593 28298.0 252.0 12205.0 2226.0 0.0205 0.1589 1.20538232978 0.735846539463 0.756408182911
594 1940356.0 307.0 445856.0 193463.0 0.0367 0.0955 1.03072518375 0.819794031748 0.87979158657
595 53804.0 533.0 11950.0 2365.0 0.0213 0.1583 1.19871881573 0.753535091108 0.816517036775
596 29055.0 128.0 20296.0 4024.0 0.0153 0.1472 1.06227274076 0.725191331493 0.0877152658924
597 5167.0 88.0 1083.0 785.0 0.1167 0.1888 0.727970892587 0.675784622792 0.826642829964
598 10534.0 74.0 3316.0 1997.0 0.0794 0.1647 0.79914430572 0.68671318235 0.873604097345
599 861.0 75.0 194.0 110.0 0.1398 0.2802 0.765818353614 0.618179096326 0.760004749893
600 706.0 122.0 42.0 53.0 0.4696 0.3439 0.585112706485 0.611440988783 0.618896101101
601 3805.0 16.0 1356.0 1767.0 0.2742 0.2003 0.467509367813 0.559644171979 0.872677190231
602 4251.0 53.0 1218.0 933.0 0.1501 0.1862 0.738455507331 0.65393972379 0.945063257879
603 19621.0 272.0 4887.0 1372.0 0.0391 0.1714 1.04749619068 0.726540014856 0.784091400331
604 1085613.0 1052.0 338481.0 36690.0 0.0057 0.1116 1.34428607212 0.82145262965 0.510636134522
605 755.0 107.0 107.0 66.0 0.2348 0.3207 0.811021778748 0.613332220049 0.670716606951
606 1934465.0 446.0 396606.0 142835.0 0.0257 0.0976 1.10696315916 0.826557921714 0.801278761956
607 2643533.0 350.0 765478.0 242747.0 0.0254 0.0934 1.15941550851 0.827140228218 0.856274578042
608 6582221.0 890.0 1521991.0 299486.0 0.0128 0.0908 1.28191929527 0.853152924698 0.560019467318
609 2515868.0 379.0 567500.0 216130.0 0.0323 0.0942 1.1085686264 0.827950142895 0.866125745058
610 1324076.0 273.0 240180.0 140852.0 0.0475 0.0985 0.936552847638 0.811402875784 0.903003088432
611 3403139.0 357.0 899486.0 312991.0 0.0278 0.0914 1.14125144471 0.831227068634 0.92524791151
612 215308.0 706.0 39676.0 8751.0 0.0244 0.132 1.19763831912 0.787412471129 0.869318541448
613 28177.0 167.0 9916.0 3137.0 0.0345 0.1515 0.985298223072 0.730327849058 0.66655357356
614 648.0 118.0 95.0 49.0 0.2203 0.3515 0.867446832181 0.605980667948 0.612264331627
615 3033987.0 500.0 776418.0 211001.0 0.0179 0.094 1.15553530321 0.83527389836 0.776351751346
616 745687.0 812.0 190477.0 30527.0 0.0133 0.1138 1.29769499236 0.814036576808 0.777585751638
617 613.0 98.0 71.0 55.0 0.3504 0.3396 0.771621647646 0.604355397961 0.708833492624
618 3288613.0 346.0 527534.0 309269.0 0.0519 0.0915 0.964515783266 0.830078786434 0.937155390303
619 1654946.0 408.0 376600.0 129800.0 0.0258 0.0985 1.08063650913 0.822707291137 0.839761072455
620 5381.0 42.0 2776.0 1430.0 0.0775 0.1777 0.796203781599 0.647683204255 0.90132616213
621 53734.0 576.0 15650.0 2199.0 0.0164 0.1603 1.28357533794 0.753149542213 0.697625123253
622 1624.0 38.0 336.0 404.0 0.2366 0.2163 0.548878752682 0.61669619425 0.948475068265
623 134096.0 919.0 10060.0 4043.0 0.044 0.1472 0.998262134201 0.774255851374 0.828329884353
624 1944329.0 206.0 322578.0 263655.0 0.0715 0.0942 0.86477256325 0.809237241413 0.937831051253
625 830902.0 334.0 121478.0 72659.0 0.0507 0.1044 0.9582542351 0.808154606785 0.922323090814
626 8324.0 77.0 3591.0 1491.0 0.0594 0.1713 0.912220622287 0.682993268283 0.851261048597
627 5342750.0 908.0 427304.0 235405.0 0.0268 0.0928 1.00617242118 0.849921668047 0.697377592238
628 1634256.0 380.0 411986.0 135679.0 0.0259 0.0982 1.09910069649 0.821339962413 0.628013127755
629 1301695.0 259.0 489585.0 144128.0 0.0205 0.0985 1.0962673784 0.809883046499 0.553002501947
630 762.0 25.0 146.0 231.0 0.387 0.2443 0.461894695043 0.575366990486 0.52398373091
631 7083.0 108.0 4163.0 950.0 0.0256 0.1825 1.0284243446 0.688418171703 0.592732202581
632 6445.0 90.0 2662.0 990.0 0.0605 0.1815 0.982215193842 0.681758488043 0.90378974271
633 2139.0 32.0 573.0 621.0 0.2218 0.2044 0.575569515386 0.613344490824 0.823395837481
634 8375.0 28.0 1911.0 3005.0 0.2166 0.1691 0.468408790631 0.627334191641 0.964696337273
635 4493.0 94.0 2208.0 634.0 0.0402 0.1953 0.979654933915 0.673378697271 0.746923720601
636 4237654.0 940.0 495723.0 177891.0 0.0237 0.0952 1.15388136395 0.846243823788 0.81410339507
637 2317784.0 341.0 291738.0 215385.0 0.0521 0.0944 0.874278571005 0.824668614841 0.826343997451
638 7936.0 212.0 2052.0 603.0 0.0486 0.1974 1.02456293479 0.699544135734 0.796830480884
639 6620.0 96.0 1462.0 969.0 0.0919 0.182 0.794879167185 0.684249233199 0.884529988986
640 1147.0 108.0 304.0 111.0 0.0949 0.2811 0.918777237248 0.631311532362 0.693687178155
641 5330.0 193.0 2307.0 412.0 0.0263 0.2122 1.14457369769 0.687091412503 0.778013732311
642 967.0 99.0 157.0 97.0 0.167 0.2899 0.754812219308 0.621709035062 0.759387576339
643 1643334.0 405.0 460030.0 129620.0 0.0211 0.0986 1.14034662879 0.822481888527 0.758051337289
644 4047.0 25.0 808.0 1466.0 0.3662 0.1867 0.42699074501 0.607104615094 0.657274956368
645 1817.0 24.0 560.0 626.0 0.2264 0.2094 0.520458144607 0.590000072033 0.960171371548
646 2960.0 81.0 1077.0 444.0 0.0466 0.2085 0.845319566534 0.658618560473 0.504151963463
647 43177.0 559.0 7948.0 1760.0 0.0298 0.1661 1.16509027772 0.747243610443 0.811250795127
648 8401.0 76.0 1254.0 1522.0 0.1267 0.1709 0.618728035085 0.68279884455 0.904292198546
649 1308.0 17.0 724.0 539.0 0.1734 0.2252 0.636315289826 0.552967479192 0.903862351557
650 26144.0 62.0 18651.0 6146.0 0.0292 0.1442 0.899370834939 0.696409112124 0.273488072112
651 2081863.0 429.0 585812.0 159571.0 0.019 0.0966 1.16291214685 0.827140694011 0.840635664006
652 2455113.0 310.0 618143.0 246798.0 0.0352 0.0935 1.09102557415 0.823454759053 0.856546362171
653 2368842.0 465.0 276589.0 171563.0 0.0477 0.0959 0.935013458503 0.830370608385 0.859220275481
654 2172140.0 289.0 365638.0 228839.0 0.0585 0.0943 0.951159690864 0.820061116816 0.93637031478
655 2313725.0 395.0 353691.0 190968.0 0.0458 0.0952 0.955057663935 0.82741051484 0.79057225525
656 3228.0 47.0 1138.0 749.0 0.1375 0.1936 0.791726905268 0.642615397601 0.785797748206
657 5470.0 227.0 2452.0 365.0 0.0212 0.2178 1.18763771588 0.687379930228 0.763729678164
658 1912391.0 320.0 428075.0 184298.0 0.0383 0.0959 1.05497941908 0.820470589772 0.836284756248
659 2524.0 169.0 1281.0 190.0 0.0225 0.2495 1.13349586002 0.661144934243 0.556986184828
660 2072732.0 310.0 417477.0 206071.0 0.0285 0.095 0.993033733667 0.820987467807 0.746086217254
661 2153230.0 408.0 428285.0 172319.0 0.032 0.096 1.0740872251 0.826860664556 0.814046300817
662 3523745.0 599.0 516927.0 213375.0 0.0428 0.0938 1.10978494484 0.839848011229 0.884714907112
663 1645239.0 287.0 258564.0 170877.0 0.0674 0.0967 0.925601135519 0.815815165148 0.956046073088
664 3336596.0 366.0 575228.0 300740.0 0.024 0.0916 0.979046917255 0.831459572848 0.699664480115
665 730.0 109.0 116.0 62.0 0.2418 0.3271 0.922729846161 0.611917678568 0.651310135718
666 3067319.0 614.0 508424.0 180053.0 0.0297 0.0952 1.14244496094 0.837888859767 0.862013202316
667 2192327.0 265.0 407606.0 247214.0 0.0468 0.0939 0.974294445717 0.818051612077 0.921455682773
668 1259.0 51.0 521.0 241.0 0.0952 0.2355 0.819725576845 0.622035035607 0.818072007936
669 5406.0 104.0 1974.0 720.0 0.057 0.1909 0.93313809884 0.680762776664 0.810751814749
670 4016.0 232.0 1549.0 246.0 0.0273 0.2373 1.17858971867 0.675956208617 0.731739996196
671 2914442.0 496.0 1070951.0 203447.0 0.0073 0.0944 1.21139945806 0.834539638119 0.151303659545
672 3109370.0 371.0 939654.0 275659.0 0.0246 0.0923 1.20910638567 0.830685611781 0.928307147192
673 2636211.0 312.0 559744.0 265080.0 0.0379 0.093 1.01191363415 0.824635237993 0.912705808869
674 2720529.0 469.0 394001.0 197717.0 0.0373 0.0947 0.983397505841 0.83266532052 0.798767972076
675 1600184.0 412.0 372740.0 124177.0 0.028 0.0989 1.12301965742 0.822317324701 0.858596597431
676 6652.0 161.0 2737.0 628.0 0.032 0.1955 1.06336008117 0.692444361591 0.639220855147
677 1612163.0 235.0 230940.0 195455.0 0.0564 0.0962 0.848622049299 0.810490023725 0.857978370675
678 2458274.0 338.0 374975.0 230992.0 0.0531 0.0939 0.917170945894 0.825357871388 0.843821422702
679 892880.0 183.0 714975.0 125593.0 0.0084 0.1008 1.15205637651 0.794617480106 -0.126916853914
680 2326966.0 316.0 826888.0 229731.0 0.0198 0.0941 1.160628088 0.8231120644 0.80935440749
681 2529443.0 282.0 652174.0 274561.0 0.0314 0.0929 1.02566037945 0.821654056038 0.835988620993
682 3894.0 78.0 1653.0 627.0 0.059 0.1963 0.900813708287 0.66548631864 0.830644671437
683 5723.0 222.0 2983.0 393.0 0.0162 0.2147 1.18605713104 0.688833660052 0.630891410108
684 1851936.0 343.0 233000.0 168503.0 0.0668 0.0965 0.896108155694 0.821400218886 0.925680469519
685 3883.0 29.0 710.0 1278.0 0.3173 0.1864 0.430809813225 0.618164697049 0.75152724002
686 7402.0 75.0 888.0 1335.0 0.2658 0.1743 0.56584557966 0.679617766591 0.664076692309
687 3308.0 74.0 648.0 543.0 0.1687 0.2016 0.698294602536 0.659532588456 0.90189247901
688 174316.0 629.0 44706.0 7665.0 0.0156 0.1342 1.22742564758 0.782672463837 0.71825541985
689 3158327.0 484.0 591984.0 226216.0 0.0249 0.0935 1.06401478012 0.835436339626 0.852325331
690 2896785.0 440.0 871638.0 222780.0 0.018 0.0937 1.19822086288 0.832656869581 0.880260821462
691 1374.0 141.0 174.0 107.0 0.1511 0.2851 0.804859745599 0.637570450372 0.757981949258
692 1121421.0 240.0 254833.0 130316.0 0.0286 0.0996 0.928674145428 0.805734305045 0.540084347051
693 1117.0 161.0 211.0 72.0 0.1089 0.3191 0.964697444588 0.629043813412 0.57241609692
694 1494085.0 449.0 374605.0 107526.0 0.0252 0.1002 1.1713331477 0.822456309272 0.832779026193
695 2213691.0 318.0 493285.0 216595.0 0.0403 0.0945 1.08267680685 0.822510065641 0.954083285094
696 2221.0 22.0 1134.0 824.0 0.1493 0.2046 0.66233537796 0.58626573388 0.954963806935
697 7492.0 288.0 3263.0 424.0 0.0175 0.2122 1.23030778014 0.697200407816 0.725788488024
698 4206.0 99.0 1258.0 563.0 0.0812 0.1994 0.895860556279 0.673139127026 0.834572156002
699 3181.0 119.0 1347.0 347.0 0.0398 0.218 0.998063488221 0.667669521227 0.676541370971
700 873085.0 360.0 152579.0 72120.0 0.0365 0.1044 1.0076306003 0.810245388417 0.917486659338
701 6560.0 187.0 2894.0 541.0 0.0248 0.2009 1.11282848886 0.693112687334 0.661891760227
702 4989.0 298.0 512.0 251.0 0.1074 0.2372 0.954029585562 0.682206105689 0.862313672964
703 1982716.0 373.0 452870.0 169494.0 0.0284 0.0963 1.06538217882 0.824025417357 0.84702840124
704 919.0 16.0 654.0 380.0 0.1195 0.2374 0.650875462793 0.541870336175 0.791452358282
705 794.0 15.0 327.0 336.0 0.2865 0.2455 0.517397556231 0.532240943336 0.908802812876
706 2548246.0 398.0 388792.0 210591.0 0.0374 0.0944 0.986599315515 0.829021215313 0.82625659716
707 2986.0 269.0 335.0 148.0 0.1519 0.2684 0.961355715904 0.663782091581 0.806902192651
708 135130.0 431.0 26295.0 8050.0 0.0232 0.1331 1.06784401908 0.776172842309 0.781355886421
709 729.0 117.0 106.0 57.0 0.2362 0.3386 0.887730580873 0.608899738895 0.670805669221
710 5357.0 43.0 1387.0 1400.0 0.1954 0.1777 0.671989899353 0.648853408427 0.741169777741
711 4222.0 19.0 1073.0 1800.0 0.2636 0.1915 0.39033871403 0.58083067451 0.916023360436
712 1334.0 134.0 287.0 108.0 0.1123 0.2841 0.947462680071 0.636308660617 0.746078898771
713 6054.0 247.0 2724.0 380.0 0.0192 0.2168 1.19879029429 0.689892516535 0.685224730819
714 810.0 130.0 114.0 59.0 0.2058 0.3335 0.878279867026 0.614815515194 0.652875746026
715 9664.0 56.0 3566.0 2227.0 0.1021 0.1644 0.805029012921 0.673500894835 0.961498036524
716 32100.0 196.0 6783.0 3177.0 0.0498 0.1511 0.863935227991 0.735977796618 0.634494772412
