0 1380.0 362.0 64.0 11832.0 0.3153 0.0071 0.910221996595 1.27251059457 -0.95557371909
1 97.0 23.0 14.0 402.0 0.6483 0.0795 0.404464162803 0.724576336773 -1.44135114954
2 1833.0 357.0 236.0 16396.0 0.0961 0.0066 1.08235754897 1.27295789835 -0.316921382755
3 1824.0 486.0 96.0 17059.0 0.2269 0.0055 1.05930283561 1.33288603826 -1.32148594827
4 937.0 259.0 70.0 4503.0 0.2159 0.0114 0.93325744573 1.19798596109 -1.33413729763
5 1700.0 340.0 176.0 12933.0 0.1164 0.0072 1.00054044528 1.26134994998 -0.249509662983
6 1841.0 407.0 235.0 16369.0 0.102 0.0061 1.17013840925 1.29825174981 -0.655331950614
7 1621.0 406.0 192.0 12252.0 0.1172 0.0066 1.17940364322 1.29484035393 -1.15129584221
8 2294.0 399.0 268.0 24986.0 0.0736 0.0056 1.05568709176 1.29811024898 -0.281578130551
9 2240.0 344.0 288.0 21916.0 0.0834 0.0063 1.03887848342 1.26819475939 0.132992134335
10 919.0 306.0 48.0 3424.0 0.3538 0.0116 0.930144133975 1.22503515505 -2.22997225236
11 2045.0 501.0 174.0 15227.0 0.123 0.0055 1.12383363429 1.33753699945 -0.864202914605
12 2122.0 432.0 194.0 18294.0 0.0903 0.0057 1.06316632122 1.31082642847 -0.430397813854
13 857.0 282.0 30.0 4155.0 0.511 0.0112 0.806112858672 1.2128014678 -2.28927182406
14 2162.0 418.0 170.0 25239.0 0.1189 0.0054 1.00587346284 1.30724899048 -0.362014773801
15 1827.0 481.0 42.0 22566.0 0.4215 0.0051 0.753778707918 1.33359292461 -1.17468186167
16 1607.0 396.0 202.0 8225.0 0.0954 0.0076 1.12807561492 1.28547696255 -0.921675682336
17 299.0 21.0 88.0 1997.0 0.2364 0.0643 0.514788915112 0.715175830152 0.471601235326
18 2375.0 599.0 82.0 33527.0 0.3134 0.0041 0.934827876346 1.37988551258 -1.04351541042
19 970.0 239.0 104.0 4364.0 0.1582 0.012 0.958593788187 1.18257241258 -0.669858899147
20 1430.0 362.0 72.0 12009.0 0.2445 0.0071 0.927220387722 1.27265251578 -0.943096569176
21 31.0 11.0 9.0 39.0 0.6569 0.2204 0.544831654335 0.559973748343 -1.74993237126
22 1130.0 251.0 176.0 6157.0 0.1043 0.0105 1.05539003759 1.19586100238 -0.595702963913
23 106.0 25.0 12.0 631.0 0.7296 0.0687 0.403900812125 0.743646251284 -3.93999088275
24 1210.0 132.0 203.0 20581.0 0.1112 0.0124 0.834872825832 1.08112493127 0.0608682943512
25 1493.0 358.0 102.0 11949.0 0.1884 0.0072 0.982097740045 1.2704678048 -0.741701608729
26 2511.0 550.0 180.0 30479.0 0.1304 0.0044 1.07297318992 1.36237993443 -0.674389257966
27 1768.0 449.0 120.0 13558.0 0.1773 0.0061 1.02532311442 1.31523207426 -0.991378415646
28 1318.0 382.0 52.0 9971.0 0.3741 0.0073 0.916037860347 1.28094643298 -1.56165764412
29 1512.0 68.0 765.0 26559.0 0.0538 0.0199 0.92744811543 0.952087482697 0.487282062893
30 1516.0 420.0 113.0 8353.0 0.1611 0.0073 1.06047118749 1.29684313029 -1.4211010485
31 1139.0 289.0 110.0 6451.0 0.1654 0.0096 1.0060994498 1.22300364648 -0.964332961083
32 1588.0 274.0 182.0 9880.0 0.0903 0.0088 0.952372807319 1.21738902357 -0.0212812622381
33 1940.0 511.0 102.0 18034.0 0.2455 0.0052 1.02503538029 1.34313225603 -1.07221317802
34 1091.0 223.0 234.0 4732.0 0.0722 0.0121 1.08007144849 1.17057429859 -0.425946155482
35 96.0 11.0 61.0 205.0 0.2159 0.1401 0.57812417609 0.576614828096 0.470463298898
36 1096.0 276.0 124.0 6653.0 0.1646 0.0098 1.05882889755 1.21467664361 -0.909183049554
37 45.0 12.0 9.0 112.0 0.7434 0.1524 0.315240570998 0.590320509703 -2.00952204902
38 1084.0 263.0 78.0 6177.0 0.1914 0.0102 0.893867074056 1.20471968133 -0.64880902814
39 1725.0 371.0 224.0 15667.0 0.105 0.0065 1.13719199109 1.2799600817 -0.625061087567
40 595.0 104.0 33.0 12942.0 0.4436 0.0157 0.555375380546 1.03259640624 -1.03428302319
41 1240.0 278.0 122.0 5362.0 0.1178 0.0104 0.934905289081 1.21348033373 -0.545861796175
42 148.0 28.0 21.0 887.0 0.5093 0.0595 0.449627030805 0.767378649599 -0.683070605639
43 1792.0 507.0 106.0 14346.0 0.208 0.0056 1.13893424534 1.33916258592 -1.66452066611
44 722.0 222.0 56.0 3345.0 0.294 0.0135 0.992951201025 1.16537704203 -2.22365629502
45 736.0 237.0 22.0 3747.0 0.5591 0.0126 0.683979995451 1.17901729814 -2.16116158976
46 1915.0 501.0 110.0 17531.0 0.1814 0.0053 1.07422548831 1.33902753208 -1.35087578036
47 2630.0 557.0 242.0 37499.0 0.0876 0.0041 1.1633739917 1.36659014294 -0.992400112147
48 2194.0 579.0 166.0 19531.0 0.1409 0.0048 1.1676300009 1.36809315487 -1.46320159542
49 1386.0 397.0 78.0 9157.0 0.2645 0.0073 1.01455231203 1.28729118147 -1.48310798796
50 1800.0 497.0 42.0 21000.0 0.4573 0.0051 0.776898380314 1.33926464434 -1.46625900537
51 1130.0 284.0 66.0 6807.0 0.2686 0.0095 0.820033420794 1.22034122751 -0.573451590407
52 2040.0 517.0 132.0 15691.0 0.1468 0.0054 1.07760963837 1.34390611001 -0.998992287603
53 1346.0 379.0 38.0 12373.0 0.428 0.0069 0.808155263959 1.28176207317 -1.56392106279
54 1382.0 377.0 128.0 7584.0 0.1503 0.008 1.08066572255 1.27518813652 -1.36928438209
55 1325.0 356.0 104.0 8050.0 0.1916 0.008 1.03341603616 1.2650580506 -1.14212389876
56 1374.0 292.0 148.0 9173.0 0.1246 0.0086 0.988021869337 1.22881008488 -0.418451331075
57 1855.0 350.0 276.0 11991.0 0.0727 0.0072 1.08121892774 1.26618157798 -0.245793748226
58 94.0 25.0 10.0 349.0 0.6823 0.0786 0.403472274793 0.739024090636 -2.21443665637
59 2149.0 411.0 194.0 26078.0 0.118 0.0054 1.01783248955 1.30422491923 -0.312604600023
60 1898.0 433.0 212.0 13461.0 0.0968 0.0062 1.1083937376 1.30820165317 -0.776205581499
61 1574.0 347.0 178.0 9509.0 0.1013 0.0078 1.06074681792 1.26210500034 -0.573727141925
62 2631.0 481.0 276.0 30486.0 0.0796 0.0048 1.070837856 1.33619208096 -0.366529799339
63 1704.0 274.0 218.0 22188.0 0.1129 0.0073 1.00151833115 1.22398882786 -0.0279701288324
64 979.0 205.0 80.0 12599.0 0.2277 0.0099 0.885321513513 1.16370735679 -1.06860352525
65 1336.0 400.0 84.0 7699.0 0.2799 0.0077 1.05448187961 1.28658442504 -1.62538720303
66 780.0 198.0 108.0 3092.0 0.162 0.0147 0.996672835299 1.14318077923 -0.736240090446
67 1635.0 336.0 192.0 12772.0 0.0948 0.0073 1.06703455629 1.25896995841 -0.462561305665
68 98.0 18.0 22.0 434.0 0.519 0.0899 0.458767438435 0.678714099319 -0.458776813574
69 1698.0 421.0 136.0 14093.0 0.147 0.0062 1.1032470575 1.3032834256 -1.00034487285
70 1502.0 322.0 152.0 10424.0 0.1054 0.0079 1.01320181739 1.24878871435 -0.597972495969
71 851.0 144.0 95.0 8088.0 0.1759 0.0136 0.797720684967 1.09259538766 -0.194722035606
72 1414.0 365.0 48.0 16387.0 0.3965 0.0065 0.809172807254 1.27722948991 -1.19095182984
73 1958.0 505.0 113.0 20404.0 0.2368 0.0051 1.0671881126 1.34208574328 -1.07433968958
74 1373.0 344.0 99.0 9838.0 0.1927 0.0077 0.972217980361 1.26080996925 -0.921713977895
75 968.0 275.0 110.0 4284.0 0.1633 0.0112 1.07704143442 1.20850721794 -1.51550908096
76 1310.0 282.0 128.0 8224.0 0.1331 0.0091 0.956431345257 1.22106352002 -0.42144152429
77 585.0 141.0 72.0 2549.0 0.2182 0.0184 0.86490302623 1.07788413636 -0.479748715926
78 1486.0 384.0 144.0 8770.0 0.1197 0.0075 1.10833402809 1.28046150399 -1.26601290136
79 1385.0 295.0 150.0 9182.0 0.1081 0.0086 0.997947302854 1.23077283971 -0.561734624534
80 2375.0 545.0 199.0 28158.0 0.1384 0.0045 1.14462148879 1.35989712097 -0.812452469918
81 921.0 292.0 48.0 4658.0 0.3778 0.0106 0.952151400979 1.22087482617 -2.19741741177
82 1017.0 262.0 140.0 5004.0 0.1356 0.0109 1.09599017121 1.20148992358 -0.966005587254
83 1407.0 341.0 135.0 11257.0 0.1739 0.0075 1.06648361863 1.26054464769 -0.820188516244
84 1143.0 312.0 103.0 7386.0 0.2089 0.0088 1.06436574992 1.23907912299 -1.38103270951
85 1269.0 367.0 90.0 8184.0 0.2488 0.0079 1.07632720232 1.27102089146 -1.62496238856
86 2860.0 534.0 285.0 34688.0 0.0808 0.0043 1.10922206915 1.35769595504 -0.33259133149
87 460.0 23.0 213.0 3169.0 0.1607 0.0571 0.644553473288 0.734359809781 0.661384658158
88 1140.0 21.0 876.0 13839.0 0.0797 0.0552 0.715735324347 0.718498197872 0.498560803374
89 999.0 297.0 62.0 5293.0 0.3012 0.0101 0.966755755017 1.22570062289 -1.6076158987
90 2356.0 529.0 264.0 26789.0 0.0933 0.0046 1.21349839973 1.35364205738 -0.832413629651
91 1192.0 281.0 138.0 8106.0 0.1594 0.0091 1.05834767428 1.22024006454 -0.627167161022
92 1432.0 372.0 96.0 9411.0 0.1713 0.0075 0.999466141288 1.27522223095 -1.18702544136
93 1674.0 407.0 118.0 15198.0 0.1669 0.0062 1.02973632455 1.29753319812 -1.04986142088
94 530.0 18.0 226.0 11032.0 0.234 0.0637 0.578995881889 0.687112722278 0.340759937857
95 1186.0 147.0 232.0 7338.0 0.0815 0.0137 0.878179748398 1.09582245437 0.233812254965
96 1592.0 374.0 102.0 11971.0 0.1803 0.007 0.962572908369 1.27888375418 -0.548032827709
97 1592.0 372.0 148.0 11564.0 0.1262 0.0071 1.06452037169 1.27748157899 -0.747381988304
98 1491.0 377.0 66.0 16069.0 0.3188 0.0064 0.881040544408 1.28330232372 -1.05197805411
99 582.0 185.0 36.0 2339.0 0.3949 0.0167 0.861323086751 1.12674344933 -2.11594428736
100 1506.0 425.0 82.0 9713.0 0.2286 0.0069 1.00570756742 1.30093334743 -1.50562874035
101 2042.0 430.0 190.0 15410.0 0.0991 0.006 1.04667641859 1.30825629915 -0.436488869686
102 1263.0 160.0 154.0 27670.0 0.1412 0.0103 0.84511495797 1.12009510123 -0.131911283135
103 1400.0 369.0 170.0 7121.0 0.1073 0.0082 1.1203773717 1.27036055031 -1.41758020494
104 1487.0 329.0 168.0 13645.0 0.1357 0.0073 1.07131028758 1.25552796004 -0.725889615961
105 2355.0 521.0 116.0 38856.0 0.2212 0.0043 0.993561801773 1.35376377451 -0.665590508132
106 810.0 123.0 143.0 6016.0 0.1197 0.016 0.846683302307 1.06030726453 -0.0559536371251
107 2126.0 457.0 160.0 22553.0 0.1332 0.0053 1.04043125939 1.32365104901 -0.522516453737
108 8141.0 86.0 7386.0 40836.0 0.0141 0.0159 1.00461683853 0.999346596121 1.4614679882
109 1552.0 30.0 1159.0 10729.0 0.0586 0.0416 0.783276568011 0.789306396244 1.41687214662
110 2722.0 28.0 2476.0 2853.0 0.043 0.0499 0.776940438919 0.772645150998 1.47399720934
111 470.0 26.0 207.0 26237.0 0.18 0.0444 0.740132278382 0.761921625474 1.36859530165
112 3332.0 30.0 2725.0 40515.0 0.0494 0.0384 0.788635313223 0.790874018452 1.3670619485
113 2468.0 42.0 779.0 26663.0 0.086 0.0295 0.636880589616 0.857200473887 1.41285185888
114 1546.0 26.0 689.0 18024.0 0.1035 0.0453 0.619595160579 0.761568347492 1.38201435089
115 8851.0 26.0 8255.0 6692.0 0.0441 0.0485 0.762232419139 0.76018673092 1.42263357092
116 2900.0 21.0 2784.0 2076.0 0.0517 0.064 0.719968973699 0.715300331529 1.45716394263
117 3066.0 36.0 2233.0 19986.0 0.0498 0.0342 0.804628127596 0.82631418597 1.40947432328
118 5266.0 38.0 2150.0 55991.0 0.0778 0.0308 0.691829187137 0.838234791602 1.37733879083
119 4770.0 28.0 3944.0 20668.0 0.0515 0.0422 0.770488310327 0.776492756139 1.38410200251
120 5388.0 42.0 4244.0 35733.0 0.0372 0.029 0.844006393526 0.857605889691 1.40185444987
121 3950.0 21.0 2113.0 58114.0 0.127 0.0521 0.602275867815 0.719377387937 1.3244886117
122 208.0 29.0 53.0 2488.0 0.3537 0.0494 0.674155651194 0.778982124404 1.48600526509
123 614.0 35.0 132.0 33672.0 0.2707 0.034 0.563641171566 0.821388284952 1.38736417639
124 355.0 27.0 139.0 4611.0 0.1877 0.0486 0.677271946318 0.766861063199 1.44446167723
125 288.0 30.0 63.0 5497.0 0.3668 0.0441 0.586529428246 0.787959053804 1.44744853706
126 291.0 23.0 65.0 9201.0 0.4325 0.0524 0.493004491432 0.736297642152 1.39594600977
127 6896.0 22.0 6291.0 23726.0 0.0544 0.0516 0.727683733535 0.728304209456 1.35632054016
128 2635.0 13.0 1362.0 15993.0 0.174 0.0836 0.471601913036 0.620133837893 1.31851976584
129 2139.0 28.0 1056.0 14479.0 0.1085 0.0431 0.653148687131 0.776072163844 1.39764880894
130 1893.0 16.0 1233.0 19853.0 0.1283 0.0689 0.601938112054 0.66339641816 1.33184033963
131 9365.0 32.0 9113.0 15399.0 0.033 0.0384 0.805348991832 0.802636415219 1.40839064893
132 3616.0 19.0 1839.0 19379.0 0.147 0.0592 0.56287059797 0.698512950009 1.34915142227
133 88.0 22.0 16.0 345.0 0.6263 0.0846 0.564971830525 0.715165456242 1.59402373186
134 4191.0 18.0 3812.0 7918.0 0.0668 0.0649 0.685539919604 0.686802206253 1.37637842289
135 20100.0 40.0 19198.0 49538.0 0.0274 0.0297 0.850158878552 0.848310449268 1.38594903365
136 3559.0 14.0 3455.0 5437.0 0.0758 0.082 0.636283944149 0.634954593986 1.36433054714
137 6219.0 14.0 5572.0 4032.0 0.0883 0.0834 0.632032676293 0.634670811043 1.37667847724
138 1924.0 19.0 597.0 25184.0 0.2375 0.0586 0.437556765503 0.698668452687 1.34056236065
139 4326.0 16.0 4034.0 23155.0 0.0718 0.0685 0.663483080592 0.663464833689 1.32701087447
140 22001.0 12.0 21578.0 10322.0 0.0866 0.0911 0.603542767252 0.603055103032 1.3246065871
141 1744.0 17.0 1535.0 3084.0 0.0754 0.0725 0.673522808432 0.673981161562 1.41122451657
142 5896.0 21.0 5122.0 8908.0 0.0624 0.0566 0.714317135308 0.718039981493 1.38780860748
143 2735.0 44.0 2234.0 14635.0 0.0339 0.0298 0.866941568569 0.865282425179 1.44198784955
144 5669.0 15.0 5415.0 7406.0 0.073 0.076 0.650435819297 0.649482181938 1.3597039319
145 5414.0 12.0 5124.0 17066.0 0.0929 0.0897 0.602898185445 0.603243112672 1.30871007902
146 198.0 25.0 59.0 1197.0 0.2871 0.061 0.596129519194 0.747286032702 1.51334901689
147 396.0 29.0 84.0 21618.0 0.3682 0.0409 0.553886601627 0.783529218923 1.38580201552
148 3010.0 11.0 2114.0 9352.0 0.1684 0.0988 0.540568177374 0.584450006129 1.31891735103
149 4905.0 22.0 4138.0 35762.0 0.0631 0.0508 0.723241901092 0.728562336922 1.34303210334
150 6450.0 20.0 5780.0 32520.0 0.062 0.0555 0.708404951591 0.709221536411 1.33728368378
151 1451.0 21.0 1017.0 30495.0 0.0937 0.0532 0.705371913293 0.71907205865 1.34378211182
152 315.0 19.0 49.0 45936.0 0.6776 0.0574 0.337281381951 0.698943631491 1.32237626086
153 4232.0 64.0 1982.0 34724.0 0.0463 0.0205 0.811756161792 0.940744353588 1.44133071028
154 4214.0 11.0 1901.0 9067.0 0.2243 0.0989 0.405266322315 0.584433839698 1.31994092197
155 6419.0 20.0 6343.0 1284.0 0.0512 0.0704 0.710071019676 0.704170522413 1.47945713843
156 712.0 72.0 95.0 32707.0 0.289 0.0187 0.635827182644 0.963815761632 1.45456237787
157 1787.0 34.0 1574.0 3643.0 0.0378 0.042 0.816752667756 0.811183152004 1.48300193127
158 1458.0 49.0 706.0 31222.0 0.0777 0.0257 0.840244263733 0.887882178304 1.42104757732
159 4420.0 24.0 1763.0 24915.0 0.1368 0.0478 0.566103477299 0.745838754042 1.36286231431
160 4631.0 19.0 2326.0 7131.0 0.1141 0.0624 0.553559053482 0.697630018192 1.38633861722
161 4306.0 17.0 3985.0 5763.0 0.0685 0.0694 0.675340482066 0.674854712512 1.38318329926
162 8556.0 25.0 8145.0 22972.0 0.0441 0.0463 0.755224913661 0.753957077781 1.36952031023
163 7553.0 15.0 7486.0 1361.0 0.0679 0.0863 0.650731948635 0.647013292356 1.43859380522
164 9088.0 37.0 3777.0 24970.0 0.0808 0.033 0.660037808177 0.83204610381 1.40347889737
165 5518.0 22.0 5222.0 17086.0 0.0507 0.0524 0.729246542021 0.728048287325 1.36772245916
166 2020.0 20.0 1017.0 33444.0 0.1345 0.0554 0.581591737626 0.709235332695 1.33641965947
167 9180.0 13.0 9015.0 13538.0 0.0798 0.084 0.620681102935 0.620066052341 1.32380922213
168 3979.0 24.0 3395.0 17553.0 0.0568 0.0486 0.743629150552 0.745537694312 1.37521707681
169 434.0 28.0 72.0 15417.0 0.3965 0.043 0.423680908837 0.776150353571 1.39518867752
170 6161.0 53.0 2033.0 54853.0 0.0871 0.0232 0.669145700467 0.904230276179 1.40714225885
171 4541.0 23.0 2462.0 51282.0 0.1214 0.0482 0.648628207691 0.737721562854 1.33606330899
172 6213.0 16.0 5779.0 7391.0 0.072 0.072 0.662071555668 0.662739017163 1.36663031473
173 927.0 17.0 589.0 31794.0 0.138 0.0642 0.655296625396 0.676059844227 1.32305626329
174 2169.0 27.0 1247.0 7122.0 0.0815 0.0468 0.660488718586 0.767764323875 1.42385460197
175 5970.0 25.0 3195.0 9901.0 0.0987 0.0486 0.632165010538 0.753023837218 1.40153941551
176 5286.0 16.0 4927.0 8608.0 0.0717 0.0714 0.662582391742 0.662865780425 1.36079156038
177 542.0 39.0 235.0 8698.0 0.121 0.0343 0.800773754219 0.840457005855 1.4534086104
178 2736.0 18.0 2357.0 1496.0 0.0734 0.0745 0.67833248167 0.683833791912 1.45659637312
179 1704.0 30.0 1305.0 22365.0 0.0561 0.0396 0.786946081415 0.790309874199 1.38777757469
180 4917.0 13.0 2641.0 33760.0 0.1971 0.0819 0.48433004756 0.620357358838 1.29678850913
181 298.0 22.0 74.0 4279.0 0.3688 0.0575 0.466506730673 0.726211336391 1.42511372163
182 1005.0 36.0 590.0 27483.0 0.0772 0.0335 0.811811184856 0.826741996539 1.39731989829
183 7676.0 18.0 7329.0 19562.0 0.0609 0.0621 0.688308906578 0.687514836745 1.34363610491
184 4047.0 13.0 3879.0 3136.0 0.0837 0.0901 0.620350761641 0.619009310556 1.37909051124
185 2644.0 55.0 926.0 44618.0 0.0711 0.0228 0.750446045999 0.911266696563 1.41794382823
186 2853.0 14.0 2204.0 5056.0 0.1131 0.0823 0.607724564682 0.634892685416 1.36725829795
187 3657.0 35.0 2956.0 16638.0 0.0431 0.0355 0.8154569886 0.820467966284 1.41406082434
188 145.0 26.0 22.0 1022.0 0.5261 0.061 0.444999171247 0.754095006731 1.52956529763
189 2729.0 11.0 1539.0 20602.0 0.1898 0.0966 0.443900468594 0.584690117988 1.29483018598
190 3940.0 19.0 3672.0 5614.0 0.0605 0.0634 0.698805648738 0.69733146593 1.39644525772
191 4757.0 12.0 4640.0 4534.0 0.0876 0.0943 0.60364867668 0.602572661228 1.35448584517
192 4984.0 24.0 4622.0 4394.0 0.0483 0.0536 0.745697932236 0.743518554264 1.43362385153
193 1323.0 19.0 750.0 54704.0 0.1459 0.0571 0.64996093991 0.699006698043 1.31744986885
194 5189.0 23.0 4535.0 37866.0 0.0566 0.0487 0.735963887887 0.737561057328 1.34527862966
195 1294.0 24.0 579.0 50682.0 0.1505 0.0464 0.627795513893 0.746294714189 1.34016094829
196 24109.0 26.0 22863.0 42783.0 0.0427 0.0435 0.762511814816 0.762283143182 1.35247324
197 244.0 14.0 185.0 933.0 0.1232 0.0945 0.635666462229 0.632037233506 1.45176217213
198 12558.0 50.0 8899.0 31945.0 0.0371 0.0252 0.860240694581 0.891907665523 1.42201917981
199 4633.0 14.0 4498.0 6992.0 0.0758 0.0809 0.636256827694 0.635166358301 1.35454811736
200 3383.0 21.0 3171.0 12271.0 0.0542 0.0555 0.719805027193 0.718384133571 1.37529571929
201 5541.0 25.0 3707.0 3381.0 0.0733 0.0532 0.674189491509 0.750947395436 1.45152781439
202 4879.0 11.0 4765.0 3046.0 0.0953 0.1038 0.584911384278 0.58376853742 1.36081105948
203 2849.0 12.0 2710.0 4993.0 0.092 0.0939 0.603443123701 0.602637325738 1.35069600229
204 1898.0 30.0 1071.0 18367.0 0.0881 0.0401 0.717564407116 0.790080218218 1.39516993752
205 249.0 12.0 44.0 20815.0 0.6977 0.0892 0.201580595032 0.603301752243 1.3028532676
206 6972.0 11.0 6687.0 3710.0 0.0987 0.1027 0.584515911489 0.583924424541 1.35265888069
207 2007.0 30.0 1395.0 3480.0 0.0647 0.0462 0.760317487607 0.786712777111 1.47109068151
208 1525.0 13.0 993.0 37176.0 0.1675 0.0817 0.584477852804 0.620378822849 1.29419914359
209 4843.0 22.0 4683.0 3296.0 0.0486 0.0589 0.729404598771 0.725674303138 1.43800882032
210 6916.0 34.0 6642.0 12393.0 0.0319 0.0372 0.817508743784 0.814261338335 1.42342392016
211 5175.0 15.0 4966.0 2067.0 0.0723 0.0827 0.650134650235 0.647896395961 1.4160498983
212 1953.0 58.0 1634.0 3790.0 0.0246 0.0286 0.923723390291 0.914064930607 1.54195829351
213 7659.0 18.0 7476.0 7369.0 0.0583 0.0651 0.688431285861 0.686728079796 1.37925161924
214 4203.0 15.0 4068.0 5976.0 0.0712 0.0769 0.65065683981 0.649295913095 1.36808040507
215 1513.0 17.0 922.0 9679.0 0.1346 0.0674 0.604939783498 0.675364213875 1.36268166191
216 730.0 98.0 113.0 12244.0 0.1796 0.0165 0.803526839369 1.02081417785 -0.248010724763
217 865.0 113.0 122.0 19518.0 0.2024 0.0139 0.795838029293 1.05055718339 -0.248170175106
218 783.0 136.0 107.0 18349.0 0.2461 0.0123 0.945638471388 1.08640820171 -1.19280209793
219 864.0 132.0 115.0 22204.0 0.2343 0.0122 0.875354008631 1.08146409856 -0.71513556883
220 997.0 125.0 109.0 39989.0 0.2362 0.0118 0.755719176097 1.07300439801 -0.629173505851
221 38.0 12.0 7.0 72.0 0.7814 0.175 0.34744136762 0.584699926172 -2.72184627232
222 883.0 150.0 156.0 15488.0 0.1595 0.0118 1.01521587323 1.10458071236 -0.753066988749
223 875.0 81.0 211.0 34540.0 0.1504 0.0169 0.860168361071 0.987133267229 -0.446924954698
224 967.0 99.0 157.0 20548.0 0.167 0.0153 0.754812219308 1.02492633943 0.116384569283
225 999.0 154.0 118.0 29135.0 0.213 0.0105 0.888641911173 1.11283078222 -0.847070699063
226 805.0 69.0 289.0 10057.0 0.0885 0.0219 0.867940992732 0.951954296083 0.17656409291
227 1058.0 11.0 681.0 18253.0 0.1909 0.0969 0.522246264769 0.58466103707 0.485870913343
228 1125.0 31.0 606.0 33833.0 0.1001 0.0377 0.75279985461 0.797255860351 0.259882466759
229 946.0 128.0 102.0 37923.0 0.2686 0.0117 0.786097958503 1.07749990794 -0.737426840351
230 797.0 145.0 91.0 20721.0 0.304 0.0115 0.942922495318 1.09949163046 -1.42880286419
231 878.0 98.0 113.0 23892.0 0.188 0.0151 0.74557997293 1.02347492159 -0.222523549523
232 945.0 72.0 278.0 34297.0 0.1238 0.0186 0.866556259896 0.963925170797 -0.0921115354341
233 458.0 80.0 52.0 6494.0 0.3311 0.021 0.701771531765 0.97850742582 -0.896753453726
234 737.0 65.0 151.0 14323.0 0.1717 0.022 0.715503521274 0.941560159808 0.205430540608
235 983.0 75.0 259.0 24715.0 0.1124 0.0186 0.813844130186 0.971139955628 0.067785310942
236 648.0 118.0 95.0 7322.0 0.2203 0.0158 0.867446832181 1.05375588327 -0.493154996191
237 653.0 109.0 67.0 14261.0 0.3366 0.015 0.746016299336 1.04216733584 -0.893684149314
238 937.0 84.0 330.0 14776.0 0.0786 0.018 0.916933472325 0.991647652346 -0.0545948674213
239 1432.0 28.0 781.0 44530.0 0.0989 0.0407 0.699046386498 0.777156054757 0.189856446128
240 978.0 140.0 64.0 35764.0 0.3054 0.011 0.676929471257 1.09492853668 -0.703835253475
241 904.0 99.0 173.0 22872.0 0.1465 0.0151 0.82057574661 1.02530990553 -0.326306335705
242 629.0 99.0 61.0 14659.0 0.3201 0.016 0.707003755591 1.02358194718 -0.926181935019
243 948.0 70.0 254.0 14370.0 0.1154 0.0207 0.783955921881 0.956025552869 0.413928095433
244 923.0 127.0 117.0 33623.0 0.2393 0.0119 0.837756161789 1.07553737743 -0.783936938381
245 1093.0 83.0 223.0 27138.0 0.1093 0.017 0.765285047584 0.991292446087 -0.00879502825052
246 332.0 57.0 41.0 2629.0 0.322 0.0309 0.60856876808 0.908644236674 -0.246682170135
247 936.0 143.0 129.0 20764.0 0.2013 0.0116 0.893797475466 1.09678940542 -0.464331858324
248 1117.0 161.0 211.0 20597.0 0.1089 0.0107 0.964697444588 1.11988319767 -0.566539705324
249 943.0 145.0 76.0 37699.0 0.3256 0.0106 0.730026500755 1.10203213087 -1.29582575335
250 765.0 115.0 138.0 18430.0 0.195 0.0139 0.960338035721 1.05373777671 -0.772504429707
251 1147.0 108.0 304.0 28658.0 0.0949 0.0138 0.918777237248 1.04314400239 -0.129155828161
252 832.0 76.0 142.0 14736.0 0.1629 0.0194 0.723149569367 0.972140743684 0.282825667242
253 516.0 99.0 156.0 3360.0 0.1018 0.0209 1.01423188284 1.01456256448 -0.832718649492
254 756.0 147.0 117.0 13264.0 0.2105 0.0123 1.03150676281 1.09978225136 -1.39973848288
255 309.0 35.0 95.0 2332.0 0.2196 0.0437 0.707379911067 0.81501609333 0.296702335286
256 855.0 117.0 116.0 21939.0 0.1884 0.0134 0.821208310516 1.05783731927 -0.692746334165
257 1022.0 94.0 243.0 31102.0 0.1291 0.0152 0.875643280811 1.01613346342 -0.0428678208687
258 149.0 23.0 53.0 843.0 0.2756 0.0684 0.682988720556 0.729465087551 -0.747382709383
259 783.0 111.0 131.0 9352.0 0.1398 0.0158 0.840260783808 1.04350981643 -0.175371767492
260 675.0 81.0 178.0 11227.0 0.1189 0.0192 0.865319256773 0.983485550252 -0.589556634344
261 1259.0 51.0 521.0 44235.0 0.0952 0.0243 0.819725576845 0.896318272753 0.280248199007
262 988.0 133.0 183.0 39514.0 0.1671 0.0113 1.00292565639 1.08518629878 -0.922857211031
263 729.0 117.0 106.0 15656.0 0.2362 0.014 0.887730580873 1.05636343103 -0.799081798163
264 1069.0 129.0 360.0 21078.0 0.0637 0.0125 1.06169340379 1.07674292145 -0.497329434663
265 793.0 102.0 70.0 27516.0 0.3191 0.0144 0.659844889057 1.03179109274 -0.445783828077
266 919.0 16.0 654.0 13013.0 0.1195 0.0701 0.650875462793 0.663163980062 0.474521990888
267 932.0 79.0 154.0 22154.0 0.1627 0.018 0.716082951952 0.981018017339 0.17043639519
268 810.0 130.0 114.0 16122.0 0.2058 0.0129 0.878279867026 1.07699379046 -0.691862047914
269 920.0 153.0 147.0 26876.0 0.1855 0.0107 1.01944847139 1.11119573794 -1.47949861329
270 1062.0 83.0 158.0 21265.0 0.1571 0.0174 0.669347573345 0.990561573955 0.277114279272
271 850.0 82.0 233.0 25054.0 0.1233 0.0173 0.889339367557 0.988687826768 -0.367570120894
272 1141.0 174.0 197.0 31378.0 0.1396 0.0095 1.02940733355 1.13712253499 -0.811793051059
273 436.0 81.0 35.0 5457.0 0.3958 0.0215 0.624901490808 0.979927500466 -0.757059634733
274 871.0 140.0 145.0 29628.0 0.193 0.0113 1.0177862986 1.09420157082 -1.74778015211
275 791.0 87.0 222.0 9384.0 0.1022 0.0187 0.877825878149 0.996522667999 0.0897964777098
276 829.0 50.0 301.0 30480.0 0.128 0.0253 0.829634786772 0.891829837847 0.0295181323505
277 1112.0 142.0 163.0 31469.0 0.1657 0.0111 0.858587770565 1.0972254326 -0.367628994797
278 1055.0 161.0 249.0 26121.0 0.0979 0.0103 1.09072019729 1.12105262502 -1.07991262759
279 804.0 119.0 149.0 24181.0 0.1859 0.0131 0.985172140537 1.06153724814 -1.10311166637
280 884.0 124.0 120.0 16151.0 0.1983 0.0134 0.803446800546 1.0678136203 -0.15620401227
281 360.0 34.0 134.0 2167.0 0.1382 0.0451 0.689597120168 0.809173476991 0.139324942259
282 727.0 93.0 90.0 21500.0 0.2631 0.016 0.741842798899 1.01285821262 -0.492527407039
283 825.0 117.0 110.0 19121.0 0.2083 0.0136 0.829442426575 1.05725950031 -0.450352054689
284 557.0 17.0 138.0 43421.0 0.4 0.0636 0.369879795053 0.676171380661 -0.687204395727
285 848.0 107.0 106.0 15683.0 0.1867 0.015 0.745571415022 1.0389948926 -0.12116606772
286 1282.0 165.0 157.0 43344.0 0.1658 0.0095 0.856732740662 1.12802327749 -0.439333343983
287 341.0 40.0 120.0 2287.0 0.1603 0.04 0.765777611766 0.840499792136 0.176146486806
288 394.0 42.0 127.0 3504.0 0.158 0.0362 0.737477173368 0.851840109421 0.0869969826677
289 818.0 121.0 135.0 17833.0 0.1984 0.0134 0.919212372116 1.06350868151 -0.482619439437
290 924.0 98.0 185.0 12586.0 0.1142 0.0164 0.80100980768 1.02093731072 0.0118309606967
291 873.0 119.0 120.0 23290.0 0.205 0.0131 0.821080790188 1.06139212053 -0.529047754449
292 1200.0 164.0 156.0 31078.0 0.1458 0.0099 0.872683709735 1.12545872896 -0.516986729131
293 712.0 101.0 107.0 11234.0 0.1727 0.0164 0.816548973889 1.02624593607 -0.37614025904
294 824.0 101.0 233.0 17784.0 0.1073 0.0153 0.986912067267 1.02828193933 -0.436065042023
295 861.0 75.0 194.0 17920.0 0.1398 0.0192 0.765818353614 0.970203611125 0.0969436402779
296 794.0 15.0 327.0 28641.0 0.2865 0.0721 0.517397556231 0.650208927461 0.278758499395
297 202.0 15.0 81.0 4855.0 0.338 0.0779 0.60392968792 0.649080929616 -2.85423618989
298 942.0 123.0 139.0 22518.0 0.1878 0.0129 0.82851442292 1.06772031467 -0.279585172207
299 898.0 136.0 170.0 19176.0 0.1489 0.0122 0.980907544389 1.08662007387 -0.727208000104
300 751.0 84.0 139.0 19408.0 0.1953 0.0174 0.804169014458 0.99260806699 -0.21096554097
301 730.0 109.0 116.0 22632.0 0.2418 0.0141 0.922729846161 1.04410489906 -1.15055059354
302 1169.0 97.0 218.0 36309.0 0.1444 0.0146 0.79943185549 1.02275638201 0.197545644657
303 604.0 82.0 115.0 6812.0 0.1768 0.0205 0.776016338668 0.983501249285 -0.0564472767238
304 795.0 119.0 216.0 16168.0 0.1031 0.0138 1.04435334798 1.05980702093 -1.09050584295
305 908.0 126.0 153.0 29284.0 0.1793 0.0122 0.923840275272 1.07347851473 -0.946279914221
306 755.0 107.0 107.0 20089.0 0.2348 0.0145 0.811021778748 1.0400232309 -0.794237162306
307 976.0 142.0 86.0 42159.0 0.3024 0.0107 0.772376874829 1.0983194432 -0.97965742473
308 839.0 82.0 153.0 26729.0 0.1972 0.0172 0.779713998526 0.988871871204 -0.0351762084377
309 844.0 129.0 116.0 26304.0 0.2486 0.0122 0.920643982466 1.07767257714 -0.907113419098
310 706.0 122.0 42.0 21316.0 0.4696 0.013 0.585112706485 1.06588997031 -1.36581957531
311 563.0 49.0 197.0 8045.0 0.1242 0.0291 0.786256524123 0.884736101238 -0.0749508023211
312 978.0 152.0 245.0 12137.0 0.0867 0.0122 1.04766389621 1.10570419291 -0.428865229496
313 713.0 84.0 148.0 6364.0 0.121 0.0204 0.807858896713 0.987755641744 0.166571402238
314 852.0 120.0 147.0 15972.0 0.1685 0.0137 0.88090282722 1.06138079419 -0.351651197766
315 498.0 82.0 37.0 11045.0 0.4322 0.0191 0.590564078135 0.985804692566 -1.12746166559
316 993.0 64.0 298.0 33860.0 0.1129 0.0205 0.792638274341 0.940694389262 -0.0971308637365
317 133.0 16.0 59.0 559.0 0.2632 0.0927 0.603443975561 0.656839746594 0.0773725654354
318 613.0 98.0 71.0 14394.0 0.3504 0.0161 0.771621647646 1.02153292186 -0.836094496022
319 1122.0 143.0 218.0 37537.0 0.1309 0.0108 0.977182461829 1.09928079617 -0.619654905668
320 892.0 113.0 212.0 20912.0 0.1234 0.0138 0.969990020396 1.05084345483 -0.470487266936
321 779.0 137.0 200.0 7605.0 0.0964 0.0143 1.05102311134 1.08260809099 -0.671429169332
322 927.0 146.0 109.0 20057.0 0.1949 0.0115 0.846274481151 1.10067535015 -0.768494644937
323 337.0 40.0 71.0 2991.0 0.2706 0.0384 0.605259931448 0.841781162551 0.133241323368
