3 5598 11 2626 0.432903152238
78 3579 22 1682 0.398114158724
92 3676 11 1590 0.619856253042
95 1084 11 714 0.597769687788
111 4134 18 1356 0.627283020951
172 806 18 144 0.839238575934
187 4763 34 808 0.588824728423
189 1348 11 681 0.270926244722
219 2350 11 670 0.771722229528
223 1492 11 775 0.596869096798
225 972 10 604 0.633529381086
234 6946 12 2317 0.650930203751
271 1467 19 724 0.660828658312
305 5377 24 4090 -0.21527483324
307 4158 19 1463 0.512878796147
315 7432 34 2137 0.765344797181
341 3258 26 938 0.447738585852
399 15869 21 6196 0.775979953555
