12 1852 304 366 -0.0066671497108
99 1209 277 136 0.320458185735
100 2584 430 320 0.114045150025
101 2454 651 104 0.386944139528
105 1516 420 113 0.0708649113769
107 2226 463 183 0.326625764207
434 3376 680 174 0.545850661337
435 1352 361 144 0.191455449861
442 1674 407 118 0.331693317556
449 1762 391 152 0.253935359403
622 882 195 171 -0.00139747210659
625 1486 384 144 0.118469346061
628 1130 251 176 0.193731074685
858 1260 323 134 0.188260451062
859 1341 260 172 0.000972106807731
860 904 313 22 -0.103931074106
864 737 230 48 0.0303297106306
865 1103 291 136 0.0886527229371
911 1900 418 210 0.0711011623357
914 1106 247 150 0.153992307154
1064 2956 477 246 0.414527205156
1065 1206 352 108 0.072727283091
1066 1296 314 104 0.183346675985
1320 1318 382 52 0.285150877
1326 1007 254 120 0.0354513632815
1397 2237 471 246 0.243288922483
1610 1024 257 138 0.0879936026945
1611 1186 347 50 0.174304689594
1617 1240 278 122 0.0270941588364
1621 1907 332 280 0.00992255057303
1659 1815 390 216 0.117624842208
2026 982 261 82 0.104363502305
2169 1355 291 250 -0.0333028527329
2174 2300 600 115 0.433170612318
2229 2240 344 288 0.232230281734
2231 1549 394 132 0.229031375283
2312 1704 274 218 0.420309382407
2348 1444 341 142 0.137864125086
2362 2045 501 174 0.209935611241
2477 1756 425 156 0.357538560149
2757 1582 282 174 0.30666042988
2902 642 188 56 -0.00235816898359
2906 1055 247 152 0.181625043462
3248 1594 232 200 0.322947972502
3249 1111 256 202 0.170544090681
3253 926 229 100 0.0131687531828
3329 1782 371 200 0.370543528499
3474 2600 618 68 0.529653227551
3478 2375 545 199 0.378117517597
3871 1346 339 132 0.142625831112
3876 1086 316 102 0.0830011929472
4205 2816 674 146 0.44662348948
4206 1445 411 62 0.342461620207
4209 2283 414 220 0.375442853706
4210 2633 579 116 0.50329631777
4211 2243 545 152 0.406697754819
4272 4002 409 702 0.137318253433
4275 466 128 46 0.307149610756
4278 1186 215 154 0.301856356173
4460 764 180 102 0.0696767674311
4555 2399 553 208 0.31106844623
4556 1569 367 108 0.277910728282
4567 1487 329 168 0.366152130222
4568 2029 475 172 0.132422967762
4592 3843 722 236 0.536255115861
4595 1310 282 128 0.237774345231
4597 937 259 70 0.119168493692
4873 1916 422 190 0.263172416001
5133 4772 379 1196 -0.391538090766
5137 1213 322 122 0.231775750107
5359 2758 548 236 0.332975614142
5569 1672 244 338 0.0306638162433
5681 1384 304 136 0.205453578957
5858 1696 256 346 -0.205612333046
5871 2254 366 266 0.30269222164
5879 1256 245 152 0.217949135133
5880 1647 357 190 0.301062689013
5882 3153 698 88 0.567528587451
6044 1365 338 102 0.299536511442
6068 1329 309 146 0.240341623275
6230 2161 414 162 0.462156438637
6232 1234 280 130 0.299069968851
6234 823 206 82 0.24383834976
6235 1427 337 160 0.350777500314
6237 2036 428 228 0.149654222588
6443 1570 272 168 -0.0445241938897
6445 1476 315 158 0.287800725499
6446 1682 362 162 0.332143896896
6507 1084 263 78 0.249510314965
6619 1852 419 170 0.274049237213
6750 1577 288 184 0.265936875332
6751 2071 405 174 0.349788863516
7020 1032 314 26 0.252337729692
7021 1463 340 104 0.318491653774
7028 510 173 24 -0.033509710062
7030 2754 608 182 0.464504578191
7095 2109 513 138 0.369886139399
7114 1833 357 236 0.301577634172
7127 1663 427 112 0.411571752054
7141 1850 394 198 0.191334184871
7163 894 289 58 -0.0993830832602
7178 50 24 4 -15.8169235448
7181 98 43 10 -2.93132397019
7269 2746 572 182 0.479086200958
7483 1759 355 211 0.243847927791
7604 1606 400 88 0.420924865292
7607 1393 454 30 0.106686839633
7784 2457 566 238 0.298713054667
7790 1350 347 118 0.311007334942
7792 951 311 44 -0.0420425430402
7948 1138 306 84 0.328037286316
8120 1748 544 84 0.13885253179
8128 1081 290 144 0.0778132545224
8272 1863 327 232 0.246877926127
8273 374 110 64 -0.0477728339365
8275 1110 274 110 0.193311699569
8277 913 247 80 0.134339749494
8278 3324 605 408 0.337879626259
8280 2492 578 244 0.293283124077
8281 1125 255 108 0.193044462181
8283 2019 473 186 0.303338065577
8286 2726 577 210 0.447497275061
8287 1427 286 230 0.0985371463055
8403 1201 329 122 0.177178463832
8404 1344 334 112 0.0989314285841
8420 3680 645 390 0.457979759398
8423 1218 342 88 0.263837415968
8528 983 297 74 0.137759432354
8601 1119 273 130 0.216924886937
8844 1091 223 234 0.0474435795383
9172 1698 305 246 0.130326064662
9181 2276 423 196 0.397201893178
9387 1385 295 150 0.229145960792
9404 1459 291 287 -0.110317810938
9412 3097 516 384 0.0669202597371
9422 1872 476 118 0.248235361061
9475 1970 313 222 0.186674762261
9477 1079 280 93 0.065575383313
9495 1439 263 140 0.340228171463
9555 970 239 104 0.146048770012
9558 582 185 36 0.0212581126418
9720 1283 342 105 0.187668347038
9724 1485 319 170 0.225971143548
9727 1590 319 136 0.386682464439
9736 857 282 30 0.04334202376
9738 1882 474 78 0.477721767912
9740 2093 463 217 0.278010346115
9992 982 278 94 0.123242231597
9995 1148 317 68 0.16434625365
9998 1664 368 132 0.34085461592
10232 1587 350 212 0.118808748899
10236 2162 418 170 0.364035857698
10237 1824 486 96 0.325906588427
10519 1654 285 226 0.29215326703
10537 1374 292 148 0.256275235652
10776 1574 347 178 0.156243569949
10784 1649 305 170 0.355210110634
11053 3018 670 198 0.389075337268
11328 1816 327 182 0.135331186106
11331 1594 408 96 0.321063453794
11509 1852 411 132 0.324783915613
11514 1125 295 170 -0.0820126749011
11515 1300 295 130 0.238251433702
11580 2890 488 269 0.366055715378
11584 491 153 30 0.107045207607
11586 8011 1064 424 0.580507106873
11725 1496 352 124 0.379169563828
11948 2097 428 254 0.236157867434
12059 978 195 146 0.247078532001
12182 585 141 72 0.276663892152
12270 997 336 26 0.0173866100679
12272 1882 331 200 0.2344797866
12410 3401 404 446 0.146990580017
12414 2592 532 180 0.531651189918
12417 1580 332 131 0.335770741783
12419 1885 539 80 0.286360593542
12445 797 143 142 0.215140015502
12446 1239 318 124 0.222318522053
12452 1414 365 48 0.477114070774
12646 952 239 122 0.116322612049
12779 1733 376 76 0.469747095689
13030 1592 374 102 0.30701963265
13033 736 237 22 0.137795911845
13034 1382 377 128 0.100919119627
13106 1606 489 42 0.256399109211
13218 788 249 40 0.0920331360754
13219 669 163 86 0.140843845859
13221 478 135 92 -0.119271774276
13227 1650 352 148 0.423824514524
13229 2074 303 356 -0.0923695295912
13474 1478 298 182 0.252452281192
13715 3430 527 426 0.248890234446
13776 1074 280 82 0.26872982865
13778 1393 292 138 0.161694143574
13780 808 233 66 0.0684805683755
13810 2260 543 126 0.410895198195
13816 2045 322 272 0.17859824091
13942 1940 511 102 0.34367878027
13947 1776 393 154 0.41242802302
14091 1230 325 144 -0.0542903956931
14095 1651 350 174 0.332246572052
14098 1615 336 152 0.275192021246
14107 1578 481 71 0.183782752013
14303 1556 340 180 0.112310303208
14305 2840 555 277 0.202380023447
14342 905 220 84 0.120314716868
14395 2242 395 228 0.271595457401
14599 3167 562 332 0.333290098284
14602 2665 384 308 0.287955165174
14603 1390 378 78 0.191090346533
14604 4422 692 480 0.487508847009
14715 1893 408 126 0.393348144493
14921 1003 265 70 0.340638324063
14922 2517 573 168 0.464532381508
