2 436 81 35 30 0.3958 0.5147 0.624901490808 0.533429308581 0.768230038395
7 2524 169 1281 98 0.0225 0.3121 1.13349586002 0.725312898866 0.825206180875
9 20110 99 6760 4238 0.0573 0.0575 0.845570914408 0.930819128094 0.952257620178
13 6331 208 2862 392 0.0226 0.1731 1.16656058939 0.856152998693 0.922208683719
14 5659 105 2255 728 0.0516 0.1416 0.975287894221 0.830519739108 0.958019825702
17 4635 107 1770 388 0.0431 0.1514 0.907479855455 0.828036535653 0.890155105332
19 850 82 233 65 0.1233 0.3893 0.889339367557 0.622396215944 0.847811536103
21 614 11 233 270 0.4148 0.3595 0.424448001519 0.478654313137 0.967118590526
22 7065 116 1654 834 0.0631 0.0911 0.805443428201 0.904253144614 0.879624302279
24 1141 174 197 42 0.1396 0.4848 1.02940733355 0.58683582825 0.789839818524
26 4276 249 800 185 0.0594 0.2661 0.998515193832 0.7752917102 0.89789185362
28 779 137 200 32 0.0964 0.4992 1.05102311134 0.584174864055 0.666422876863
30 17914 315 2134 1664 0.074 0.0986 0.898238896362 0.979538610547 0.963164401034
31 28298 252 12205 1737 0.0205 0.1533 1.20538232978 0.887052600396 0.975187594299
32 3670 73 1264 440 0.0622 0.1379 0.808165128895 0.804836716217 0.868937940836
34 337 40 71 55 0.2706 0.3528 0.605259931448 0.610116039835 0.798051534719
35 4875 93 1353 655 0.0707 0.1599 0.86026136222 0.801439240037 0.952178165323
38 4096 98 1349 449 0.0552 0.152 0.877386362915 0.81737710254 0.926260205948
43 4603 20 1705 1507 0.2305 0.2642 0.558255459997 0.58561520778 0.96278386941
44 850 13 365 359 0.3085 0.2997 0.505798715374 0.524351967306 0.972733719553
45 10115 85 1189 3068 0.1423 0.0741 0.584753933622 0.887698867524 0.938846911217
53 5736 215 2525 333 0.0232 0.195 1.17696454392 0.835021025487 0.921593155848
59 202 15 81 41 0.338 0.5532 0.60392968792 0.403916034921 0.696140271185
60 26069 593 7561 610 0.0153 0.1852 1.28529997656 0.896466839762 0.928579690693
61 6335 94 1538 1141 0.1033 0.1126 0.78911045467 0.851368532535 0.939541199461
62 2960 81 1077 242 0.0466 0.1788 0.845319566534 0.780878110603 0.85414181527
63 3805 16 1356 2369 0.2742 0.1785 0.467509367813 0.605966423741 0.968948467384
64 2551 12 641 928 0.445 0.3963 0.301616636605 0.47391820557 0.937889317323
67 27664 107 6016 6412 0.0737 0.0433 0.732548186327 0.966523232556 0.920008487921
68 6895 229 2248 395 0.0376 0.2113 1.16217320692 0.817881127666 0.947401125484
69 3219 185 1555 127 0.0224 0.2782 1.14561827936 0.75770829279 0.839287669041
77 1498 60 344 317 0.164 0.1638 0.676558152141 0.764330257516 0.911798590125
79 14857 195 2961 1808 0.051 0.0866 0.928240609219 0.956270817778 0.959068673505
80 898 19 195 342 0.3829 0.2845 0.407958682271 0.571579321562 0.951098664009
82 5023 219 2216 239 0.0227 0.2264 1.17971240904 0.807720211302 0.909423392894
85 5518 247 2650 191 0.0171 0.2575 1.20636952226 0.784446914534 0.895002156845
86 28177 167 9916 3043 0.0345 0.0651 0.985298223072 0.976047522374 0.9415510272
88 976 142 86 45 0.3024 0.4869 0.772376874829 0.571892463881 0.845108638501
89 1062 83 158 113 0.1571 0.2619 0.669347573345 0.720615371853 0.825064792521
93 6722 246 3110 313 0.0185 0.2015 1.20710791703 0.838314166275 0.91976052832
95 5352 105 2842 529 0.0325 0.1493 1.02631373344 0.824587950133 0.927736658748
96 3121 88 962 384 0.0803 0.1624 0.842073230171 0.798836664031 0.907605672101
98 2559 156 1256 109 0.0258 0.3065 1.11273730142 0.721723608429 0.850912065151
100 22300 170 11342 1640 0.0198 0.0815 1.07666564872 0.952235141877 0.937671923912
102 149 23 53 23 0.2756 0.5293 0.682988720556 0.453214204427 0.697785021082
106 9027 21 3990 4030 0.1914 0.1733 0.618988859507 0.641099959064 0.984155475243
108 8335 353 3774 258 0.0134 0.2148 1.27859502559 0.84863487244 0.89197410099
109 38 12 7 6 0.7814 0.806 0.34744136762 0.167414954457 0.455038426894
110 5185 184 1809 327 0.0384 0.1979 1.0887989791 0.820879975493 0.926753595805
111 84297 406 23581 7213 0.0216 0.0497 1.153796073 1.09920029138 0.966135450501
113 35548 96 23200 2574 0.0227 0.072 0.988454117552 0.905061523804 0.926347072595
116 52186 188 17081 11741 0.0399 0.041 1.05487083007 1.03706759291 0.967142557705
117 974 27 267 177 0.3109 0.4278 0.616544397458 0.528727920163 0.963264072807
119 1625 161 230 92 0.1534 0.3462 0.874381137605 0.689455501547 0.873694734198
120 2130 46 684 479 0.1723 0.235 0.806928901973 0.680997886799 0.96108868045
122 6806 118 1249 984 0.0825 0.1058 0.783352235847 0.882966654651 0.93077105653
128 8693 135 2450 632 0.0386 0.1172 0.882656040526 0.885268968485 0.897006848034
130 30679 302 4510 5410 0.0772 0.0544 0.961863110723 1.05808034291 0.966974079245
131 38479 490 5177 2668 0.0404 0.0834 1.06456023585 1.04179111962 0.966769056581
134 6378 129 2952 445 0.0319 0.1614 1.02481639317 0.831226806518 0.908866512758
135 7292 227 1931 325 0.0321 0.1955 1.03759037663 0.838652382014 0.88173457758
136 53734 576 15650 2392 0.0164 0.0781 1.28357533794 1.06726541597 0.939894217035
137 1776 81 746 159 0.0619 0.2593 0.937470782849 0.713178284556 0.897996057747
138 5167 88 1083 1117 0.1167 0.0983 0.727970892587 0.862564304054 0.918308121665
139 648 118 95 35 0.2203 0.4778 0.867446832181 0.590445861159 0.721124327169
151 8040 219 2495 527 0.0388 0.1725 1.10439531283 0.856413409327 0.939785325118
154 2501 62 1017 304 0.0865 0.2572 0.887280683252 0.690283682298 0.938279806115
156 3898 32 1854 1194 0.1086 0.1178 0.700079942445 0.731054170605 0.939023721978
161 7193 259 3376 284 0.017 0.2169 1.21628759852 0.824275947387 0.909372352136
165 1853 51 740 266 0.1093 0.2794 0.853705832939 0.659549985838 0.953554779951
170 127838 605 26099 8371 0.0209 0.0419 1.13811563098 1.16181796766 0.957084893614
173 4773 183 1975 247 0.0294 0.2214 1.11864773037 0.800348932698 0.905728299928
177 924 98 185 63 0.1142 0.3542 0.80100980768 0.667113414905 0.772703691993
181 2929 103 1010 348 0.0662 0.1783 0.950407960353 0.796696458213 0.936456851904
187 762 25 146 176 0.387 0.3769 0.461894695043 0.547594870517 0.93661015188
188 7402 75 888 1624 0.2658 0.1779 0.56584557966 0.764545259979 0.978690698218
192 4230 24 1186 2008 0.299 0.1869 0.528251491608 0.647899869893 0.951206248627
194 360 34 134 48 0.1382 0.3696 0.689597120168 0.586555833084 0.745336927924
198 9432 89 2201 2921 0.1156 0.0782 0.781326213487 0.886911360535 0.960791146971
200 1747 162 208 87 0.1671 0.3794 0.817313428714 0.658657935928 0.848818247676
203 8962 157 1300 860 0.0748 0.103 0.73546073485 0.916243781636 0.888571709761
208 2392 66 587 534 0.155 0.1577 0.754624373035 0.773708225262 0.956732815123
209 2806 158 1439 125 0.0234 0.2752 1.11519951372 0.751033571329 0.848624861536
211 18585 207 9736 936 0.0164 0.1284 1.14832473885 0.903407883505 0.938485761614
212 988 133 183 47 0.1671 0.4758 1.00292565639 0.582254351378 0.851075913302
218 7807 136 4653 275 0.0187 0.1792 1.04935527485 0.823217285178 0.837847318264
224 10987 248 2754 465 0.0299 0.1579 0.993639735254 0.886244419696 0.891898357918
228 2259 226 279 97 0.1314 0.3521 0.944573964954 0.699727081457 0.876213575441
233 18725 141 10365 1453 0.0214 0.0898 1.06372449568 0.921029400755 0.935097845975
234 2782 178 1277 124 0.0259 0.2866 1.14011169396 0.74862385443 0.86419423519
236 2393 20 615 1119 0.311 0.1943 0.420121499624 0.623821956063 0.929153263415
237 10490 296 2272 557 0.0392 0.1534 1.02786691702 0.901985193739 0.929930347652
238 1032 34 188 312 0.3232 0.2192 0.453754746939 0.665966370937 0.915251690623
239 10572 36 2342 7456 0.2129 0.0896 0.530300773981 0.767769953128 0.963628862449
242 7192 107 1384 1438 0.1046 0.0965 0.759496290717 0.883597767071 0.949166316378
245 26250 132 7715 2217 0.0356 0.0699 0.862824665189 0.944069728777 0.923151978639
246 8375 28 1911 6275 0.2166 0.0919 0.468408790631 0.73421014222 0.958155512378
247 1117 161 211 44 0.1089 0.455 0.964697444588 0.611997189456 0.739010574745
248 875 81 211 72 0.1504 0.3803 0.860168361071 0.629313056781 0.854143258372
250 5373 30 1444 2129 0.2451 0.1656 0.544077698243 0.685910374531 0.960342511118
251 12472 207 4236 851 0.0318 0.1313 1.06704860793 0.900218157206 0.936894691561
255 6445 90 2662 1126 0.0605 0.1415 0.982215193842 0.814708137502 0.964037596989
259 855 117 116 46 0.1884 0.4554 0.821208310516 0.593343643026 0.803251464018
261 2495 20 841 1582 0.2645 0.1573 0.530985580901 0.646060244962 0.94207115557
263 3786 55 1325 1203 0.1156 0.1119 0.804166983059 0.797201328381 0.94946227709
267 16939 168 9631 966 0.0171 0.1027 1.10372494692 0.921723809342 0.923834743427
270 983 75 259 94 0.1124 0.308 0.813844130186 0.675353909864 0.848772359154
276 2925 21 930 1003 0.2946 0.2681 0.538525844547 0.588822546573 0.983320626547
279 6335 40 2500 2365 0.1181 0.1071 0.71956573118 0.764808232134 0.979548761876
282 2779 44 1173 763 0.1067 0.1415 0.791011158282 0.747220213692 0.95903213576
283 932 79 154 100 0.1627 0.2901 0.716082951952 0.697819177717 0.857648438137
287 6092 82 3579 574 0.0337 0.1444 0.970612753233 0.807394560732 0.913375414027
288 34611 208 6797 3447 0.0546 0.0691 0.865885778705 0.990466296691 0.933007676001
292 6212 41 2758 1909 0.1004 0.1286 0.764633053609 0.748237884265 0.96674429059
296 7138 32 3101 3244 0.1198 0.1099 0.68427202377 0.735731130355 0.979953054082
297 5447 18 3304 1822 0.1203 0.1356 0.597444872237 0.646313705 0.944987833873
301 2299 252 186 80 0.2536 0.4224 0.900477819061 0.631578695542 0.904701976789
302 5714 47 2617 1064 0.0817 0.1646 0.793565564023 0.73288535538 0.960459430223
309 1044 152 83 45 0.3001 0.4907 0.7751990339 0.567560430175 0.849357488077
310 1589 17 580 1002 0.2775 0.1588 0.481498242476 0.625764790885 0.907194389925
313 67771 327 9784 4742 0.0375 0.0602 0.891637899855 1.05308725087 0.950127069743
314 35735 259 9473 5554 0.0383 0.0541 1.0658419278 1.04287380928 0.972044662029
315 6098 100 1605 1024 0.0851 0.1096 0.828280155701 0.861670668465 0.94095272949
316 4008 197 1773 183 0.0251 0.2567 1.1579682522 0.772767379716 0.900700116948
317 878 98 113 66 0.188 0.3763 0.74557997293 0.646228381573 0.839090308685
318 978 152 245 40 0.0867 0.4588 1.04766389621 0.612197826183 0.711102815548
322 29055 128 20296 1235 0.0153 0.0881 1.06227274076 0.915299989994 0.903004966935
323 1200 164 156 51 0.1458 0.4351 0.872683709735 0.626812821357 0.786719669601
325 2991 199 885 146 0.0515 0.2967 1.12728015797 0.738304000343 0.900238347728
327 8287 98 4838 751 0.0286 0.1205 1.0071125811 0.8482140695 0.913541243712
330 5200 24 3078 1789 0.1087 0.1496 0.706957869494 0.672536629135 0.969277420046
331 9146 52 2551 3044 0.1052 0.0809 0.675937960462 0.822573792248 0.96006447234
332 13560 106 4557 1991 0.0416 0.0845 0.893879007616 0.897917213707 0.955125369143
336 10206 40 6798 1411 0.0533 0.1523 0.823042311135 0.726474576206 0.931996514089
337 7245 126 3975 514 0.0251 0.14 1.05792628799 0.852530081571 0.900351475628
339 8593 107 3577 1402 0.0506 0.1303 1.02098210697 0.842153656348 0.970624868391
340 2058 78 513 298 0.1266 0.2012 0.802596350954 0.752929557182 0.929332834234
343 3332 43 511 1422 0.2655 0.1327 0.496980020848 0.75040791003 0.954341562027
347 24490 293 3582 2437 0.0603 0.0876 0.965018747181 0.990503139294 0.960362991837
348 818 121 135 46 0.1984 0.4462 0.919212372116 0.6051626337 0.806764581307
349 3965 17 1463 1749 0.2429 0.2075 0.481720368947 0.597815698284 0.978427267209
350 1432 28 781 239 0.0989 0.2297 0.699046386498 0.641607970043 0.853325210712
352 2896 62 481 885 0.2181 0.1335 0.622998845524 0.788725988964 0.952759783313
356 4196 56 1174 1149 0.1408 0.1409 0.748866491095 0.770423591522 0.964686096119
361 5485 111 1538 524 0.0593 0.179 0.889758565297 0.798555338621 0.933799744505
365 5217 134 2434 333 0.0306 0.1951 1.04259627394 0.800832951791 0.914090711088
368 6706 124 2494 486 0.0363 0.1208 0.906923525059 0.876173104118 0.876489581058
371 20525 107 11886 1782 0.0249 0.0821 0.994328202135 0.903194338103 0.93433909018
372 8891 36 4905 4155 0.0848 0.0944 0.796629597451 0.763709512318 0.967624051405
374 2135 25 648 1153 0.2038 0.1262 0.527372495585 0.694974031042 0.94758862691
375 1484 15 409 834 0.3316 0.2024 0.352835992058 0.586425555463 0.945352784931
377 37184 569 3640 1611 0.0399 0.0922 0.966139202089 1.03990911498 0.924042625086
379 22919 181 12691 1119 0.0166 0.1118 1.11451971429 0.914063708956 0.9174133649
383 2335 13 801 2648 0.3822 0.165 0.414818199959 0.58577249594 0.864925022696
384 4413 227 1366 223 0.0388 0.2295 1.12358275749 0.807046266423 0.895492161275
386 3697 94 352 555 0.2244 0.2031 0.597892985643 0.762739368913 0.968049590379
388 1817 24 560 869 0.2264 0.1534 0.520458144607 0.671453176917 0.962054190819
390 22880 262 5208 1797 0.0345 0.0794 0.977307011654 0.997536641938 0.937852820876
391 948 70 254 114 0.1154 0.2518 0.783955921881 0.715112354251 0.854171872887
393 898 136 170 41 0.1489 0.4785 0.980907544389 0.588916518255 0.77538340991
394 2346 209 425 100 0.0893 0.3405 0.994921035826 0.707569444566 0.844605457316
395 3222 40 1022 1096 0.1565 0.1362 0.667167446867 0.740252226272 0.963680893646
399 8350 312 1242 479 0.0658 0.1684 0.975882118857 0.887463843775 0.931150403835
400 2051 80 193 253 0.4072 0.3301 0.563270339661 0.658131326351 0.972271233149
401 9089 322 4219 311 0.014 0.2012 1.25961569411 0.855557577048 0.901410507231
402 17653 35 9265 14583 0.0911 0.0606 0.763504599638 0.793950183707 0.957232577761
403 36815 311 6121 2832 0.0354 0.0655 0.951056019842 1.03917031123 0.943598993357
404 997 125 109 57 0.2362 0.4278 0.755719176097 0.616396716537 0.846390045342
406 7156 254 3234 294 0.0186 0.2154 1.20946842445 0.824104594467 0.911590336451
407 2221 22 1134 987 0.1493 0.1491 0.66233537796 0.663754702891 0.96229442396
408 3139 39 570 1392 0.3869 0.1758 0.587089062017 0.705804751831 0.89199989292
411 1122 143 218 52 0.1309 0.4442 0.977182461829 0.610111707533 0.827686849538
414 4111 211 1851 175 0.0226 0.2479 1.17079873569 0.789482985913 0.871072284125
415 11802 320 5421 422 0.0144 0.2057 1.26008717202 0.842847914482 0.936367913848
416 10722 113 6492 537 0.0225 0.1536 1.02310650666 0.826092037906 0.88815808852
419 852 120 147 48 0.1685 0.43 0.88090282722 0.619020063317 0.780033904451
421 7401 56 2973 1444 0.066 0.0714 0.747243570032 0.846440324758 0.893939692071
422 53903 320 14432 6397 0.0309 0.0497 1.11307277899 1.07522157575 0.961961463941
423 3948 281 648 152 0.0647 0.2814 1.00682568245 0.773007914458 0.873408425896
424 4628 245 2217 140 0.0173 0.2867 1.20468847103 0.76206760752 0.853644139531
426 783 136 107 33 0.2461 0.5316 0.945638471388 0.538578238255 0.784124541476
427 14022 162 6836 1025 0.0231 0.1023 1.07437142903 0.918264571943 0.928576824167
428 6417 106 1469 874 0.086 0.1168 0.781200439981 0.859399445965 0.919707157347
430 978 140 64 50 0.3054 0.45 0.676929471257 0.599640289213 0.833923829777
432 967 99 157 83 0.167 0.317 0.754812219308 0.691799062395 0.833043313251
434 2618 47 1154 456 0.0955 0.2107 0.823825206497 0.700005468497 0.955270895448
435 6620 96 1462 1135 0.0919 0.1168 0.794879167185 0.848244156778 0.952464671685
436 883 150 156 37 0.1595 0.4899 1.01521587323 0.583312851581 0.74680611353
437 4797 81 1475 877 0.0705 0.0985 0.804087205817 0.855509539222 0.932655332057
439 706 122 42 34 0.4696 0.5383 0.585112706485 0.526539116458 0.824484221918
442 1374 141 174 86 0.1511 0.3358 0.804859745599 0.69643637122 0.842320210338
444 4568 78 2465 603 0.0402 0.1127 0.941087697787 0.83756554354 0.913800776491
445 3836 54 1066 948 0.1711 0.1777 0.773174657517 0.735682146656 0.974784116118
446 904 99 173 61 0.1465 0.393 0.82057574661 0.634979866078 0.816671301653
448 27922 368 3546 2475 0.0532 0.0723 0.952195667189 1.04109261249 0.945406613256
450 7377 262 3097 335 0.0208 0.2035 1.21290361454 0.8381179585 0.92225866311
451 6859 296 3658 179 0.0116 0.2432 1.24780724132 0.814679285615 0.848381532089
452 6363 43 3486 1087 0.0661 0.1244 0.793244695556 0.758843707908 0.920280146382
455 5523 120 1900 557 0.0497 0.1211 0.928247598045 0.870580308867 0.897634005149
456 8463 310 3973 308 0.0142 0.196 1.25211604722 0.860429993986 0.900390945469
457 4206 99 1258 740 0.0812 0.1145 0.895860556279 0.8571635469 0.917884760028
458 653 109 67 36 0.3366 0.5034 0.746016299336 0.552548430829 0.809180688524
459 5381 42 2776 1322 0.0775 0.1254 0.796203781599 0.754469699704 0.967669449185
462 5330 193 2307 265 0.0263 0.2341 1.14457369769 0.788648432455 0.921191653487
463 2783 165 1447 113 0.022 0.2918 1.1283235868 0.740674587083 0.834690019541
464 795 119 216 34 0.1031 0.5196 1.04435334798 0.54191720453 0.773652773624
466 3403 79 650 703 0.1934 0.1701 0.758933722031 0.777279265322 0.951444416063
468 3883 29 710 1617 0.3173 0.1862 0.430809813225 0.668603927303 0.969163119778
471 848 107 106 59 0.1867 0.3808 0.745571415022 0.650146012872 0.797039737823
472 1022 94 243 84 0.1291 0.3354 0.875643280811 0.67302821988 0.866350162422
473 4973 81 2939 549 0.034 0.125 0.972551223538 0.827689830196 0.899347579942
475 5994 74 2333 589 0.0466 0.1203 0.813981627324 0.823063318931 0.895346647504
479 19385 106 6097 4405 0.0704 0.093 0.914281803979 0.883829820531 0.984655843695
481 10681 221 1894 633 0.0479 0.1273 0.880180851444 0.91472062737 0.883860365448
482 10476 26 4098 5030 0.1578 0.1124 0.591399335832 0.708083647385 0.951740243505
483 21039 105 7131 3472 0.0418 0.0631 0.883887759351 0.928608190948 0.950234280538
484 942 123 139 57 0.1878 0.4024 0.82851442292 0.636587114181 0.815319026576
485 865 113 122 57 0.2024 0.398 0.795838029293 0.639186869671 0.814540077555
487 5298 95 2824 678 0.0357 0.1351 1.00737573358 0.829801722535 0.947841455855
488 5655 99 3236 529 0.0297 0.134 1.01378243803 0.83687586384 0.909881967525
491 927 146 109 40 0.1949 0.481 0.846274481151 0.583761991083 0.762431134089
493 4546 54 1164 1743 0.1345 0.0937 0.686140839847 0.81357385817 0.959997909089
496 783 111 131 46 0.1398 0.4148 0.840260783808 0.631796144142 0.741095316825
499 10732 389 4854 314 0.0122 0.1999 1.29718566599 0.868620561787 0.899377810994
501 755 21 157 299 0.4221 0.2652 0.371684153688 0.59247147922 0.943637888036
502 4921 218 643 320 0.1065 0.219 0.885067977216 0.808566927877 0.932928820095
503 394 42 127 50 0.158 0.3813 0.737477173368 0.5963313179 0.810344459631
504 675 81 178 44 0.1189 0.4453 0.865319256773 0.585586944536 0.766671170952
506 5460 139 2245 381 0.0345 0.1738 1.01389435196 0.825193995052 0.90755974747
507 557 17 138 198 0.4 0.3143 0.369879795053 0.546052150583 0.931797067459
510 5955 278 2711 214 0.0169 0.2407 1.2324786198 0.807518223093 0.897484957312
511 2758 76 868 336 0.1017 0.2339 0.867395237426 0.722758849439 0.948849658918
513 309 35 95 54 0.2196 0.3526 0.707379911067 0.600006840413 0.83453283095
517 5785 22 1639 7650 0.3239 0.1055 0.505168547294 0.691625158953 0.887911328202
522 5898 248 3210 177 0.0133 0.2378 1.20875424972 0.811021350245 0.851503649369
523 5892 95 2823 771 0.0425 0.1348 0.989078453664 0.828953353109 0.955870445191
526 4989 298 512 233 0.1074 0.2591 0.954029585562 0.787308090067 0.931368698755
527 4006 16 1065 1452 0.3386 0.2926 0.406175763869 0.548978190828 0.912482530221
528 3906 35 1027 1442 0.1669 0.1313 0.581851623604 0.72925493253 0.961378834769
531 2684 158 1287 118 0.0267 0.3027 1.11543705651 0.724310875467 0.863445749959
532 21778 241 4219 3068 0.0613 0.0726 0.973323063498 0.998951718665 0.965689875671
533 920 153 147 33 0.1855 0.5467 1.01944847139 0.531174892358 0.783900841782
534 4292 235 2227 125 0.0154 0.279 1.19784257484 0.773848453486 0.814787657609
535 7079 273 3487 240 0.0146 0.2244 1.22543012803 0.822560337838 0.895964572671
536 5470 227 2452 255 0.0212 0.2199 1.18763771588 0.815418605595 0.912107389034
538 52209 172 18503 13066 0.039 0.0412 1.05838988849 1.02617445236 0.972439215002
539 908 126 153 43 0.1793 0.4856 0.923840275272 0.572426911945 0.821071329195
541 8902 312 3563 249 0.0164 0.2226 1.18173258532 0.831748190328 0.886421639761
542 6346 102 2062 622 0.053 0.1335 0.845499866046 0.838421672996 0.917561961738
543 5974 263 3100 182 0.0138 0.2385 1.21968441469 0.812033396049 0.85898386759
544 5723 222 2983 211 0.0162 0.2355 1.18605713104 0.800144468335 0.892205019514
547 4047 25 808 2029 0.3662 0.1892 0.42699074501 0.65077362242 0.951044076983
548 6499 262 3039 250 0.017 0.2209 1.21852624742 0.823307749679 0.893683718594
549 5160 207 2314 298 0.0233 0.1988 1.16984782762 0.830363883658 0.918967268711
551 5407 194 1033 454 0.0764 0.1621 0.929268093618 0.863165418843 0.934376699927
553 5193 96 1634 975 0.0776 0.1046 0.889251056347 0.864414449103 0.946714354853
555 6072 153 2790 252 0.0242 0.1892 1.01894866001 0.822873832059 0.857019394677
557 729 117 106 38 0.2362 0.4907 0.887730580873 0.565374189925 0.801876569359
558 53804 533 11950 2508 0.0213 0.1014 1.19871881573 1.01440923981 0.962021472587
559 40812 155 8031 10817 0.0773 0.0477 0.845775609583 0.999209572901 0.966467040304
560 1058 11 681 444 0.1909 0.2228 0.522246264769 0.538258533299 0.943851620056
561 498 82 37 33 0.4322 0.5283 0.590564078135 0.518335572897 0.829941759305
563 7799 164 3273 556 0.0308 0.1639 1.0786546183 0.845266545157 0.946647336748
564 12368 194 2849 819 0.0394 0.1068 0.931430745045 0.930800647267 0.886794754441
570 7772 232 1717 536 0.0551 0.1464 0.99925931022 0.894698891092 0.918132351282
573 755 107 107 44 0.2348 0.469 0.811021778748 0.582899414296 0.817128871366
576 2818 15 1213 1462 0.1978 0.1817 0.49744470802 0.596645889478 0.918377389035
577 8324 77 3591 1244 0.0594 0.1511 0.912220622287 0.790968708867 0.971673020078
580 1952 20 462 624 0.3418 0.2926 0.413421657591 0.571627531813 0.949716876666
581 1283 93 292 103 0.1167 0.3157 0.817875319877 0.683422226401 0.843736645925
582 2986 269 335 118 0.1519 0.3424 0.961355715904 0.709589057183 0.896458450806
583 17951 195 8550 920 0.0202 0.1373 1.11516237455 0.886750667809 0.930738454336
584 4902 214 2074 252 0.0251 0.2232 1.17362917907 0.808180942302 0.918074895089
586 6207 186 2685 322 0.0261 0.1991 1.11544869 0.820791849598 0.908297823271
587 5780 226 409 524 0.1384 0.1575 0.731450610611 0.87757788218 0.937856004633
590 3894 78 1653 500 0.059 0.1618 0.900813708287 0.7857715764 0.937067941458
591 892 113 212 50 0.1234 0.4337 0.969990020396 0.61002150088 0.815877202453
594 19109 63 13309 3950 0.0318 0.0603 0.92725836631 0.872583762233 0.954998310244
598 613 98 71 38 0.3504 0.4933 0.771621647646 0.553301406814 0.823776031181
599 6042 222 2357 376 0.028 0.1794 1.17196228803 0.854549688354 0.920607411146
600 919 16 654 248 0.1195 0.2296 0.650875462793 0.583237284791 0.886366565299
603 4083 117 1263 376 0.0533 0.167 0.909998477321 0.818644376342 0.913980872927
606 839 82 153 85 0.1972 0.3332 0.779713998526 0.666336283925 0.884695390371
609 458 80 52 31 0.3311 0.5184 0.701771531765 0.536729995581 0.772666590779
610 6301 257 2782 310 0.0193 0.1898 1.21298367178 0.855744270945 0.904492756191
611 7354 201 1877 717 0.0606 0.1308 1.06528496062 0.900159502132 0.934100454484
613 3418 20 1104 1260 0.3 0.2529 0.521755158288 0.591649088304 0.961520663202
618 5449 196 2232 318 0.0279 0.1914 1.13029384695 0.834199240089 0.914955458145
619 730 98 113 50 0.1796 0.4124 0.803526839369 0.62314370691 0.790643340485
621 6145 48 4789 676 0.034 0.1303 0.882523505858 0.766652472401 0.909915704083
622 5717 121 1938 696 0.0607 0.1393 0.992626910624 0.846416779115 0.941200817223
623 12953 178 3336 1752 0.0542 0.0843 0.96965066623 0.951522795035 0.948819881598
627 6311 94 3177 749 0.0395 0.1415 0.993416386058 0.820385319785 0.946177712947
630 6054 247 2724 226 0.0192 0.2366 1.19879029429 0.804340424838 0.898282865116
635 5839 95 2530 482 0.0361 0.1378 0.892577630662 0.829585479236 0.908383179902
639 5997 73 2363 435 0.0479 0.1592 0.804984453736 0.78346144235 0.846786546439
640 12197 124 4426 1303 0.0339 0.0923 0.928793383906 0.905071055115 0.944566666343
641 7936 212 2052 661 0.0486 0.1272 1.02456293479 0.910855518528 0.928775446316
642 14010 210 3535 1665 0.0534 0.0874 1.02961459273 0.96252179257 0.941226679441
645 8401 76 1254 2425 0.1267 0.0838 0.618728035085 0.862556452019 0.953051089203
649 2427 130 561 206 0.0894 0.2256 0.8988933263 0.774731458572 0.907667280158
651 6982 285 1963 332 0.0374 0.1981 1.16399715821 0.850288738679 0.899450877864
652 66245 474 9629 4243 0.041 0.0778 1.02092756964 1.04920777219 0.960274793791
654 999 154 118 42 0.213 0.4842 0.888641911173 0.57977018958 0.803968596818
656 5403 138 2828 240 0.0228 0.1983 1.03388131747 0.805406521274 0.86635796686
659 1334 134 287 76 0.1123 0.3674 0.947462680071 0.666043484852 0.850956400549
660 5544 82 2366 954 0.0603 0.1378 0.947212792847 0.810658040116 0.966359391971
665 9354 133 4474 841 0.0288 0.1163 1.03207557307 0.881773116243 0.938113514599
666 1335 11 775 729 0.226 0.2175 0.509100155931 0.539305422687 0.968929654128
667 5061 112 2277 345 0.0352 0.1721 0.958658501117 0.810231275149 0.896977108908
670 341 40 120 45 0.1603 0.3822 0.765777611766 0.591523784088 0.79141789832
672 3082 38 1113 731 0.1561 0.2169 0.737996564829 0.675483334085 0.972616896631
677 55001 690 10454 2745 0.0281 0.0913 1.25845224337 1.05166994698 0.967172060313
679 3181 119 1347 233 0.0398 0.1984 0.998063488221 0.79352600148 0.88579032952
680 10783 105 4809 1626 0.0409 0.0873 0.969419836468 0.893831314523 0.947585417376
681 39066 316 9339 3929 0.035 0.0658 1.0671030463 1.03794610648 0.966944046639
682 6801 234 3349 265 0.0171 0.2313 1.19552456442 0.80327036374 0.910969648862
683 27142 86 22031 1736 0.0176 0.0954 1.00197285227 0.861645358739 0.931382640327
684 6770 160 2454 502 0.0389 0.1509 1.03702949155 0.859382863847 0.914466094367
687 41362 445 12162 2248 0.0205 0.0947 1.22591506969 1.01281510781 0.960567834403
689 3514 150 2250 105 0.0161 0.3215 1.1141161372 0.704761105298 0.816727722684
690 945 72 278 97 0.1238 0.3197 0.866556259896 0.661816386863 0.883396497912
694 79108 516 21177 4838 0.0178 0.0547 1.19175822197 1.11086848395 0.952775654434
696 16557 399 4428 773 0.0255 0.1397 1.18793749897 0.938331411035 0.941469141038
701 5706 263 2426 244 0.0201 0.2023 1.21101602124 0.848756241069 0.876138982807
704 6942 261 3292 283 0.0165 0.2017 1.2155003523 0.843848090038 0.899271738559
705 2791 175 886 129 0.0502 0.3215 1.09433151531 0.708472537646 0.889100021268
709 4966 82 2578 542 0.0398 0.1232 0.933271095244 0.831329317975 0.911576780016
713 7973 328 3405 289 0.0162 0.2146 1.26243166249 0.840714674045 0.909562094865
718 32100 196 6783 4468 0.0498 0.0475 0.863935227991 1.02937868437 0.93969291298
720 35565 432 8975 1342 0.0231 0.1467 1.17145080536 0.930587769156 0.95068562685
726 6652 161 2737 517 0.032 0.1273 1.06336008117 0.890197113555 0.904894058219
729 2139 32 573 592 0.2218 0.2156 0.575569515386 0.660761933406 0.94231995988
731 19256 217 8229 1035 0.022 0.1309 1.12651156007 0.902963509271 0.929553844633
733 42025 374 12821 1550 0.0187 0.1548 1.15849220113 0.912397834454 0.959864877417
734 604 82 115 48 0.1768 0.3987 0.776016338668 0.626077367777 0.772961950665
735 2825 11 1122 2036 0.3463 0.2277 0.401064143218 0.534184958623 0.945449576492
738 41020 410 9784 2418 0.0336 0.1175 1.20286740803 0.969509098315 0.971222612732
740 13267 102 6993 1632 0.0325 0.1082 0.998945671892 0.863004049802 0.961701345335
741 3495 22 2211 899 0.106 0.1877 0.698306113031 0.639288992789 0.93985179362
744 19621 272 4887 1614 0.0391 0.0886 1.04749619068 0.984896918023 0.9466405263
748 40808 253 10582 2944 0.0353 0.1078 1.02575541235 0.945206024156 0.965248928778
753 5521 290 688 277 0.0717 0.2088 0.93596036811 0.842317782601 0.903871003256
754 7142 187 2600 395 0.0308 0.1435 1.03967329028 0.886781331766 0.869263405959
755 21468 244 4392 2751 0.0624 0.0845 1.01215821989 0.978816737386 0.970885109509
758 18272 89 11134 2360 0.0284 0.071 0.979161079524 0.898565279452 0.946211235541
760 19645 510 3600 946 0.0401 0.1363 1.19326067423 0.957134409124 0.951207631845
761 563 49 197 62 0.1242 0.3678 0.786256524123 0.611140287994 0.825656605088
762 27014 120 10969 3910 0.0413 0.0718 0.974731150585 0.928049272424 0.946022211648
765 4059 104 1812 410 0.0432 0.1687 0.991482323282 0.805909310039 0.934252034081
766 8597 236 2104 661 0.0491 0.132 1.04003984023 0.912905926876 0.932587380825
770 4591 155 1272 385 0.0684 0.198 1.02953095782 0.806972477148 0.93598268793
772 21128 157 11542 1603 0.0191 0.0808 1.07385417086 0.94565442586 0.935956160378
773 4757 97 2078 517 0.0478 0.154 0.970103727315 0.812376432144 0.929308387477
779 5964 55 1812 2206 0.1208 0.1078 0.750550585609 0.799488501387 0.972998280052
781 7492 288 3263 280 0.0175 0.2158 1.23030778014 0.832805328047 0.910821850803
782 824 101 233 50 0.1073 0.431 0.986912067267 0.605487264516 0.824781947612
787 5465 180 1703 360 0.0433 0.1571 1.02450904536 0.867349880383 0.874890936406
789 4016 232 1549 161 0.0273 0.2687 1.17858971867 0.771736198319 0.885105878325
795 5257 15 1689 1878 0.2986 0.3119 0.466690817488 0.533373186751 0.973195528598
796 1483 171 161 70 0.1837 0.3976 0.82858232273 0.652517633642 0.848079669146
797 8355 112 4963 659 0.0244 0.1202 1.03963462357 0.863186894057 0.89773366196
798 22116 293 4572 1750 0.0479 0.0992 1.03067600763 0.972206597626 0.947978057365
799 3124 16 1119 2198 0.2488 0.1475 0.467398611308 0.623319264635 0.952660520293
800 7295 252 3553 299 0.0162 0.2061 1.20964588315 0.83456834266 0.914686748325
809 7358 272 3306 320 0.0177 0.2025 1.22687732781 0.842259323986 0.919410697208
814 6782 32 2748 2676 0.1347 0.1366 0.674964476669 0.713979932493 0.963796307611
817 832 76 142 96 0.1629 0.283 0.723149569367 0.701460015148 0.852544278373
821 4024 145 1510 279 0.0422 0.2108 1.04169948087 0.79303780852 0.916858677649
824 114592 565 22391 6578 0.0251 0.0617 1.14041643615 1.09989970988 0.96063634821
826 1308 17 724 515 0.1734 0.2222 0.636315289826 0.59121421601 0.972128214692
831 10534 74 3316 2687 0.0794 0.0825 0.79914430572 0.861041086627 0.957075855094
832 5124 106 1530 728 0.0654 0.1229 0.883789363192 0.853472047996 0.944034028688
833 1946 21 488 1020 0.372 0.2018 0.443131447011 0.625030842122 0.939671380401
843 5053 197 2800 171 0.0162 0.2541 1.16315667398 0.778241512535 0.86182541388
844 1833 36 448 609 0.2555 0.1908 0.601340315421 0.688727162203 0.973465288633
854 794 15 327 440 0.2865 0.2016 0.517397556231 0.587857042059 0.907861823517
855 2995 20 790 1513 0.326 0.1973 0.432055841924 0.622115971699 0.943990711652
861 797 145 91 30 0.304 0.5598 0.942922495318 0.510816726284 0.788469381255
862 5220 28 1997 1242 0.1148 0.1369 0.605453710079 0.700046881043 0.899409066034
866 8345 287 2390 429 0.0325 0.1643 1.12859738183 0.890199436827 0.915294489873
867 10447 41 6071 2143 0.0665 0.1306 0.815199480778 0.746313128179 0.960657355249
868 993 64 298 101 0.1129 0.3144 0.792638274341 0.659923093188 0.87913590882
869 4931 17 1876 3629 0.2831 0.1557 0.524460855667 0.626120042006 0.925341094411
873 3350 16 1073 2333 0.3256 0.1835 0.44244461203 0.60325677324 0.955014947587
874 38622 465 12066 1964 0.0192 0.1101 1.28112626816 0.989840773572 0.960455053409
878 6775 92 1771 1297 0.0826 0.1034 0.804655508869 0.859971409331 0.942489163347
884 37247 276 10178 3286 0.0321 0.0684 1.055481052 1.02025627654 0.958393259483
887 4671 91 1776 592 0.0672 0.1841 0.960523909189 0.777212902099 0.96422615559
889 2880 22 701 1755 0.2799 0.1422 0.426690469349 0.66726205896 0.943221290877
890 1282 165 157 59 0.1658 0.4138 0.856732740662 0.641343861171 0.817391512882
891 5368 38 2926 1785 0.0781 0.0917 0.782083704339 0.774801613192 0.943341751702
895 4965 66 789 911 0.1652 0.1674 0.616723956526 0.762565368705 0.933820975422
897 4031 26 2033 1264 0.1088 0.1337 0.648647835765 0.693831338981 0.946856202408
900 19377 135 10498 1500 0.0224 0.0814 1.03620983936 0.929552503976 0.922936644672
902 5774 115 1350 1006 0.1079 0.1316 0.89403109736 0.848420742375 0.969355269255
903 35328 158 13754 2546 0.027 0.0653 0.957624615846 0.970769804648 0.929712639753
904 884 124 120 55 0.1983 0.397 0.803446800546 0.648990320279 0.791505068975
913 10810 100 3884 1548 0.0491 0.0939 0.881397464935 0.880004516927 0.939215706714
914 2781 67 1024 388 0.0931 0.2276 0.884365261569 0.71768718807 0.948839646948
915 4541 236 711 240 0.088 0.2511 0.96777967123 0.7836311059 0.923355078332
917 141733 496 31051 4490 0.0167 0.0525 1.07832933075 1.11378311828 0.919937085388
918 737 65 151 92 0.1717 0.2958 0.715503521274 0.678419442613 0.869976378783
919 3002 77 365 658 0.2583 0.1747 0.595709896789 0.770333736783 0.958885842758
922 4423 110 1567 397 0.0622 0.224 0.986805779481 0.757191442326 0.9437625171
924 2543 55 830 556 0.1124 0.1364 0.745670287649 0.776025091137 0.931239809228
925 27132 96 17055 2243 0.0245 0.0727 0.988599693472 0.904611739154 0.915666868237
926 5356 30 2091 4132 0.1675 0.093 0.67882323715 0.742533486061 0.949348913883
927 3118 25 1292 1694 0.1854 0.1384 0.659113733946 0.685138181794 0.9546471702
928 81090 396 22114 7654 0.0228 0.047 1.14373062451 1.10376295024 0.963453340264
930 751 84 139 65 0.1953 0.377 0.804169014458 0.635633316757 0.855050700995
931 4497 23 1013 2713 0.3346 0.1569 0.438060574692 0.662179203082 0.879621296062
932 1125 31 606 211 0.1001 0.2305 0.75279985461 0.651977236479 0.90929826281
933 12584 444 5617 331 0.0109 0.1973 1.32065410775 0.87883135814 0.899094214514
936 3266 20 2045 1112 0.1168 0.1704 0.671068428229 0.638522542889 0.965792532395
938 17224 192 9113 989 0.0171 0.1151 1.12673860847 0.915207926324 0.93838172327
939 516 99 156 25 0.1018 0.5333 1.01423188284 0.547203720084 0.608238137709
942 4222 19 1073 2662 0.2636 0.1328 0.39033871403 0.654655956388 0.929661163138
943 5394 106 3406 384 0.0232 0.1608 1.03786315238 0.816666792765 0.905955655983
945 712 101 107 45 0.1727 0.4357 0.816548973889 0.611425106967 0.784206548965
947 4930 21 2462 2163 0.1573 0.1489 0.63475222747 0.6568487878 0.972496883074
948 3308 74 648 676 0.1687 0.153 0.698294602536 0.788021776545 0.942145973542
949 3872 76 2062 485 0.0443 0.1682 0.958503829639 0.777854833374 0.949742239251
950 2797 32 712 1348 0.2315 0.1378 0.567705415175 0.714249826633 0.94482422658
953 1069 129 360 48 0.0637 0.4391 1.06169340379 0.61220212859 0.791019792777
954 53948 560 15978 3026 0.0183 0.0896 1.33243441557 1.03966308893 0.971934602403
955 6781 31 2137 2116 0.2179 0.2095 0.639539157828 0.660246982159 0.986442970036
956 8769 124 4910 462 0.0241 0.1482 1.0442468622 0.842036022341 0.841794011124
958 3993 166 922 313 0.0744 0.1959 0.956160503752 0.81713842633 0.92511759997
960 3455 25 1677 1175 0.1383 0.1616 0.66979616666 0.66957615115 0.942215108094
961 6870 173 3372 516 0.023 0.1347 1.12529759882 0.88681633359 0.918156560919
962 5357 43 1387 1643 0.1954 0.1768 0.671989899353 0.714319151826 0.982793893633
963 5437 27 2624 1282 0.1096 0.1584 0.641386307846 0.680032123869 0.930724578639
965 3223 21 718 2072 0.3398 0.1668 0.4169272996 0.645549617787 0.941518623913
967 9664 56 3566 5046 0.1021 0.0727 0.805029012921 0.840510727922 0.965297547614
968 4882 25 1570 2531 0.1818 0.1194 0.546532675768 0.698513785934 0.964189300265
969 5064 99 2401 563 0.0401 0.1508 0.981054350512 0.817787024689 0.941637032202
971 5291 52 1836 1540 0.1054 0.1125 0.740688786656 0.78959544015 0.954478753274
973 3228 47 1138 657 0.1375 0.2104 0.791726905268 0.699776223938 0.965742336844
974 34830 121 24511 1569 0.016 0.0875 1.05198029748 0.908450340227 0.914734612086
975 8916 108 3908 1037 0.0433 0.1213 0.997719419541 0.854681063161 0.936645063409
976 871 140 145 32 0.193 0.5617 1.0177862986 0.508491072579 0.795106385599
979 38014 115 25714 2228 0.018 0.0781 1.0339690082 0.915820491308 0.932057484338
981 2985 130 1154 210 0.0424 0.2083 1.00374155342 0.793276124339 0.881671384024
984 3240 186 1776 105 0.0176 0.314 1.15443140359 0.725927234673 0.836233806237
986 9388 19 4339 3369 0.1596 0.1649 0.552243258539 0.634514355546 0.951010861622
987 1147 108 304 73 0.0949 0.3572 0.918777237248 0.666284502902 0.826655058334
988 825 117 110 48 0.2083 0.4399 0.829442426575 0.607089521287 0.813462704576
991 7083 108 4163 601 0.0256 0.1237 1.0284243446 0.856201626265 0.916446593128
992 7227 109 4707 512 0.0212 0.1389 1.042759964 0.840370970158 0.906677293079
993 5911 40 1964 2699 0.1287 0.0876 0.660363222893 0.784218044469 0.961452846457
994 8538 106 2870 1414 0.0631 0.0952 0.919795287142 0.88444410134 0.943840130545
995 4493 94 2208 465 0.0402 0.1549 0.979654933915 0.810410613827 0.91445985621
996 14577 304 3322 990 0.0411 0.1054 1.06205370813 0.970407229943 0.925295849898
997 7167 36 1942 3276 0.1712 0.1315 0.645009503923 0.730874377453 0.979493121165
998 793 102 70 59 0.3191 0.4124 0.659844889057 0.617190998359 0.860742958709
999 4251 53 1218 1375 0.1501 0.1275 0.738455507331 0.776965405905 0.972013606395
1000 861 75 194 85 0.1398 0.3154 0.765818353614 0.672925070327 0.849893363685
1002 4436 91 2660 352 0.0295 0.1618 0.997891317946 0.803101470691 0.884762974949
1005 7460 224 1923 409 0.0437 0.1584 1.00633203629 0.880562722427 0.885391847351
1007 5406 104 1974 620 0.057 0.1429 0.93313809884 0.829739515289 0.933306094368
1008 5858 137 2244 561 0.0425 0.1335 1.02179817132 0.866201670623 0.924442148859
1010 6329 61 2000 1738 0.1046 0.1023 0.757701787203 0.817232346751 0.96556906415
1013 3090 80 934 407 0.0741 0.1806 0.834669119559 0.772163553454 0.940700295892
1015 1169 97 218 115 0.1444 0.2754 0.79943185549 0.719742496293 0.876000099409
1016 1869 52 305 502 0.2235 0.1763 0.613868563666 0.735712616027 0.946976046259
1020 2108 21 469 1179 0.317 0.1782 0.40456360873 0.639149475941 0.951922626264
1022 7047 132 4114 431 0.0215 0.1505 1.07499349968 0.846245681921 0.883594638778
1024 2077 41 746 415 0.1233 0.1954 0.696229899535 0.699152921865 0.940680274782
1027 6063 95 1254 1091 0.112 0.1332 0.772229183176 0.82878560503 0.968077590309
1028 3940 81 1931 350 0.0436 0.1943 0.922598404217 0.761254844883 0.910126702151
1029 54585 161 27776 6528 0.021 0.0422 1.06526025486 1.01807385818 0.949144329436
1030 37428 346 14751 1078 0.0138 0.1145 1.15789543004 0.964310831846 0.910739544782
1031 2597 27 658 1171 0.2851 0.1826 0.520864548364 0.664073243142 0.953864208443
1032 6392 50 2190 3100 0.1237 0.0871 0.757958083319 0.810715930137 0.966898148084
1038 3258 114 1127 298 0.0591 0.1945 0.966126989927 0.791036448577 0.908292177619
1039 23467 124 13913 2118 0.0212 0.0715 1.03926272583 0.934816164853 0.940128165472
1042 5103 41 2507 1787 0.0882 0.1054 0.794204236247 0.769856894238 0.973286655508
1043 30092 398 4027 1790 0.046 0.0973 0.944254794945 1.00051672754 0.942832636605
1044 1093 83 223 91 0.1093 0.3166 0.765285047584 0.681380763613 0.837537051918
1052 5204 237 2408 195 0.0191 0.2473 1.19620673231 0.792663780592 0.888675339035
1053 5981 83 1853 1031 0.0966 0.1449 0.880175655387 0.804428850601 0.955645129533
1054 936 143 129 46 0.2013 0.4478 0.893797475466 0.610114603846 0.794369122762
1055 1925 199 320 80 0.0952 0.3673 0.954785944678 0.685506612115 0.840197709678
1056 3946 61 1540 818 0.0917 0.156 0.865235286394 0.766004646661 0.970709269239
1057 5634 174 2542 323 0.0267 0.2022 1.12121713464 0.813089953014 0.926167419747
1058 1430 177 410 53 0.0637 0.442 1.12550209119 0.621651284214 0.816301960353
1060 5129 231 2304 250 0.0206 0.197 1.1877677063 0.845359481656 0.883702321195
1062 730 109 116 38 0.2418 0.5102 0.922729846161 0.54469667553 0.835813438898
1063 1112 142 163 58 0.1657 0.4093 0.858587770565 0.640672349465 0.816663736792
1065 13780 446 6421 346 0.0101 0.2084 1.32973350528 0.860935943606 0.91087695484
1066 1055 161 249 37 0.0979 0.5117 1.09072019729 0.558015924379 0.777960024333
1069 864 132 115 43 0.2343 0.4677 0.875354008631 0.587230055132 0.807449643136
1072 1259 51 521 186 0.0952 0.2287 0.819725576845 0.70037831236 0.911599227508
1076 1112 151 83 52 0.2659 0.4554 0.732073738185 0.600298565507 0.83009433778
1077 6150 38 2392 2260 0.1332 0.1234 0.725430421752 0.744318691059 0.973234171009
1080 10746 196 4252 805 0.0287 0.1162 1.10818625027 0.917697805567 0.926085870728
1085 5933 245 2439 284 0.0231 0.2097 1.19835779366 0.829027596088 0.90748294557
1086 6211 88 1337 1359 0.0992 0.0891 0.721917396608 0.873623387762 0.943178838636
1087 29497 115 11868 4641 0.0393 0.0569 0.927620176911 0.948959996258 0.952359235762
1091 810 130 114 39 0.2058 0.4811 0.878279867026 0.58072808714 0.777266170652
1094 9955 85 7605 549 0.0197 0.1141 0.990531593111 0.84537114723 0.868930404419
1095 12116 290 4984 624 0.0192 0.1525 1.22402040416 0.900080496319 0.935136942288
1096 765 115 138 41 0.195 0.4808 0.960338035721 0.572943928097 0.815464418456
1097 829 50 301 123 0.128 0.2856 0.829634786772 0.660219358837 0.918971500154
1100 2477 25 1210 855 0.1402 0.1741 0.682287823746 0.662043785234 0.930633966094
1102 1624 38 336 521 0.2366 0.178 0.548878752682 0.7039781948 0.960045124098
1105 7836 197 2438 535 0.0393 0.1307 1.03888103452 0.902748615832 0.882331079923
1106 844 129 116 41 0.2486 0.4933 0.920643982466 0.565067041402 0.832395799162
1107 133 16 59 31 0.2632 0.4471 0.603443975561 0.486765606973 0.759075605052
1112 3230 25 1413 1243 0.1388 0.1451 0.622667897783 0.680855296141 0.966951976108
1113 6416 97 2397 1157 0.0613 0.101 0.941216646784 0.868949122132 0.95232639206
1115 5636 243 2100 278 0.0267 0.1985 1.16640979354 0.843894656744 0.90209127956
1116 805 69 289 74 0.0885 0.3207 0.867940992732 0.665860273516 0.809162689922
1119 9260 291 2515 466 0.0347 0.1553 1.11276783107 0.901887520368 0.907943190442
1122 937 84 330 66 0.0786 0.3567 0.916933472325 0.653764602789 0.792416382735
1123 713 84 148 58 0.121 0.3495 0.807858896713 0.668068447256 0.758853801247
1124 727 93 90 54 0.2631 0.4246 0.741842798899 0.605214501216 0.854082308632
1125 26144 62 18651 2480 0.0292 0.0693 0.899370834939 0.859028844507 0.923462177697
1126 4385 191 1792 196 0.0288 0.2622 1.12704546616 0.764017479341 0.906578739282
1130 946 128 102 51 0.2686 0.4535 0.786097958503 0.594583398102 0.854715039582
1131 10535 231 2927 666 0.0324 0.1129 1.00664578328 0.940503657699 0.902344133667
1132 6148 128 1875 605 0.054 0.1344 0.914643936373 0.858796203135 0.915091113313
1134 943 145 76 41 0.3256 0.5036 0.730026500755 0.560166506435 0.788614936312
1137 5746 314 2158 194 0.0215 0.2616 1.2476052698 0.791453126763 0.899203533889
1138 791 87 222 60 0.1022 0.3572 0.877825878149 0.65689922189 0.795700886838
1139 756 147 117 27 0.2105 0.5664 1.03150676281 0.513073471635 0.730145171802
1140 9303 275 2328 492 0.037 0.1477 1.05446931442 0.907995069007 0.904031943142
1141 3593 68 1362 506 0.0855 0.2103 0.881890167593 0.731343875887 0.953691836144
1143 873 119 120 49 0.205 0.4432 0.821080790188 0.60460364133 0.822108875806
1144 6627 130 2806 593 0.0387 0.1491 1.03768271566 0.842445608959 0.933145775847
1145 7988 125 2512 971 0.0612 0.1271 0.952740051754 0.861464381441 0.950783979125
1146 629 99 61 37 0.3201 0.499 0.707003755591 0.549900650623 0.816131307662
1150 110078 460 29591 10110 0.0192 0.0414 1.15882862268 1.13485203139 0.972157373967
1152 923 127 117 48 0.2393 0.463 0.837756161789 0.587979592711 0.845170927188
1154 6763 240 2742 446 0.0241 0.1527 1.19072718607 0.891993083137 0.918311049446
1155 3223 206 949 130 0.0496 0.34 1.12929342021 0.696585275009 0.904625483354
1160 7955 109 2591 840 0.0514 0.1299 0.882696539517 0.846674667896 0.937508608313
1161 4674 89 1941 450 0.0547 0.176 0.929414611519 0.784341055977 0.897237904623
1164 6560 187 2894 308 0.0248 0.2038 1.11282848886 0.816637123415 0.900312212157
1165 2149 156 540 129 0.079 0.2978 1.01629298226 0.726119594786 0.885982368088
1166 6041 357 1813 204 0.0286 0.2562 1.25570568103 0.804094981654 0.899483110169
1167 332 57 41 33 0.322 0.4566 0.60856876808 0.561012886712 0.753768812462
1168 804 119 149 38 0.1859 0.5089 0.985172140537 0.54425892486 0.824499338178
1169 8885 18 3098 4540 0.3334 0.2514 0.584981397692 0.581276035212 0.910434136162
1170 9815 92 4266 1275 0.0536 0.1719 0.986808421051 0.787581813392 0.975796704373
1171 5626 215 1260 404 0.0747 0.2048 1.09316929849 0.820699522657 0.947246451089
1172 8326 304 4135 247 0.013 0.2226 1.24926126181 0.830767037734 0.883867915611
