12 1852 304 366 0.216122070482
99 1209 277 136 0.352171911471
100 2584 430 320 0.301252017836
101 2454 651 104 0.307558951341
105 1516 420 113 0.0224589617655
107 2226 463 183 0.404622838086
434 3376 680 174 0.575322564878
435 1352 361 144 0.135943417038
442 1674 407 118 0.30519597329
449 1762 391 152 0.312984882891
622 882 195 171 0.0852515517927
625 1486 384 144 0.0865500462811
628 1130 251 176 0.254629795428
858 1260 323 134 0.172318010997
859 1341 260 172 0.137817745847
860 904 313 22 -0.278499485869
864 737 230 48 -0.0567469654781
865 1103 291 136 0.0819803424779
911 1900 418 210 0.149205875661
914 1106 247 150 0.21783610614
1064 2956 477 246 0.555298375021
1065 1206 352 108 -0.0301513150951
1066 1296 314 104 0.209363922915
1320 1318 382 52 0.212672811438
1326 1007 254 120 0.0380416778792
1397 2237 471 246 0.309962298878
1610 1024 257 138 0.103174871729
1611 1186 347 50 0.140211633243
1617 1240 278 122 0.107860789776
1621 1907 332 280 0.181799324186
1659 1815 390 216 0.185454241736
2026 982 261 82 0.0930937207148
2169 1355 291 250 0.0761139578742
2174 2300 600 115 0.339366413602
2229 2240 344 288 0.462486486151
2231 1549 394 132 0.233819278626
2312 1704 274 218 0.582654465107
2348 1444 341 142 0.180972081256
2362 2045 501 174 0.233310434723
2477 1756 425 156 0.348238883782
2757 1582 282 174 0.472554153924
2902 642 188 56 -0.0557531651466
2906 1055 247 152 0.219564831292
3248 1594 232 200 0.559154269577
3249 1111 256 202 0.23073885152
3253 926 229 100 0.0537029389506
3329 1782 371 200 0.42451528032
3474 2600 618 68 0.494860064483
3478 2375 545 199 0.388816946577
3871 1346 339 132 0.153291322748
3876 1086 316 102 -0.0111541362724
4205 2816 674 146 0.437555494964
4206 1445 411 62 0.249443967185
4209 2283 414 220 0.485556035223
4210 2633 579 116 0.495285477045
4211 2243 545 152 0.375008189467
4272 4002 409 702 0.521822211766
4275 466 128 46 0.280297143853
4278 1186 215 154 0.450568875993
4460 764 180 102 0.125668243216
4555 2399 553 208 0.327325055904
4556 1569 367 108 0.319916268959
4567 1487 329 168 0.38874150053
4568 2029 475 172 0.174267268489
4592 3843 722 236 0.598605666886
4595 1310 282 128 0.323908151504
4597 937 259 70 0.0685783276141
4873 1916 422 190 0.322464912028
5133 4772 379 1196 0.220805672793
5137 1213 322 122 0.175477058784
5359 2758 548 236 0.409590402488
5569 1672 244 338 0.300636391665
5681 1384 304 136 0.27225440115
5858 1696 256 346 0.0789546904984
5871 2254 366 266 0.477910284757
5879 1256 245 152 0.34036594957
5880 1647 357 190 0.359539978249
5882 3153 698 88 0.573266235177
6044 1365 338 102 0.282467019549
6068 1329 309 146 0.284192713472
6230 2161 414 162 0.547340916321
6232 1234 280 130 0.352319423484
6234 823 206 82 0.274725481663
6235 1427 337 160 0.355230889431
6237 2036 428 228 0.248245288021
6443 1570 272 168 0.166926352886
6445 1476 315 158 0.368870931458
6446 1682 362 162 0.384496162445
6507 1084 263 78 0.291343498434
6619 1852 419 170 0.31490665111
6750 1577 288 184 0.432087852994
6751 2071 405 174 0.440465796709
7020 1032 314 26 0.147180504884
7021 1463 340 104 0.343310697005
7028 510 173 24 -0.183169552506
7030 2754 608 182 0.478569500232
7095 2109 513 138 0.354315738215
7114 1833 357 236 0.415578041608
7127 1663 427 112 0.366775928841
7141 1850 394 198 0.269327785818
7163 894 289 58 -0.213928554683
7178 50 24 4 -17.5468214989
7181 98 43 10 -3.53747215255
7269 2746 572 182 0.525523827011
7483 1759 355 211 0.349267909253
7604 1606 400 88 0.41028454856
7607 1393 454 30 -0.0448417529248
7784 2457 566 238 0.32198202157
7790 1350 347 118 0.311038603851
7792 951 311 44 -0.170941119334
7948 1138 306 84 0.276337137817
8120 1748 544 84 0.0313339555001
8128 1081 290 144 0.0214358591951
8272 1863 327 232 0.397586287685
8273 374 110 64 -0.0886777106728
8275 1110 274 110 0.219213247779
8277 913 247 80 0.135661953392
8278 3324 605 408 0.443294441178
8280 2492 578 244 0.307615502232
8281 1125 255 108 0.268595190041
8283 2019 473 186 0.32136218285
8286 2726 577 210 0.485500723565
8287 1427 286 230 0.181439465371
8403 1201 329 122 0.138186234993
8404 1344 334 112 0.123515613517
8420 3680 645 390 0.553656257399
8423 1218 342 88 0.213298955671
8528 983 297 74 0.0386138098745
8601 1119 273 130 0.247681107519
8844 1091 223 234 0.161992310599
9172 1698 305 246 0.306880912723
9181 2276 423 196 0.499537383109
9387 1385 295 150 0.298340446512
9404 1459 291 287 0.0280029933325
9412 3097 516 384 0.266689234501
9422 1872 476 118 0.233529366371
9475 1970 313 222 0.410188813366
9477 1079 280 93 0.0647163254968
9495 1439 263 140 0.473548158537
9555 970 239 104 0.181898818326
9558 582 185 36 -0.102108516283
9720 1283 342 105 0.14798691305
9724 1485 319 170 0.304244986776
9727 1590 319 136 0.47106617856
9736 857 282 30 -0.0807814622364
9738 1882 474 78 0.429884560826
9740 2093 463 217 0.335680525912
9992 982 278 94 0.0483202345103
9995 1148 317 68 0.138538908643
9998 1664 368 132 0.380125053235
10232 1587 350 212 0.180718113507
10236 2162 418 170 0.452341137585
10237 1824 486 96 0.27458278195
10519 1654 285 226 0.453900452987
10537 1374 292 148 0.340813592681
10776 1574 347 178 0.221750218699
10784 1649 305 170 0.477233908432
11053 3018 670 198 0.409480213148
11328 1816 327 182 0.299578789486
11331 1594 408 96 0.298648575371
11509 1852 411 132 0.391560442163
11514 1125 295 170 -0.114790074544
11515 1300 295 130 0.292552057766
11580 2890 488 269 0.52223939385
11584 491 153 30 0.0306003796664
11586 8011 1064 424 0.721494909956
11725 1496 352 124 0.414138581133
11948 2097 428 254 0.33115159314
12059 978 195 146 0.3511287134
12182 585 141 72 0.332456193241
12270 997 336 26 -0.129799445648
12272 1882 331 200 0.391594953354
12410 3401 404 446 0.476392475082
12414 2592 532 180 0.54958528341
12417 1580 332 131 0.406927275295
12419 1885 539 80 0.211740044274
12445 797 143 142 0.37895102314
12446 1239 318 124 0.227208030185
12452 1414 365 48 0.421566245257
12646 952 239 122 0.124086004543
12779 1733 376 76 0.520367422725
13030 1592 374 102 0.356020047654
13033 736 237 22 0.0255567313267
13034 1382 377 128 0.0663087228406
13106 1606 489 42 0.146995971583
13218 788 249 40 0.000224144402606
13219 669 163 86 0.201799093094
13221 478 135 92 -0.154402844227
13227 1650 352 148 0.462424251056
13229 2074 303 356 0.19941143061
13474 1478 298 182 0.352845082325
13715 3430 527 426 0.443850926995
13776 1074 280 82 0.270200927824
13778 1393 292 138 0.256528539191
13780 808 233 66 0.0464900829108
13810 2260 543 126 0.415946786338
13816 2045 322 272 0.396473167727
13942 1940 511 102 0.30922822783
13947 1776 393 154 0.430177306664
14091 1230 325 144 -0.0782222528773
14095 1651 350 174 0.394131770916
14098 1615 336 152 0.355596323161
14107 1578 481 71 0.0826197861253
14303 1556 340 180 0.159565203311
14305 2840 555 277 0.310902835175
14342 905 220 84 0.176553221384
14395 2242 395 228 0.43140078852
14599 3167 562 332 0.455881086517
14602 2665 384 308 0.511828675797
14603 1390 378 78 0.169070253562
14604 4422 692 480 0.614901458359
14715 1893 408 126 0.454665475216
14921 1003 265 70 0.301268530049
14922 2517 573 168 0.459671859251
