142 6557 14 4461 0.699554230588 '700106970.may1'
155 2843 31 797 0.789086989554 '700105753.may1'
274 2126 21 1847 0.118459387043 '700106637.may1'
340 2883 10 1516 0.517671718729 '700106715.may1'
663 210 11 33 -5.62612199779 '700015671.may1'
674 2962 13 1789 0.758279845222 '700105167.may1'
695 1427 22 510 0.666429791173 '700105538.may1'
847 3957 19 3607 0.337213344239 '700023011.may1'
1164 1888 15 1781 0.00691196886802 '700106687.may1'
1282 5175 12 4470 0.768291899208 '700105053.may1'
1370 7365 47 1227 0.360213500436 '700106892.may1'
1474 1102 23 683 -0.364938479448 '700105763.may1'
1482 721 20 81 -2.39948216474 '700033185.may1'
1905 1228 32 790 0.747037427 '700106689.may1'
2191 508 24 68 -0.610664160448 '700023426.may1'
2524 249 12 44 -1.61219921929 '700023428.may1'
2533 315 19 49 -1.65481281159 '700023672.may1'
2555 1020 34 359 0.672439162029 '700035981.may1'
2632 3537 16 2006 0.604094492388 '700016335.may1'
2633 282 17 59 0.511846354793 '700021922.may1'
2749 3270 20 2088 -0.273590125516 '700015268.may1'
2931 1305 22 305 0.622018064563 '700016339.may1'
3002 249 16 32 -1.92260076705 '700038500.may1'
3113 2740 30 1998 0.464920913469 '700024874.may1'
3134 1815 23 957 0.610248883725 '700035631.may1'
3251 3327 20 2086 0.158574410362 '700106565.may1'
3758 1962 22 269 -1.81744183434 '700015280.may1'
4055 9780 17 9135 0.508224141516 '700106451.may1'
4289 443 20 47 -1.61101196672 '700023192.may1'
4334 7398 20 5931 0.606553048024 '700103263.may1'
4370 1590 21 967 -0.699504910373 '700038480.may1'
