3 5598 11 2626 0.894462641161
78 3579 22 1682 0.956621715954
92 3676 11 1590 0.658417342281
95 1084 11 714 0.840810601619
111 4134 18 1356 0.72293961719
172 806 18 144 0.681827620542
187 4763 34 808 0.886957270512
189 1348 11 681 0.872756561525
219 2350 11 670 0.529773595158
223 1492 11 775 0.890041559828
225 972 10 604 0.696657456488
234 6946 12 2317 0.526455118854
271 1467 19 724 0.859241149325
305 5377 24 4090 0.833517941374
307 4158 19 1463 0.851399085712
315 7432 34 2137 0.228388236853
341 3258 26 938 0.955587702657
399 15869 21 6196 -0.154427976482
