660 680 18 194 16007 0.2752 0.0626 0.434651480698 0.687390718638 1.35039479321 -79.1167700395 0.370834598665
1661 299 21 88 1997 0.2364 0.0643 0.514788915112 0.715175830152 1.45936041616 -72.8880254359 0.471601235326
2037 917 16 354 15232 0.2711 0.0696 0.480831071361 0.663255962155 1.34050130713 -72.0841295397 0.632658798939
2044 2151 70 1365 53205 0.0349 0.0184 0.956693550078 0.959244441205 1.43266152644 -256.157880734 0.301369164454
2116 544 11 225 11276 0.3156 0.0982 0.408551892645 0.584516646237 1.31286224472 -53.2722764341 0.295761818972
2532 1451 23 985 10823 0.0903 0.0518 0.718014313974 0.73650331994 1.38938610105 -92.2901625811 0.757408775239
3248 1594 232 200 16184 0.1139 0.0087 0.909915250441 1.1894511863 1.60087856205 -631.231510483 0.204266999991
3618 305 16 120 1914 0.2196 0.0794 0.506310143137 0.660825519177 1.42802541917 -59.1083537383 0.56035427079
3700 203 17 79 1307 0.2848 0.079 0.56203265873 0.672071101033 1.45720107965 -59.2514234541 0.397961897883
3983 555 12 197 4545 0.303 0.0943 0.354140445571 0.602567288289 1.35438291969 -52.2316494998 0.654236686982
4013 987 28 434 41775 0.1502 0.0408 0.693762392537 0.777111326411 1.35986897098 -120.271471588 0.250533391018
4019 1614 56 1029 13187 0.0424 0.0249 0.90072831357 0.912232228479 1.47074303323 -190.198227211 0.604387402477
4194 1543 63 484 22178 0.0937 0.0215 0.764084961099 0.936654534139 1.45866111109 -218.981241476 0.633529077852
4287 1243 57 269 52745 0.1527 0.0218 0.658818116675 0.91858342333 1.41493699873 -216.383468342 0.276369007263
4603 96 11 61 205 0.2159 0.1401 0.57812417609 0.576614828096 1.52797502636 -33.7026762634 0.470463298898
4799 1407 23 653 34758 0.1503 0.0489 0.618710021232 0.737510380499 1.34797339234 -101.704144555 0.598741852308
5133 4772 379 1196 47379 0.0278 0.0051 1.13382536387 1.29251461917 1.58713014392 -1053.58245159 0.424951401286
5857 1942 21 1578 13280 0.0712 0.0553 0.713700742814 0.718458057729 1.37233346221 -87.6012937819 0.719188373662
6118 598 39 219 10184 0.1526 0.0338 0.755779638085 0.840825345421 1.44605995894 -138.937298927 0.328712102539
6362 148 19 55 681 0.2876 0.0804 0.605376932703 0.691488185219 1.51548282849 -59.483875245 0.20957839276
6708 423 13 157 3966 0.2953 0.0888 0.400069947734 0.619255176078 1.36896737582 -54.6506782332 0.570699288703
7007 1133 72 530 10533 0.0577 0.0211 0.924780249567 0.960392801811 1.50733599743 -228.70207527 0.476309774332
7085 1079 30 302 43734 0.2312 0.0383 0.551401988853 0.790933938322 1.36455632598 -127.439374106 0.439243065198
7341 632 16 167 12249 0.3383 0.0702 0.330010478805 0.663125408139 1.34797516084 -70.7503598625 0.419107285282
8002 4857 108 1704 56435 0.0455 0.0128 0.879416100791 1.04513170079 1.46832809654 -368.475639083 0.741806394582
8106 1183 14 700 50330 0.186 0.0758 0.598134193637 0.635995065085 1.29287649615 -71.7210101669 0.315406667178
9101 1106 59 351 32042 0.1164 0.022 0.784718404227 0.924554282157 1.43711430193 -213.974783997 0.334633482518
9292 949 85 231 15924 0.1204 0.0177 0.830489140592 0.994230101448 1.50303887766 -272.063751558 0.278096576711
9406 5928 48 4461 41754 0.036 0.0256 0.876368287562 0.884242886345 1.40821872805 -184.837332064 0.85334544633
10161 530 18 226 11032 0.234 0.0637 0.578995881889 0.687112722278 1.36366985878 -76.6196666427 0.340759937857
10196 889 18 675 4529 0.0942 0.0672 0.678069336614 0.686129677054 1.3999208508 -70.5672165595 0.703884351461
10793 1241 26 320 46342 0.2344 0.0433 0.498026990855 0.762332698698 1.34997232928 -114.393375726 0.537013917208
10872 5610 42 5183 15452 0.0279 0.0308 0.859945179291 0.856257959516 1.43503833122 -152.950285771 0.730310412933
10998 1310 18 391 30657 0.2587 0.0611 0.420204390076 0.6877451771 1.32940716342 -83.4301252643 0.614360496134
11712 984 20 511 15136 0.1497 0.0573 0.617850285528 0.708728793573 1.36271645051 -85.3375966454 0.591102620778
11822 708 17 352 10408 0.1963 0.0671 0.596206360991 0.675421995037 1.3599834376 -73.0122019772 0.624230870454
12374 1512 68 765 26559 0.0538 0.0199 0.92744811543 0.952087482697 1.45807039534 -236.606845901 0.487282062893
12491 460 23 213 3169 0.1607 0.0571 0.644553473288 0.734359809781 1.4451996605 -82.0763232723 0.661384658158
13690 2831 78 2426 7596 0.0174 0.0209 0.984557965158 0.974429196596 1.53341477057 -236.756876781 0.228891326326
13768 1186 147 232 7338 0.0815 0.0137 0.878179748398 1.09582245437 1.60290353112 -398.713499832 0.233812254965
13978 762 63 140 9560 0.1705 0.0236 0.65010086014 0.934114505623 1.49860059509 -203.263175453 0.430074274013
13984 1559 41 327 36007 0.2009 0.0296 0.536831382406 0.852844778705 1.39938456334 -160.926888286 0.660488683095
14121 1140 21 876 13839 0.0797 0.0552 0.715735324347 0.718498197872 1.37080396266 -87.9120799726 0.498560803374
