13 16249 14 13125 19251 0.1046 0.0777 0.612700730116 0.635720140094 1.31996834772 0.931293919859 '700038406.may1'
20 355 27 139 4611 0.1877 0.0486 0.677271946318 0.766861063199 1.44446167723 -0.0245634016373 '700100464.may1'
21 4845 37 2720 2851 0.0564 0.0408 0.709187618041 0.82658632252 1.50701299734 0.797368698674 '700108147.may1'
24 4203 15 4068 5976 0.0712 0.0769 0.65065683981 0.649295913095 1.36808040507 0.792664497918 '700114830.may1'
36 679 33 453 10167 0.0672 0.0387 0.808489634361 0.808013584957 1.42896826492 -0.42157562431 '700095577.may1'
38 225 41 29 2742 0.5352 0.0382 0.568778742126 0.846110455295 1.52157400175 -1.79257652071 '700015003.may1'
42 4091 17 3919 2271 0.064 0.0745 0.676212534075 0.673403453053 1.42650680027 0.784012762571 '700105794.may1'
45 474 37 82 19386 0.3037 0.0335 0.558821304177 0.831680285933 1.41331623154 -0.750860920135 '700032288.may1'
46 5736 14 4194 25699 0.1206 0.077 0.587266322692 0.635821117748 1.31131030387 0.914056824254 '700033038.may1'
48 968 40 287 25387 0.1449 0.0309 0.670951328281 0.847488201109 1.41017175067 0.419619182687 '700110125.may1'
51 6093 11 5983 5027 0.0943 0.1012 0.584977583122 0.584139177218 1.34080608562 0.877809111048 '700023800.may1'
54 2582 13 2410 6314 0.0881 0.0867 0.619792152857 0.619640351669 1.35045195691 0.801901135541 '700033839.may1'
55 523 47 202 8500 0.1273 0.0298 0.844573791654 0.876804765185 1.47404198713 -0.0299667321737 '700015006.may1'
56 927 17 589 31794 0.138 0.0642 0.655296625396 0.676059844227 1.32305626329 0.104663425409 '700110850.may1'
62 2099 37 804 20281 0.0909 0.0334 0.671237636878 0.831750601917 1.4115282052 0.672846746485 '700034830.may1'
66 7282 26 6217 7244 0.0519 0.0482 0.754856457921 0.760316958313 1.41906643915 0.883713116223 '700095514.may1'
69 2930 19 1942 55880 0.1134 0.0571 0.674284119266 0.699013698951 1.31686041314 0.775236802359 '700032034.may1'
75 7748 33 7531 4602 0.0321 0.0418 0.811560511896 0.806124117066 1.46701438529 0.763431216607 '700107435.may1'
76 524 49 152 10151 0.1668 0.0283 0.766347367745 0.885433347442 1.46967576917 -0.207866571289 '700038257.may1'
77 1773 46 1249 26962 0.0431 0.0274 0.871256192955 0.87517553327 1.42091598212 0.361052411852 '700098928.may1'
85 1103 11 713 19600 0.1961 0.0967 0.53612419815 0.584679053085 1.29624298287 0.479410040749 '700035625.may1'
94 6794 12 6400 51314 0.0938 0.0874 0.602922807783 0.603484326294 1.27882444825 0.724014256003 '700024078.may1'
95 124 14 63 424 0.2443 0.1062 0.597712214908 0.629277927614 1.50623250789 0.316741343188 '700108586.may1'
96 3953 16 3838 2825 0.0663 0.0767 0.6640853208 0.66154478319 1.40832493828 0.850280828529 '700023670.may1'
103 5604 15 5481 3952 0.0697 0.0788 0.65068640158 0.648860102326 1.38538515141 0.851112173977 '700024970.may1'
109 2771 32 1243 39559 0.1035 0.0364 0.658072526865 0.803722301571 1.3736655845 0.763203396871 '700113640.may1'
110 4215 44 2258 34129 0.056 0.0279 0.753956789342 0.866752407975 1.40778984002 0.771687771208 '700032160.may1'
116 2279 19 1261 16176 0.1252 0.0597 0.58410588919 0.698389097664 1.35532943016 0.760577921735 '700099567.may1'
125 4500 21 3219 15893 0.0838 0.0548 0.671116402898 0.718619657176 1.36576854869 0.874805934762 '700098331.may1'
126 12404 41 11671 3184 0.0275 0.0373 0.854508642875 0.846808091225 1.51245638834 0.761806303 '700038820.may1'
127 3990 29 1561 31304 0.122 0.0401 0.612326342318 0.783890577372 1.37265533718 0.870827857647 '700097964.may1'
128 2160 36 1534 41763 0.0539 0.0328 0.819239728559 0.827207639567 1.38241020933 0.582691961659 '700100055.may1'
145 2689 11 2608 3667 0.0966 0.1027 0.584943864227 0.583926945101 1.35313029177 0.76237133991 '700102348.may1'
146 322 19 84 7029 0.3269 0.0624 0.455585524705 0.697611926598 1.38693228361 -0.299441825185 '700105604.may1'
148 2978 29 1947 4721 0.0659 0.0459 0.703938448736 0.780941157661 1.4512710515 0.602909370599 '700033483.may1'
151 682 14 246 28194 0.3237 0.0768 0.432111277838 0.635850107325 1.30863256309 0.128380999291 '700023277.may1'
161 2507 20 1295 22094 0.1254 0.0563 0.576834305274 0.708999727803 1.34967533639 0.786006757309 '700032105.may1'
172 3629 16 2584 4190 0.1076 0.0745 0.602044390919 0.662121837703 1.39012837299 0.813446395113 '700096917.may1'
174 552 30 108 18385 0.3085 0.0401 0.482785846763 0.790080667411 1.39513270474 0.107793138105 '700032037.may1'
181 4905 22 4138 35762 0.0631 0.0508 0.723241901092 0.728562336922 1.34303210334 0.819988275612 '700096990.may1'
202 1753 39 1391 11443 0.0405 0.0335 0.842916366707 0.841090243236 1.44077982297 0.551907440356 '700037842.may1'
210 4582 30 2667 5450 0.0793 0.0441 0.698524620367 0.787940279723 1.44787089223 0.820738638018 '700097539.may1'
213 3815 26 3463 15225 0.0466 0.0458 0.762587497025 0.761382508973 1.38836986679 0.738170148487 '700037922.may1'
214 11497 49 10384 45140 0.025 0.0251 0.889772826293 0.888430873906 1.40722047224 0.802431144553 '700109222.may1'
221 3950 21 2113 58114 0.127 0.0521 0.602275867815 0.719377387937 1.3244886117 0.715150383616 '700113515.may1'
222 2849 12 2710 4993 0.092 0.0939 0.603443123701 0.602637325738 1.35069600229 0.898854000986 '700102295.may1'
233 334 15 256 779 0.1117 0.092 0.644833590849 0.645418972697 1.47278533769 0.726693458953 '700106926.may1'
241 6012 12 5900 3421 0.0865 0.0958 0.60363957573 0.602329083707 1.36601771976 0.89750987597 '700024076.may1'
250 4770 28 3944 20668 0.0515 0.0422 0.770488310327 0.776492756139 1.38410200251 0.76923335897 '700109855.may1'
255 403 11 229 2502 0.2348 0.105 0.50197229664 0.583580406401 1.36931144452 0.635799257239 '700105284.may1'
256 3284 24 2708 28847 0.0607 0.0475 0.742740953518 0.745949190226 1.35793219291 0.814376092358 '700095561.may1'
262 2120 31 693 22837 0.142 0.0385 0.561248502367 0.796849996223 1.39011745884 0.792090374031 '700110870.may1'
273 3565 15 3014 13552 0.0919 0.074 0.643357099941 0.64988558979 1.33803590367 0.933097736935 '700035765.may1'
278 712 72 95 32707 0.289 0.0187 0.635827182644 0.963815761632 1.45456237787 -0.683690710793 '700032465.may1'
283 2145 39 1625 21982 0.0439 0.0318 0.8364423092 0.84227215684 1.41338339776 0.484483139759 '700033842.may1'
285 79 21 7 337 0.8142 0.0868 0.23133622916 0.706236205651 1.58891581866 -5.10264323561 '700033029.may1'
286 3010 11 2114 9352 0.1684 0.0988 0.540568177374 0.584450006129 1.31891735103 0.885612321754 '700102403.may1'
288 2517 38 1600 36453 0.0601 0.0315 0.802057304227 0.837796869742 1.3920398993 0.609655985297 '700100342.may1'
289 7553 15 7486 1361 0.0679 0.0863 0.650731948635 0.647013292356 1.43859380522 0.816023223203 '700032376.may1'
292 4929 19 4069 32822 0.076 0.0581 0.691469208638 0.698802015983 1.33229978078 0.840043072555 '700021691.may1'
296 1145 27 448 38695 0.174 0.0422 0.641187959366 0.769778246988 1.35907463163 0.491300072934 '700015941.may1'
301 6109 49 4933 37531 0.0305 0.0254 0.87795624645 0.888169990852 1.41402878261 0.557108644043 '700112032.may1'
308 4974 15 4648 1457 0.0761 0.0856 0.648640700296 0.647186331836 1.43475213719 0.865428278019 '700101821.may1'
309 3172 17 2855 18940 0.0724 0.0654 0.675080544459 0.675816633993 1.33919464122 0.706565999073 '700023855.may1'
311 77 14 12 555 0.7631 0.1013 0.277210260609 0.630321341803 1.48614280246 -5.28588332311 '700106878.may1'
319 34 13 5 54 0.9074 0.1944 0.416678017004 0.595415838874 1.7227461232 -10.2498533636 '700033485.may1'
328 258 22 79 1475 0.227 0.0645 0.558750720572 0.723332772401 1.48316341537 0.468340952377 '700099836.may1'
330 3940 19 3672 5614 0.0605 0.0634 0.698805648738 0.69733146593 1.39644525772 0.897366942022 '700101630.may1'
341 924 42 198 45710 0.2387 0.0286 0.575039492647 0.857905216229 1.39305055005 0.190995201598 '700109841.may1'
343 2536 12 1859 18918 0.1448 0.0894 0.56986170829 0.603273733506 1.3056423285 0.845083742831 '700033023.may1'
346 2582 17 2436 2549 0.066 0.0738 0.676374270414 0.673636713755 1.42061293557 0.898689081436 '700095766.may1'
353 2114 33 1704 17379 0.0463 0.0372 0.808118932901 0.808897674446 1.40657583787 0.592370643695 '700037924.may1'
360 4397 20 3986 9350 0.0605 0.0588 0.707379050445 0.708279839165 1.3808083446 0.840095273062 '700033710.may1'
363 535 19 256 3931 0.1637 0.0651 0.57963911802 0.696790752848 1.41251894117 0.661226189923 '700111497.may1'
393 258 22 123 4253 0.1848 0.0575 0.713706273861 0.726209205822 1.42540595568 -1.69498729719 '700105747.may1'
398 13196 16 10724 20156 0.0912 0.0689 0.644817929303 0.663402704942 1.33135859346 0.928238316275 '700037381.may1'
405 1046 44 163 48890 0.2441 0.0273 0.502638687128 0.867207777078 1.39482684312 0.337725502401 '700108066.may1'
411 7720 11 6474 29399 0.1254 0.0958 0.568701351388 0.584761979225 1.28513763833 0.903742291711 '700034686.may1'
418 6798 12 6049 10385 0.1041 0.0911 0.597857781298 0.603059252612 1.32440395949 0.947275521615 '700099561.may1'
420 3806 28 3506 11776 0.042 0.0437 0.777754507754 0.775786255017 1.40596075646 0.644248096232 '700110804.may1'
421 3176 39 1762 47558 0.0659 0.0304 0.753744870671 0.8432404679 1.38510039383 0.685994268187 '700113570.may1'
427 3141 27 2274 5302 0.067 0.048 0.744339549528 0.767164599022 1.43762431827 0.895295997441 '700096410.may1'
436 3185 26 2859 22424 0.0477 0.0448 0.762966351869 0.76178392832 1.37409016632 0.61275671646 '700034134.may1'
444 4409 33 3622 24378 0.0443 0.0364 0.804722840911 0.809340917818 1.3936092978 0.835521258562 '700101793.may1'
447 268 33 65 1659 0.2376 0.048 0.610021578511 0.802195285091 1.52727373326 0.183597669656 '700111350.may1'
460 484 26 137 6332 0.2274 0.0487 0.538178725269 0.760076899112 1.42516032798 0.465197939961 '700023912.may1'
462 1737 18 889 32553 0.1471 0.061 0.563603754206 0.687771958613 1.32759603348 0.654980953849 '700111075.may1'
464 15041 15 14222 21947 0.0744 0.0727 0.649838531369 0.650111368187 1.32254029273 0.962551133313 '700038818.may1'
465 1044 29 527 35607 0.1173 0.0398 0.725421433713 0.784001590202 1.36828884813 0.277812309366 '700106579.may1'
474 8851 26 8255 6692 0.0441 0.0485 0.762232419139 0.76018673092 1.42263357092 0.892214940182 '700023321.may1'
476 3858 13 3451 2977 0.0951 0.0904 0.614796831007 0.618951039989 1.38139796089 0.907668805655 '700037470.may1'
485 6373 14 5492 4214 0.094 0.0832 0.62409070743 0.63470905033 1.37480398146 0.865124344646 '700097740.may1'
490 4569 62 3974 16969 0.0212 0.0224 0.93626990198 0.932826615773 1.46908956566 0.314159350893 '700024972.may1'
492 524 34 147 19349 0.2458 0.036 0.663154881563 0.814960815005 1.40524582419 -0.244529106121 '700103587.may1'
493 135 19 31 976 0.4535 0.0757 0.475060901806 0.693062853421 1.49037204896 -0.511235780572 '700105715.may1'
494 5044 13 4696 1833 0.0884 0.0936 0.618255180716 0.618290035216 1.40446338852 0.895236318106 '700111638.may1'
496 6697 18 6517 3828 0.0587 0.0681 0.688355435593 0.685878582421 1.407600703 0.886654166766 '700101284.may1'
497 14165 19 13118 5105 0.0611 0.0638 0.696705291993 0.697191466598 1.40060617272 0.887013764498 '700038726.may1'
499 5430 18 4072 29370 0.0917 0.0612 0.652246409041 0.687726047129 1.33071443805 0.89736357591 '700108523.may1'
501 7676 18 7329 19562 0.0609 0.0621 0.688308906578 0.687514836745 1.34363610491 0.881591191289 '700113101.may1'
508 1546 26 689 18024 0.1035 0.0453 0.619595160579 0.761568347492 1.38201435089 0.565946091773 '700114149.may1'
521 248 32 68 1469 0.2235 0.05 0.630301752423 0.795634601382 1.53155586981 -0.0895233129683 '700101632.may1'
542 7578 37 6934 15152 0.0322 0.0341 0.83325962436 0.831279021422 1.4233690968 0.826693595975 '700016754.may1'
543 361 30 60 20973 0.4792 0.0398 0.512114743822 0.790238595085 1.39015938464 -1.83120258615 '700106683.may1'
549 2710 11 2548 1589 0.1026 0.1082 0.583663412298 0.583064237017 1.39058793482 0.940635729474 '700098319.may1'
559 4214 11 1901 9067 0.2243 0.0989 0.405266322315 0.584433839698 1.31994092197 0.813491524768 '700024308.may1'
561 83 20 20 286 0.5275 0.0924 0.625796909027 0.695834174108 1.59666452154 -1.54135863831 '700110143.may1'
565 1291 21 564 6316 0.1533 0.0579 0.561009889982 0.717591161848 1.4022065739 0.841864699332 '700015785.may1'
567 2896 20 2536 8534 0.0648 0.0591 0.706823235695 0.708176565864 1.38444720039 0.864792461779 '700098992.may1'
569 11820 22 11190 14096 0.0506 0.053 0.728499862384 0.727874705239 1.37474880027 0.863504721611 '700106786.may1'
574 2225 43 1652 50892 0.0419 0.0278 0.861869099567 0.862692377349 1.3914045789 0.332820076538 '700101950.may1'
577 2161 23 1013 32870 0.1435 0.049 0.604899272819 0.737476474877 1.34975266863 0.783292000616 '700099109.may1'
578 3077 18 2715 12510 0.071 0.0633 0.686055812067 0.687213916043 1.35907249848 0.872027899041 '700033607.may1'
582 2583 12 2308 9115 0.1039 0.0915 0.601720319923 0.60299681559 1.32879381519 0.904720357692 '700102289.may1'
590 1774 57 1095 40841 0.0448 0.0222 0.9088264778 0.918183389306 1.42447795058 0.298036127508 '700034891.may1'
592 3508 16 2143 4910 0.124 0.0737 0.552615235308 0.662322935095 1.38326578644 0.861865926851 '700111208.may1'
607 9180 13 9015 13538 0.0798 0.084 0.620681102935 0.620066052341 1.32380922213 0.822853638436 '700016506.may1'
611 1951 36 1444 34266 0.0498 0.0331 0.820814787671 0.82699965385 1.38931810478 0.34342351846 '700101277.may1'
612 4757 12 4640 4534 0.0876 0.0943 0.60364867668 0.602572661228 1.35448584517 0.898507625786 '700105449.may1'
616 799 21 329 16537 0.1726 0.0547 0.571205718323 0.718650124543 1.36434757598 0.439768681829 '700109892.may1'
619 6697 26 5383 10711 0.0585 0.0468 0.754244248297 0.760937920964 1.40232225211 0.898605714111 '700107806.may1'
621 2468 42 779 26663 0.086 0.0295 0.636880589616 0.857200473887 1.41285185888 0.389611720879 '700105707.may1'
633 2892 13 2688 3737 0.0888 0.0892 0.619437196613 0.619201459677 1.37147836478 0.940607771046 '700103643.may1'
641 2579 22 2241 11112 0.0599 0.0537 0.727190808432 0.727627015523 1.38381769023 0.764510582284 '700100520.may1'
653 5026 30 4224 17908 0.0463 0.0402 0.782210385888 0.790049294392 1.39614035484 0.743566016385 '700108943.may1'
655 298 22 74 4279 0.3688 0.0575 0.466506730673 0.726211336391 1.42511372163 0.141128182548 '700103243.may1'
663 210 11 33 18199 0.8276 0.0969 0.0564308532554 0.584660485322 1.29836923035 -22.4218960416 '700015671.may1'
664 2668 13 1518 9040 0.1571 0.0853 0.483901847904 0.619869921796 1.33738612489 0.737935112458 '700023906.may1'
671 3349 39 3012 3178 0.0316 0.0388 0.844249546702 0.837165569361 1.50672397247 0.79510969387 '700101394.may1'
678 3879 14 2519 37313 0.1424 0.0763 0.560212650493 0.635926619781 1.30080639018 0.840510193986 '700023410.may1'
680 5227 14 4365 12289 0.1003 0.079 0.62532603397 0.635518389197 1.33441963944 0.922143883577 '700101271.may1'
681 3735 25 3339 14401 0.0498 0.0475 0.753332440507 0.753495251695 1.38662608813 0.726225182926 '700109857.may1'
683 4667 21 4312 12056 0.0557 0.0556 0.719109285902 0.718365395735 1.37596445936 0.873203408016 '700099276.may1'
686 6213 16 5779 7391 0.072 0.072 0.662071555668 0.662739017163 1.36663031473 0.862312540382 '700101123.may1'
688 4497 12 3961 27144 0.1065 0.0886 0.599102801732 0.603367423442 1.2953623907 0.879775642853 '700108521.may1'
697 244 14 185 933 0.1232 0.0945 0.635666462229 0.632037233506 1.45176217213 -0.210816685418 '700032372.may1'
702 4378 60 3662 12262 0.0236 0.0238 0.92598846915 0.925475244526 1.4811578739 0.487972539772 '700024677.may1'
706 2021 15 1527 5438 0.1099 0.0773 0.620850513492 0.649208092241 1.37188950773 0.921158579106 '700097465.may1'
708 7621 32 6842 47472 0.0387 0.0361 0.804072271255 0.803875801354 1.36762654011 0.783138893442 '700101575.may1'
714 11117 14 10873 9507 0.0747 0.0798 0.636169852342 0.635375514546 1.34328817193 0.821400076527 '700106713.may1'
716 3616 19 1839 19379 0.147 0.0592 0.56287059797 0.698512950009 1.34915142227 0.87791822702 '700034824.may1'
718 554 43 92 43185 0.3441 0.0281 0.605516923495 0.862503828374 1.39715144525 -1.34468518166 '700100524.may1'
734 209 18 22 15591 0.8453 0.0627 0.104799288971 0.687374373734 1.35130132338 -14.6822653702 '700021920.may1'
739 2949 19 2024 15312 0.1005 0.0599 0.650128217462 0.698350332341 1.35725158567 0.871423269827 '700100008.may1'
741 362 27 102 4042 0.2122 0.0493 0.587926719107 0.766531153973 1.45110982926 0.150489813731 '700016750.may1'
744 3800 31 2708 9644 0.0575 0.0408 0.753156154348 0.795598063757 1.42484963201 0.859918708623 '700108580.may1'
745 323 43 51 10953 0.4507 0.0311 0.666312486928 0.860124478629 1.45270592987 -3.00068268904 '700096412.may1'
750 1921 24 1388 18570 0.0765 0.0485 0.726972179764 0.745589136579 1.37317365325 0.704788847986 '700111863.may1'
764 2748 28 2398 9503 0.0466 0.0444 0.775274629723 0.775457689731 1.41496658438 0.640537954064 '700033969.may1'
765 123 14 47 1180 0.3917 0.0921 0.59918267231 0.632626483751 1.43773636545 -1.84997254823 '700098163.may1'
766 1783 38 891 47733 0.0806 0.0311 0.740391891702 0.838083781769 1.38267363926 0.418698475867 '700096656.may1'
771 5617 19 2815 25174 0.1152 0.0586 0.554017157976 0.69866774101 1.34057558682 0.892452633938 '700038950.may1'
794 2483 39 1609 30074 0.0584 0.0312 0.823199496554 0.842711395267 1.40140873365 0.684804448658 '700032115.may1'
800 1968 23 1252 42254 0.0966 0.0485 0.690919425539 0.737623163589 1.34188947016 0.602420518106 '700100506.may1'
827 8477 11 5739 34556 0.1641 0.0955 0.499685159678 0.584789528787 1.28093998439 0.891241910496 '700101564.may1'
828 4917 13 2641 33760 0.1971 0.0819 0.48433004756 0.620357358838 1.29678850913 0.825906349113 '700109800.may1'
829 951 30 623 38847 0.0763 0.0385 0.78737854435 0.790839365447 1.36845433858 -0.650921524797 '700037383.may1'
838 1677 20 1472 9464 0.0647 0.0587 0.709097653629 0.708290329966 1.3803319992 0.586998473691 '700105120.may1'
839 7028 23 6884 2505 0.0453 0.0586 0.738514429517 0.733770181266 1.45777005727 0.728039170766 '700023432.may1'
840 2998 11 1982 50680 0.186 0.0948 0.530251595841 0.584842633646 1.2714714842 0.688613315103 '700100279.may1'
844 2830 25 1378 11720 0.0965 0.0481 0.61399013196 0.753245719747 1.39468463103 0.865498704694 '700097052.may1'
848 4553 26 2261 30725 0.109 0.0441 0.61916984453 0.762048610389 1.36322905429 0.836322025521 '700109612.may1'
849 3718 20 3281 42019 0.064 0.055 0.708697666297 0.709342949361 1.32954280943 0.678802861242 '700097726.may1'
853 6401 30 5541 4640 0.0437 0.0448 0.782995739483 0.787534069326 1.45593469013 0.762116967484 '700109435.may1'
854 706 12 571 2541 0.1252 0.0976 0.595922985614 0.60202428621 1.37904584452 0.770921870143 '700111284.may1'
855 3677 12 2726 24814 0.1444 0.0888 0.579527243619 0.603345974252 1.29785293923 0.849635754655 '700106190.may1'
858 4835 28 3427 3708 0.0623 0.0484 0.719595319012 0.773425044908 1.45974403481 0.809440738313 '700102635.may1'
859 3097 28 2659 20264 0.0482 0.0423 0.776443823292 0.77646933198 1.3848298016 0.751386069557 '700034073.may1'
868 2325 12 2036 4202 0.1076 0.0947 0.598466231176 0.602512884133 1.35752883845 0.91031664223 '700035204.may1'
869 7450 16 5578 5733 0.103 0.073 0.625531615135 0.662485354714 1.37678566388 0.872140285778 '700110141.may1'
879 3127 34 974 31583 0.1176 0.0349 0.589622729061 0.815562759175 1.3869796291 0.807716266295 '700099274.may1'
893 9411 27 8362 28330 0.0467 0.0428 0.768569575085 0.769535661358 1.36947235074 0.906997601741 '700110691.may1'
908 8141 86 7386 40836 0.0141 0.0159 1.00461683853 0.999346596121 1.4614679882 0.402833689123 '700110470.may1'
913 3638 11 3572 1596 0.0943 0.1082 0.584987430754 0.583041183298 1.39037379844 0.905080637423 '700095267.may1'
924 2020 20 1017 33444 0.1345 0.0554 0.581591737626 0.709235332695 1.33641965947 0.655751096838 '700021934.may1'
930 5970 25 3195 9901 0.0987 0.0486 0.632165010538 0.753023837218 1.40153941551 0.867301058838 '700110042.may1'
931 2427 26 1543 20238 0.0879 0.045 0.726374742715 0.761683977342 1.37777099464 0.858831092514 '700095772.may1'
935 4116 38 3394 37624 0.0383 0.0315 0.834511589569 0.837834037956 1.39091701862 0.558641758497 '700024868.may1'
948 5739 18 5296 3007 0.0649 0.0695 0.685674316459 0.685445218187 1.41916249334 0.872351043972 '700101125.may1'
953 5991 33 5694 12940 0.0335 0.0379 0.811508011078 0.808442426285 1.41859762673 0.685701540465 '700110415.may1'
964 961 18 284 31000 0.2505 0.0611 0.433571754813 0.687750736665 1.32906954489 0.389713919687 '700109896.may1'
975 944 30 325 17557 0.1614 0.0402 0.599622972271 0.790024647862 1.39690428718 0.526042964943 '700033851.may1'
979 2881 31 2026 4025 0.0587 0.0444 0.750273984081 0.79354863769 1.46701657126 0.80688917088 '700034822.may1'
992 187 14 102 703 0.2063 0.098 0.577464001875 0.631141182211 1.46987613628 0.540665671518 '700105425.may1'
1002 1085 11 1034 1158 0.1001 0.1109 0.584943605145 0.58254636766 1.40690271057 0.728766643713 '700015906.may1'
1007 2643 23 1370 24207 0.1234 0.0496 0.621443769509 0.737267155304 1.35983605993 0.826885211219 '700032374.may1'
1008 1751 23 1337 6676 0.0727 0.0535 0.725969819582 0.735834879218 1.409581019 0.821227738827 '700035783.may1'
1009 4452 14 4299 3133 0.0766 0.0847 0.636132922736 0.634380179816 1.38778361163 0.914160704577 '700096558.may1'
1015 1294 24 579 50682 0.1505 0.0464 0.627795513893 0.746294714189 1.34016094829 0.442699589526 '700111061.may1'
1032 2306 38 1158 26737 0.0804 0.0321 0.728967233134 0.837415523088 1.40339323761 0.665680869476 '700033410.may1'
1033 17503 25 13553 9369 0.062 0.0488 0.71974975241 0.752945570176 1.40383827088 0.878181452353 '700037429.may1'
1039 880 33 456 13823 0.1012 0.0378 0.764053555683 0.808550631642 1.41584445837 0.452379684695 '700032978.may1'
1053 5232 25 3713 53812 0.0747 0.0446 0.725380057537 0.754540019638 1.34195185408 0.81560003044 '700099938.may1'
1056 1413 28 1070 16730 0.0615 0.0428 0.772793507197 0.776252794799 1.39203495801 0.437615814771 '700103575.may1'
1065 1271 24 850 4308 0.0827 0.0537 0.693619618494 0.743476047427 1.43459282532 0.748586648704 '700038783.may1'
1066 3256 25 2903 15093 0.0502 0.0473 0.754427216809 0.753547529162 1.38483439072 0.734190228436 '700023668.may1'
1074 1202 51 324 14481 0.1007 0.0265 0.674755649404 0.894197049408 1.45709227797 0.504656555473 '700015908.may1'
1075 1644 27 1384 8739 0.0521 0.046 0.769718087661 0.768122608658 1.4148005311 0.668870043073 '700100073.may1'
1080 3341 11 2504 4541 0.1474 0.1017 0.538420644074 0.584077767405 1.34468455961 0.918796309665 '700024870.may1'
1082 399 30 136 25741 0.2444 0.0393 0.762586968662 0.790460790125 1.38266670587 -3.10741878893 '700023910.may1'
1083 4541 23 2462 51282 0.1214 0.0482 0.648628207691 0.737721562854 1.33606330899 0.867125181608 '700108654.may1'
1087 1607 43 613 25925 0.096 0.029 0.693077130105 0.861804440455 1.41614294625 0.545937291323 '700096416.may1'
1093 5657 27 3283 51710 0.0976 0.0417 0.713486941062 0.769969637697 1.34991767096 0.848062752137 '700099111.may1'
1103 1710 12 1466 14664 0.1123 0.0901 0.599286063777 0.603193597077 1.31333775059 0.690312860718 '700108818.may1'
1104 5864 12 5364 2696 0.0989 0.0972 0.599615391215 0.602079599003 1.37637654955 0.908965529645 '700034684.may1'
1105 1250 28 783 31005 0.0868 0.0413 0.75843462577 0.776877287699 1.36975150077 0.453674688931 '700108058.may1'
1113 2469 11 2102 3432 0.1232 0.1031 0.575537030898 0.583863303597 1.35582964825 0.937932965653 '700100277.may1'
1115 4693 18 4313 55882 0.0657 0.06 0.688088055791 0.68796880529 1.31213902852 0.57276633447 '700096903.may1'
1116 3687 54 2763 56438 0.0327 0.0228 0.906955716452 0.907971594799 1.40776210816 0.665204712855 '700097519.may1'
1117 4070 39 3718 5405 0.0307 0.0361 0.84469878064 0.839113842485 1.47712811757 0.802983590301 '700037048.may1'
1120 15682 29 15077 4100 0.0373 0.0466 0.785063902827 0.780576696854 1.45848117824 0.857362076412 '700037870.may1'
1125 1756 31 1213 44320 0.0644 0.0372 0.776220843241 0.797488614487 1.36704722857 0.104444140898 '700113148.may1'
1126 1806 41 1061 48576 0.0667 0.0291 0.829181986576 0.853191067983 1.38880395674 0.495998456563 '700015896.may1'
1134 2169 38 1011 23519 0.0933 0.0324 0.726664458106 0.83723817872 1.40828505625 0.794719896868 '700111624.may1'
1136 6056 11 5873 9125 0.0966 0.0989 0.584874465452 0.584437274438 1.31972980632 0.939172602892 '700105232.may1'
1137 2064 12 1351 33656 0.1697 0.0881 0.541114922854 0.60341307552 1.28956227244 0.723600143427 '700096548.may1'
1142 3602 23 3331 2670 0.0507 0.0582 0.737089026954 0.733926179277 1.45429158062 0.850696918441 '700105792.may1'
1143 528 39 210 8064 0.1346 0.0346 0.771983917721 0.840263171562 1.4570216554 0.0204020415794 '700033554.may1'
1148 4092 46 3728 9566 0.0262 0.0299 0.877876608535 0.872941333858 1.46602450142 0.52985293161 '700111212.may1'
1149 3905 17 2846 19325 0.105 0.0653 0.650222438217 0.675828220638 1.33853749058 0.889265695387 '700097803.may1'
1151 2758 11 2637 1751 0.0993 0.1074 0.584405315342 0.583160488437 1.38583432351 0.903060973982 '700097899.may1'
1153 596 32 119 50867 0.2963 0.036 0.542221832865 0.803929788459 1.36538941755 -1.13129133972 '700110858.may1'
1155 2007 30 1395 3480 0.0647 0.0462 0.760317487607 0.786712777111 1.47109068151 0.845700834917 '700111552.may1'
1156 4784 17 3824 32678 0.0897 0.0642 0.663250636217 0.676069712926 1.32224457496 0.872253639987 '700097163.may1'
1161 1069 21 922 3908 0.0638 0.0602 0.719065983983 0.716788326061 1.42420372643 0.559640531125 '700015904.may1'
1163 5189 23 4535 37866 0.0566 0.0487 0.735963887887 0.737561057328 1.34527862966 0.79789628896 '700101273.may1'
1164 1888 15 1781 6471 0.0749 0.0766 0.650672650547 0.649364902206 1.36492830283 0.386271021605 '700106687.may1'
1166 5876 48 5581 9763 0.0231 0.0289 0.887004499304 0.881304140177 1.46943676207 0.446818094648 '700015000.may1'
1168 2843 18 2062 3849 0.0943 0.0681 0.635968071321 0.685887809983 1.40735142972 0.803687212127 '700035777.may1'
1172 9311 17 9151 6002 0.0609 0.0692 0.676676287631 0.674902958115 1.38149105922 0.871960557684 '700016504.may1'
1174 4671 22 3395 15259 0.0819 0.0527 0.704914531447 0.727946868313 1.37181904436 0.920752050297 '700096473.may1'
1183 2235 38 739 39652 0.1127 0.0314 0.656804170094 0.837891034937 1.38906861956 0.750703025538 '700114240.may1'
1187 4875 37 1824 26446 0.0878 0.0329 0.635640368443 0.83212108041 1.40131141614 0.792678562963 '700038530.may1'
1195 236 14 62 10520 0.546 0.0794 0.433400094423 0.635431710083 1.33973357827 -2.85999632596 '700024264.may1'
1207 6640 23 5775 35895 0.057 0.0488 0.734422396286 0.7375302507 1.3469552205 0.78402593911 '700038524.may1'
1209 3745 16 3508 6427 0.0711 0.0725 0.663391198919 0.662603866116 1.37214675117 0.89738386487 '700100536.may1'
1210 8817 21 8598 21585 0.0501 0.054 0.720016990999 0.718853666762 1.35509991544 0.592792828778 '700114299.may1'
1219 2525 52 2145 7421 0.0266 0.0281 0.901937467278 0.896000357634 1.49163020496 0.515597236807 '700102409.may1'
1223 288 30 63 5497 0.3668 0.0441 0.586529428246 0.787959053804 1.44744853706 -0.542671538681 '700103585.may1'
1227 3571 13 3520 956 0.0792 0.0994 0.620695084922 0.616934692182 1.44017603306 0.804731685337 '700100071.may1'
1233 2439 55 1054 36549 0.0642 0.0231 0.773146223637 0.91094579075 1.42551444664 0.534111300722 '700034218.may1'
1235 3195 57 2433 19883 0.0297 0.0236 0.911697399434 0.916755640218 1.45385344176 0.586011917631 '700024974.may1'
1236 2735 20 2597 3906 0.0554 0.0625 0.709988053787 0.707049735397 1.41866893919 0.744271978047 '700024727.may1'
1238 230 20 73 6334 0.3723 0.0603 0.646696580502 0.707812922507 1.39681538361 -2.12998533108 '700023908.may1'
1246 723 43 150 45246 0.2453 0.028 0.622854397627 0.862559490275 1.39550280054 -0.320360875187 '700110834.may1'
1255 125 21 20 887 0.5799 0.0718 0.357597516732 0.712209151653 1.51054641831 -1.00361468969 '700101341.may1'
1256 1348 14 1056 1550 0.1105 0.0897 0.610335815051 0.633252841886 1.42251290334 0.902085718931 '700107977.may1'
1264 887 42 423 25188 0.096 0.0296 0.825647242025 0.857114592495 1.41505979586 0.177799227747 '700108892.may1'
1266 7247 21 6291 18712 0.0624 0.0544 0.712985793542 0.718747497349 1.3599987669 0.906467364604 '700101577.may1'
1269 3690 29 2062 51415 0.0936 0.0392 0.709938679556 0.784275094434 1.35638179864 0.831891611599 '700096722.may1'
1272 116 11 30 595 0.4909 0.1188 0.248088376767 0.581078099384 1.44621357758 0.139034884042 '700032338.may1'
1273 1089 77 642 8469 0.0365 0.0207 0.972735726927 0.972461851258 1.52597799336 0.1124223314 '700107810.may1'
1280 13635 15 13581 950 0.0672 0.09 0.65073395149 0.64605910264 1.46001859895 0.766604804087 '700038736.may1'
1290 2635 13 1362 15993 0.174 0.0836 0.471601913036 0.620133837893 1.31851976584 0.870357652239 '700034812.may1'
1291 2612 17 2209 4547 0.0813 0.0705 0.671143633283 0.674571105462 1.3933501833 0.923242896156 '700099049.may1'
1292 3406 21 1810 5384 0.1095 0.0586 0.585739954952 0.7173406478 1.4092594628 0.879195798134 '700024310.may1'
1293 7132 21 6495 21337 0.0571 0.054 0.7170712059 0.718845340761 1.35549078825 0.788721399144 '700096096.may1'
1301 3477 36 3065 28951 0.0357 0.0334 0.828636701938 0.826805780476 1.39540300295 0.525574382319 '700098419.may1'
1306 114 19 18 936 0.6129 0.0762 0.40047362247 0.692900619919 1.49312377966 -2.02077284702 '700015674.may1'
1307 971 16 489 22062 0.1816 0.0686 0.549842576864 0.663443466464 1.32851387264 0.478689040751 '700111542.may1'
1318 219 20 35 5267 0.5149 0.061 0.346049986349 0.707546736878 1.40487607008 -1.54650930779 '700105300.may1'
1323 10983 22 10794 5713 0.0471 0.0562 0.729488259813 0.726729345042 1.41168847689 0.808719845576 '700110750.may1'
1328 4255 22 3818 16319 0.0563 0.0526 0.728199188119 0.728006903611 1.36937555467 0.861054535229 '700095459.may1'
1337 3979 24 3395 17553 0.0568 0.0486 0.743629150552 0.745537694312 1.37521707681 0.885618932213 '700099051.may1'
1342 291 23 65 9201 0.4325 0.0524 0.493004491432 0.736297642152 1.39594600977 -1.08195291237 '700103462.may1'
1344 4644 20 1848 10554 0.1527 0.0584 0.488887271635 0.708402773133 1.37608999178 0.807469999881 '700038412.may1'
1345 1323 19 750 54704 0.1459 0.0571 0.64996093991 0.699006698043 1.31744986885 0.397858477302 '700015947.may1'
1348 3302 19 2056 4492 0.1141 0.0644 0.62069821001 0.696997168727 1.40634833657 0.847788594848 '700114147.may1'
1350 1146 35 482 17474 0.1229 0.0354 0.715820832614 0.820544411591 1.41208600503 0.669666505747 '700100526.may1'
1355 4504 23 4134 8977 0.0514 0.0524 0.736926456603 0.736264834662 1.39696120558 0.810954271054 '700106040.may1'
1356 2708 30 1728 48316 0.074 0.0381 0.746124627577 0.791009006037 1.36134181975 0.685105240325 '700101345.may1'
1375 4764 19 4581 6758 0.0569 0.0626 0.699439645842 0.69756529863 1.38856421249 0.785861573476 '700099337.may1'
1376 2848 38 2401 24891 0.0369 0.0323 0.839004252834 0.83731791388 1.40610681528 0.603227992762 '700034832.may1'
1378 1606 69 526 37225 0.0729 0.0191 0.797022503277 0.955714759245 1.44536906925 0.140345774913 '700037171.may1'
1379 1501 12 1419 1002 0.0931 0.1051 0.603174807374 0.600558290317 1.42656707087 0.906908838777 '700035286.may1'
1385 2900 21 2784 2076 0.0517 0.064 0.719968973699 0.715300331529 1.45716394263 0.776593133008 '700102647.may1'
1389 243 30 74 1678 0.2635 0.051 0.686555808123 0.783981904118 1.51448446494 0.19735439532 '700033848.may1'
1390 4026 28 2204 9936 0.0916 0.0443 0.664267890576 0.775531172835 1.41306184452 0.823893849993 '700100006.may1'
1396 466 44 90 18462 0.3022 0.0292 0.647792573174 0.865751666207 1.43204549435 -1.0220342022 '700035689.may1'
1400 2372 24 2107 12648 0.0526 0.0495 0.745498563243 0.74519308253 1.38756514571 0.391079319749 '700101275.may1'
1405 5604 23 4463 32309 0.0669 0.049 0.725684212927 0.737465101602 1.35030595891 0.799413876733 '700109496.may1'
1410 121 19 43 571 0.322 0.0821 0.632755289113 0.690721268408 1.52880831564 -0.415754648492 '700105433.may1'
1415 135 16 64 821 0.2528 0.0873 0.651360921136 0.65843309573 1.47828668204 -0.902986480386 '700023325.may1'
1416 4879 11 4765 3046 0.0953 0.1038 0.584911384278 0.58376853742 1.36081105948 0.908947664243 '700037274.may1'
1426 6219 14 5572 4032 0.0883 0.0834 0.632032676293 0.634670811043 1.37667847724 0.910092181595 '700024703.may1'
1428 3537 68 2582 45403 0.0273 0.0191 0.951243393614 0.953225250138 1.43619045383 0.545407790379 '700109557.may1'
1432 4498 28 4245 4718 0.0401 0.0472 0.778191026876 0.774052756301 1.4473879882 0.845579014215 '700102293.may1'
1443 2025 15 1178 7889 0.1535 0.0758 0.549550892079 0.649527562888 1.35730632603 0.874536758836 '700098984.may1'
1446 8506 18 5761 27265 0.1034 0.0613 0.619059838559 0.687690738172 1.33300579179 0.911834071803 '700016325.may1'
1452 3587 24 1617 22869 0.1247 0.048 0.581178111525 0.745770851444 1.36580828317 0.843916139458 '700097467.may1'
1456 6570 29 3790 44922 0.0768 0.0394 0.677805304746 0.784180964069 1.36066678404 0.829963325566 '700099936.may1'
1458 2253 26 1024 29747 0.1181 0.0442 0.616971604797 0.762024305989 1.36431529239 0.782469538757 '700097473.may1'
1467 2580 31 2184 7263 0.0448 0.0418 0.796180475133 0.795034659081 1.43767274028 0.800384330677 '700037020.may1'
1470 2293 17 1451 45570 0.1334 0.0635 0.633287063885 0.676187058369 1.31271808763 0.760837916918 '700035633.may1'
1481 5414 12 5124 17066 0.0929 0.0897 0.602898185445 0.603243112672 1.30871007902 0.844186041674 '700114205.may1'
1485 14087 26 13855 9632 0.0398 0.0472 0.763404462153 0.760781267353 1.40673570094 0.717559125174 '700038734.may1'
1492 2169 27 1247 7122 0.0815 0.0468 0.660488718586 0.767764323875 1.42385460197 0.780595704944 '700106077.may1'
1495 5552 32 5200 41672 0.0356 0.0363 0.805234875291 0.803767204761 1.3719220133 0.268924766705 '700106087.may1'
1501 3354 15 3204 4773 0.073 0.0779 0.650507110627 0.649063649357 1.37728453967 0.858723225427 '700038795.may1'
1516 5541 25 3707 3381 0.0733 0.0532 0.674189491509 0.750947395436 1.45152781439 0.813580905295 '700102637.may1'
1521 2816 17 2669 3568 0.0654 0.0717 0.676400971281 0.674204837737 1.40431937291 0.839422082149 '700095764.may1'
1523 5365 30 4865 3949 0.0403 0.0457 0.789282322746 0.787085007483 1.46430039106 0.823517483361 '700098930.may1'
1525 4841 13 3965 10605 0.1113 0.0848 0.605435415286 0.619953961546 1.33188644327 0.916916289632 '700098721.may1'
1529 526 26 261 27260 0.1461 0.0444 0.746038448309 0.761953939316 1.36728049521 -1.5374563563 '700023275.may1'
1530 5896 21 5122 8908 0.0624 0.0566 0.714317135308 0.718039981493 1.38780860748 0.928908318089 '700109282.may1'
1534 918 29 261 26179 0.1819 0.0404 0.556410482781 0.783725314317 1.37888976996 0.303839953067 '700035989.may1'
1547 4085 36 3089 56372 0.0477 0.0323 0.820114789343 0.827483561778 1.372394345 0.749989087384 '700098010.may1'
1556 3615 19 2991 12811 0.0752 0.0604 0.688469014712 0.698212224694 1.36363902008 0.896361580989 '700096980.may1'
1562 2725 25 1140 23686 0.1398 0.0462 0.589994896934 0.753983730054 1.36845125757 0.829020293016 '700032133.may1'
1583 3475 12 3418 1171 0.0861 0.1037 0.603681812281 0.600886154697 1.41781591999 0.82678560493 '700102649.may1'
1587 605 61 125 16398 0.2104 0.0227 0.725489193043 0.929552287557 1.46906887765 -0.440736076964 '700016816.may1'
1591 3603 56 1687 44427 0.0474 0.0224 0.781522469428 0.914822378649 1.41971131545 0.495057905107 '700109284.may1'
1593 1593 55 653 27521 0.0849 0.0236 0.811097392382 0.910429279075 1.4367674421 0.648179909657 '700111558.may1'
1594 5207 12 5108 2652 0.0866 0.0973 0.603661166315 0.60207024777 1.37711623907 0.913684422015 '700024393.may1'
1599 16842 49 14738 49606 0.0264 0.0249 0.885561936474 0.888555274209 1.40382642979 0.805780040781 '700038618.may1'
1609 815 27 203 16552 0.2192 0.0441 0.486374909007 0.768999523946 1.388887257 0.440073502671 '700035292.may1'
1611 4073 21 3585 13772 0.061 0.0552 0.71597206728 0.718491372678 1.37098314648 0.839011058128 '700105427.may1'
1614 3862 20 2252 36970 0.1268 0.0552 0.640816681895 0.709284172159 1.33336430069 0.858893076732 '700097349.may1'
1615 1132 29 474 20337 0.1302 0.041 0.647935424956 0.783460201027 1.38806021974 0.611969724466 '700033719.may1'
1620 2453 12 1729 10424 0.1502 0.0911 0.550836143172 0.603060428679 1.32427856553 0.908623409365 '700111206.may1'
1630 436 18 285 2410 0.1233 0.0709 0.665929985924 0.685003819886 1.43034340544 0.528401735866 '700023479.may1'
1648 1893 16 1233 19853 0.1283 0.0689 0.601938112054 0.66339641816 1.33184033963 0.724852803199 '700035594.may1'
1650 516 36 148 8407 0.2021 0.0367 0.642334373124 0.82470908996 1.44663411015 0.280366480377 '700100518.may1'
1651 2154 23 1634 7352 0.0724 0.0532 0.717280867144 0.735987057414 1.40538313519 0.847453289811 '700015923.may1'
1653 3687 20 3534 4019 0.0544 0.0624 0.709962924933 0.707097703358 1.41731573944 0.779275922655 '700111358.may1'
1681 2277 85 1283 37660 0.0338 0.0161 0.959589977992 0.99684236437 1.46379352527 0.130093156726 '700034220.may1'
1686 3994 32 3578 6532 0.0388 0.0412 0.803535116716 0.801024615127 1.4460902032 0.778995485139 '700033707.may1'
1687 1031 22 302 35713 0.2596 0.0508 0.477795653362 0.72856225438 1.34307554082 0.512569813546 '700107856.may1'
1690 7461 12 7427 563 0.0841 0.112 0.603697391902 0.599099597251 1.46259432157 0.757466855647 '700105646.may1'
1695 5261 13 5216 620 0.0783 0.1052 0.620697383254 0.615753441395 1.46763303849 0.791310293128 '700023434.may1'
1698 6568 33 5174 9545 0.0463 0.0389 0.784611688149 0.807894038675 1.4317691874 0.782936274426 '700037427.may1'
1703 1579 24 1047 57489 0.0917 0.0462 0.734059209186 0.746357141481 1.33642634906 0.422610023932 '700114735.may1'
1709 1693 32 553 55796 0.1419 0.0358 0.609186842221 0.80399952162 1.362436823 0.562571251306 '700107848.may1'
1713 4643 21 4134 47095 0.0599 0.0524 0.718655367465 0.719290142844 1.3305359215 0.7280153875 '700114834.may1'
1724 5257 13 2935 53717 0.1895 0.081 0.501787611194 0.620449405768 1.28471618092 0.844257792589 '700099996.may1'
1734 2433 20 1762 21358 0.0894 0.0564 0.679311119561 0.708978991616 1.35080476608 0.768897113485 '700097887.may1'
1737 3741 64 3303 24544 0.02 0.0211 0.944882195684 0.939989862497 1.45576215965 0.0554110203989 '700014997.may1'
1740 4499 26 2925 13443 0.0788 0.0461 0.699303947708 0.761238500179 1.39319829019 0.904846317244 '700108888.may1'
1748 2729 11 1539 20602 0.1898 0.0966 0.443900468594 0.584690117988 1.29483018598 0.770529264146 '700096674.may1'
1756 560 29 179 22106 0.2402 0.0408 0.65603662979 0.783551689105 1.38498255906 -0.117737666512 '700105755.may1'
1757 3469 47 3052 24531 0.0275 0.0271 0.882399736751 0.879256119951 1.42668957477 0.330180680227 '700034216.may1'
1764 1744 17 1535 3084 0.0754 0.0725 0.673522808432 0.673981161562 1.41122451657 0.875282660442 '700111489.may1'
1772 2614 33 1864 45829 0.0578 0.0352 0.797325418284 0.809979587646 1.37151391328 0.687034946125 '700095991.may1'
1775 3445 20 1729 5597 0.1337 0.0608 0.559707560823 0.707642104683 1.40218756539 0.86640445484 '700098657.may1'
1777 4091 22 1600 50598 0.165 0.0502 0.524995452653 0.728737836286 1.33254492212 0.824666351695 '700097889.may1'
1779 6345 17 5828 50557 0.0696 0.0634 0.675731542821 0.67621849096 1.30985812446 0.802067112915 '700096760.may1'
1782 6621 13 5457 4804 0.1093 0.0879 0.60200551924 0.619432546415 1.36110174791 0.903653370259 '700107425.may1'
1786 6721 44 2969 49955 0.0759 0.0273 0.709899028786 0.867232166649 1.39407597821 0.884776046655 '700034692.may1'
1788 3153 12 2765 6138 0.1075 0.093 0.599641004345 0.602781941971 1.34286131404 0.937959903066 '700105278.may1'
1790 4232 64 1982 34724 0.0463 0.0205 0.811756161792 0.940744353588 1.44133071028 0.707420272135 '700037224.may1'
1793 4581 53 3799 35344 0.0273 0.0239 0.905121356668 0.903575188211 1.4234400404 0.690522836199 '700099547.may1'
1794 3533 14 3194 3872 0.087 0.0836 0.63418913609 0.634629429381 1.37842136368 0.935013391452 '700098481.may1'
1800 957 30 375 19000 0.1213 0.04 0.644840004978 0.790120397798 1.39387830216 0.324512643959 '700105600.may1'
1803 205 28 35 2932 0.5114 0.0497 0.501612791219 0.772724069901 1.47246827777 -1.06458684622 '700106665.may1'
1807 2735 44 2234 14635 0.0339 0.0298 0.866941568569 0.865282425179 1.44198784955 0.652456754443 '700096546.may1'
1823 2536 102 1058 39862 0.043 0.0139 0.924071609424 1.03292157445 1.47785512967 0.34678711178 '700110866.may1'
1825 9531 59 6079 45856 0.0341 0.0214 0.847939428742 0.925189309523 1.42317197652 0.656229628229 '700098409.may1'
1836 2331 23 1440 10400 0.0926 0.0519 0.654918166492 0.736454000383 1.39097357757 0.873634497623 '700037472.may1'
1844 4981 19 4797 3354 0.0567 0.0659 0.699279683951 0.696510814864 1.42012118077 0.777655675658 '700024258.may1'
1856 2142 23 1578 20885 0.0769 0.05 0.718745941674 0.737151500217 1.36491426546 0.738522166966 '700033400.may1'
1867 3559 14 3455 5437 0.0758 0.082 0.636283944149 0.634954593986 1.36433054714 0.701745965917 '700106052.may1'
1868 1601 29 553 14980 0.1481 0.0418 0.568945619205 0.783089566575 1.39977948196 0.8091904832 '700111081.may1'
1874 3411 50 1540 36913 0.0597 0.025 0.754380284641 0.892136507866 1.41648465445 0.676447871024 '700107920.may1'
1877 5677 14 5107 17726 0.0878 0.0779 0.633405018527 0.635686436163 1.32252999328 0.877842942859 '700108832.may1'
1881 154 14 71 676 0.2668 0.0982 0.549584124569 0.631059283976 1.47244071602 0.38043565179 '700023790.may1'
1883 208 29 53 2488 0.3537 0.0494 0.674155651194 0.778982124404 1.48600526509 -1.15878588917 '700038033.may1'
1887 93 12 50 318 0.267 0.1222 0.594528779388 0.596840279954 1.50482799055 -0.338837989168 '700105114.may1'
1890 5190 14 4440 9815 0.0963 0.0797 0.629592657318 0.635391357096 1.34216233598 0.907579817748 '700024968.may1'
1893 819 26 508 10433 0.0928 0.0469 0.730732252334 0.760899624013 1.4034049061 0.356817316063 '700035208.may1'
1894 3275 15 1613 37536 0.1886 0.0716 0.493064567323 0.650294037666 1.30688383124 0.808808685189 '700107005.may1'
1903 8475 32 7203 10960 0.0423 0.0394 0.793823126016 0.802085686377 1.42254628463 0.764226949048 '700097738.may1'
1904 4570 28 4351 7840 0.0394 0.0451 0.778308609995 0.775129318332 1.42339593084 0.620306963043 '700023914.may1'
1914 434 28 72 15417 0.3965 0.043 0.423680908837 0.776150353571 1.39518867752 -0.217654729333 '700103623.may1'
1917 1552 30 1159 10729 0.0586 0.0416 0.783276568011 0.789306396244 1.41687214662 0.698512068304 '700111861.may1'
1918 9063 22 8897 6673 0.0472 0.0555 0.729504184219 0.726975299991 1.40482825339 0.746659552233 '700110151.may1'
1923 58 14 7 240 0.8402 0.1172 0.0871947411989 0.626038049188 1.55438792657 -5.85535516346 '700035779.may1'
1929 15160 16 14543 3092 0.0678 0.0761 0.663323034249 0.661691001311 1.40400416938 0.877497684392 '700038404.may1'
1933 500 35 263 7350 0.0982 0.038 0.806977500612 0.818866946698 1.45002269755 -0.273517553946 '700106192.may1'
1936 2399 58 1124 11248 0.0468 0.0246 0.789229080323 0.918597435877 1.48193317016 0.509516889214 '700097058.may1'
1942 2765 23 1425 20800 0.1073 0.05 0.608107138689 0.737148428424 1.36505514371 0.853165353996 '700109268.may1'
1953 1787 34 1574 3643 0.0378 0.042 0.816752667756 0.811183152004 1.48300193127 0.597447475743 '700032181.may1'
1981 988 24 810 8141 0.0618 0.051 0.746202049354 0.744617531881 1.40551070019 0.10545146187 '700105171.may1'
1988 4548 16 1471 38446 0.209 0.0675 0.412212614658 0.663654026802 1.3120447228 0.811532881532 '700109610.may1'
1989 4702 24 3796 16852 0.0625 0.0487 0.735631749719 0.745498927122 1.37670949146 0.916102891633 '700110466.may1'
1990 544 27 261 19731 0.1473 0.0437 0.74262522998 0.769192563908 1.38231869805 -0.524970139128 '700102466.may1'
1999 4328 18 4182 4113 0.0595 0.0678 0.688401411426 0.685975280684 1.404287848 0.857376947063 '700110215.may1'
2012 9754 33 9067 47323 0.035 0.0351 0.810908421166 0.810006586436 1.37045692501 0.710640064014 '700102177.may1'
2017 9163 31 6884 35192 0.0543 0.0376 0.77310080963 0.797292883964 1.37475476671 0.934183079084 '700095516.may1'
2020 2915 19 2708 12348 0.0609 0.0605 0.69932570929 0.698177927258 1.36498590393 0.63884424244 '700109015.may1'
2025 845 27 322 52185 0.1923 0.0417 0.659840573834 0.769975013747 1.34963640523 -0.03016748437 '700111340.may1'
2031 561 50 169 27352 0.1857 0.0255 0.848309218518 0.89164255645 1.42812893406 -1.29891783949 '700100346.may1'
2033 7635 17 7328 7918 0.0638 0.0681 0.676345060827 0.675183451968 1.37035620822 0.929010103793 '700033501.may1'
2041 296 23 51 11846 0.4854 0.0515 0.409450478203 0.736606336489 1.38582935626 -1.48584407437 '700100639.may1'
2043 10254 31 5901 50630 0.0669 0.037 0.678826675179 0.797590674249 1.36274189549 0.81101771891 '700033777.may1'
2047 1525 13 993 37176 0.1675 0.0817 0.584477852804 0.620378822849 1.29419914359 0.597252438874 '700107854.may1'
2050 5084 30 4006 23136 0.0526 0.0396 0.782324464002 0.790346531002 1.38653248037 0.875559715979 '700114515.may1'
2060 2324 37 1059 38690 0.0973 0.0321 0.72193764777 0.832571088179 1.38752349405 0.780122958767 '700033821.may1'
2062 646 20 212 9632 0.2337 0.0587 0.494164642391 0.708312132104 1.37964041919 0.594598380955 '700035840.may1'
2065 6566 12 6534 485 0.0842 0.1147 0.603697416757 0.598647562749 1.47291744677 0.740479219665 '700110153.may1'
2067 3398 11 2915 10506 0.1216 0.0984 0.576684434764 0.584491411131 1.31512351273 0.944204593802 '700111272.may1'
2070 16357 24 15898 19236 0.0441 0.0484 0.747089410827 0.745621178194 1.37190533097 0.883423001725 '700037872.may1'
2072 1071 14 930 5855 0.0944 0.0816 0.635189915946 0.635024118312 1.3613937415 0.625295084658 '700035349.may1'
2081 28590 59 25546 52192 0.0211 0.0212 0.925191238318 0.925392570888 1.41835511038 0.897050529971 '700107599.may1'
2085 493 15 174 9289 0.2816 0.0752 0.459612688286 0.649650541117 1.35126120495 0.389217224987 '700105326.may1'
2090 3562 22 2268 26884 0.1028 0.0514 0.687927705877 0.72838899864 1.35216573972 0.879038874966 '700100348.may1'
2091 2427 22 1665 21902 0.0911 0.0518 0.701698927658 0.72824623514 1.35903257557 0.855681137522 '700110736.may1'
2103 3896 54 2531 35804 0.0389 0.0235 0.856412207622 0.907286983241 1.4246417924 0.621877938348 '700108945.may1'
2104 5143 23 4593 13124 0.0543 0.0512 0.736473945901 0.736719320326 1.3818749187 0.871361131093 '700097958.may1'
2116 4056 18 2509 10185 0.1244 0.064 0.616074519537 0.68704407461 1.3666492602 0.882682303991 '700038948.may1'
2117 7687 18 6899 27837 0.0686 0.0613 0.685259194321 0.687701418371 1.3323628813 0.922110765186 '700105175.may1'
2118 6118 19 5973 4389 0.0552 0.0645 0.699527042593 0.696966948297 1.40741636672 0.798093277275 '700023859.may1'
2123 3122 28 2916 10514 0.0409 0.0441 0.778331361073 0.775620735875 1.41067286466 0.4130449086 '700105224.may1'
2136 420 19 185 3855 0.2075 0.0652 0.58835363643 0.696759483926 1.41344774215 0.552415357816 '700023112.may1'
2140 962 18 685 27888 0.1067 0.0613 0.678002682991 0.687702755446 1.33230613032 -0.0792604486833 '700111833.may1'
2145 3005 32 1704 32032 0.0806 0.0368 0.722679627186 0.803524138083 1.38090970518 0.7609214289 '700095573.may1'
2146 1217 22 1073 4131 0.0584 0.0577 0.72887428186 0.726144545704 1.42680722872 0.475890466113 '700032184.may1'
2153 3674 11 3615 2007 0.0939 0.1065 0.585007010665 0.583342184958 1.37935692822 0.825498362082 '700098663.may1'
2164 8556 25 8145 22972 0.0441 0.0463 0.755224913661 0.753957077781 1.36952031023 0.777516545886 '700102175.may1'
2166 379 11 270 7920 0.1756 0.0994 0.582356560327 0.584378581069 1.32449758654 -1.40419034285 '700106322.may1'
2178 355 23 98 8365 0.2838 0.0527 0.554750253135 0.736174374763 1.39989680822 -0.270999024047 '700105898.may1'
2180 7255 37 6822 18180 0.0305 0.0337 0.834342324205 0.831583145049 1.41588980093 0.712661830632 '700098171.may1'
2182 4282 32 2816 44176 0.0615 0.0362 0.737048835903 0.803816872546 1.36998602542 0.577202407269 '700108582.may1'
2184 334 21 95 12300 0.3703 0.0555 0.561634722629 0.718386123531 1.3752055768 -0.791862083614 '700106362.may1'
2192 3576 16 3244 2380 0.0754 0.0779 0.660019379713 0.661244916213 1.41677288735 0.804952636893 '700023991.may1'
2198 5746 20 5363 19595 0.0573 0.0566 0.709583743064 0.708921801023 1.35371122157 0.839926988403 '700114232.may1'
2200 1657 19 804 3286 0.1155 0.066 0.553098716205 0.696463647436 1.42111922625 0.764039383258 '700105222.may1'
2201 2644 55 926 44618 0.0711 0.0228 0.750446045999 0.911266696563 1.41794382823 0.673597044259 '700096612.may1'
2211 2853 14 2204 5056 0.1131 0.0823 0.607724564682 0.634892685416 1.36725829795 0.920792592132 '700101946.may1'
2216 2881 24 2168 4630 0.0683 0.0533 0.710981873371 0.743628287105 1.43108562341 0.817834549793 '700033545.may1'
2225 9150 42 8175 18483 0.0297 0.0303 0.857612554624 0.856596916063 1.42749432031 0.824841855515 '700110693.may1'
2230 129 11 94 279 0.1686 0.1315 0.583875878924 0.578515941648 1.50143599461 0.254006066903 '700114347.may1'
2239 3336 38 2618 6264 0.0416 0.0362 0.826749334821 0.834511188644 1.46669828873 0.79070482112 '700033548.may1'
2240 1346 36 579 38634 0.117 0.0329 0.722842317433 0.827127740277 1.38509945591 0.505725912412 '700035337.may1'
2246 150 11 53 1044 0.3943 0.1118 0.375154322544 0.582359393381 1.41256420913 0.0521521596823 '700023942.may1'
2256 6162 33 4821 36380 0.0485 0.0356 0.801366607418 0.809771279553 1.3793013523 0.853491203643 '700108334.may1'
2260 330 38 104 3492 0.1985 0.0389 0.742391478171 0.832556462182 1.49820826044 -0.166149856958 '700108949.may1'
2261 5286 16 4927 8608 0.0717 0.0714 0.662582391742 0.662865780425 1.36079156038 0.873006687314 '700108648.may1'
2263 5595 73 3975 18309 0.0251 0.0196 0.934746704897 0.964987234994 1.48146930409 0.679517195624 '700108088.may1'
2276 6752 34 5849 22247 0.0389 0.0357 0.813814085213 0.815148153261 1.39986953744 0.883994934444 '700024391.may1'
2282 2533 13 1230 23853 0.218 0.0826 0.469429574476 0.620267029129 1.30651023111 0.821092761708 '700096216.may1'
2291 3399 40 2652 15533 0.0397 0.032 0.832633621334 0.846673989585 1.43000975046 0.602077032919 '700034954.may1'
2293 2671 16 1676 21716 0.1417 0.0687 0.610260338901 0.663437463649 1.32900821207 0.854924428975 '700032117.may1'
2303 2665 28 986 12203 0.1352 0.0436 0.569022692973 0.775841725118 1.4045043372 0.840603985222 '700099057.may1'
2306 13738 16 9738 9694 0.1072 0.071 0.597358777499 0.662961688519 1.35637132252 0.898511814033 '700024556.may1'
2309 2226 23 1896 4792 0.0591 0.055 0.731502428907 0.735256718845 1.42470123621 0.777988507972 '700035891.may1'
2312 99 23 12 537 0.7114 0.0745 0.382880594497 0.726735998536 1.56175016022 -3.17286258479 '700106020.may1'
2325 6450 20 5780 32520 0.062 0.0555 0.708404951591 0.709221536411 1.33728368378 0.895212561826 '700023489.may1'
2326 3338 38 2528 5933 0.0443 0.0364 0.822385240965 0.834363519874 1.46945961928 0.858630924778 '700111348.may1'
2354 6161 53 2033 54853 0.0871 0.0232 0.669145700467 0.904230276179 1.40714225885 0.810704711164 '700102643.may1'
2356 3546 16 3409 2880 0.0676 0.0765 0.663951266143 0.661592677516 1.40738224402 0.874212367919 '700035284.may1'
2359 369 15 157 3168 0.2378 0.08 0.492829321023 0.648559164038 1.39533355499 0.481058443914 '700035569.may1'
2360 2615 15 2209 7150 0.0914 0.0762 0.639522511474 0.649451637953 1.36105082178 0.836046321858 '700032974.may1'
2365 251 20 46 8041 0.5235 0.0593 0.366379935426 0.708108647535 1.38685093809 -1.43448052685 '700033414.may1'
2372 5388 42 4244 35733 0.0372 0.029 0.844006393526 0.857605889691 1.40185444987 0.674414884524 '700112034.may1'
2379 1065 32 535 19054 0.1012 0.0379 0.722730365792 0.802931958237 1.39999768142 0.40844407193 '700035983.may1'
2387 1953 58 1634 3790 0.0246 0.0286 0.923723390291 0.914064930607 1.54195829351 0.451897351166 '700107431.may1'
2392 22583 23 22426 5804 0.0441 0.0541 0.73855777662 0.73561278167 1.41582787208 0.768694247655 '700103515.may1'
2393 4267 27 2693 37734 0.0828 0.0423 0.715711676231 0.769760528359 1.35989106586 0.852229058271 '700033492.may1'
2395 2726 13 973 31935 0.2591 0.082 0.379538895221 0.620344193958 1.29830226521 0.77557563528 '700099492.may1'
2403 2396 20 2113 1483 0.0636 0.0692 0.704027236222 0.704639005051 1.47062980246 0.801364114035 '700095697.may1'
2405 628 21 510 1618 0.0717 0.0658 0.717328480272 0.714589682783 1.47161919758 0.630981765264 '700099854.may1'
2407 4105 36 3900 3488 0.0308 0.0405 0.82901814129 0.822111401835 1.49203442707 0.658968037526 '700097621.may1'
2418 3741 33 1258 39290 0.1063 0.0354 0.590260157354 0.8098439377 1.3766694471 0.743396617195 '700037230.may1'
2422 2065 21 1619 4900 0.0744 0.059 0.699699510083 0.717189712385 1.41354099535 0.867829839342 '700107089.may1'
2431 266 21 34 28334 0.7363 0.0534 0.334148189221 0.719029187606 1.34612809708 -12.5584090453 '700021830.may1'
2452 697 52 213 19767 0.1576 0.0254 0.799935499374 0.898721582391 1.4452763991 0.0297850167941 '700109677.may1'
2459 2370 28 1580 18534 0.0748 0.0425 0.743214925935 0.776373421553 1.388150295 0.787541833412 '700098167.may1'
2460 3495 19 2645 44934 0.0878 0.0575 0.677153594525 0.698935078192 1.32300924256 0.726429027469 '700024282.may1'
2462 2245 16 2132 2495 0.0693 0.0775 0.663976763324 0.661348274559 1.41441110577 0.861293134765 '700111871.may1'
2472 572 16 241 3308 0.2155 0.0757 0.477938530795 0.661806919642 1.4008316592 0.74625932717 '700023997.may1'
2484 4332 26 3063 3994 0.0704 0.0508 0.720598216085 0.759085864575 1.44743656275 0.80876922308 '700037018.may1'
2489 396 29 84 21618 0.3682 0.0409 0.553886601627 0.783529218923 1.38580201552 -1.54096503429 '700032119.may1'
2490 3739 51 2386 8877 0.0416 0.0279 0.835224747602 0.892822270958 1.48041707038 0.778064682844 '700108145.may1'
2492 4191 18 3812 7918 0.0668 0.0649 0.685539919604 0.686802206253 1.37637842289 0.821047038049 '700033971.may1'
2495 3196 13 2924 1619 0.0913 0.0947 0.617168990403 0.618059724102 1.41081445259 0.898448140648 '700023989.may1'
2516 2419 12 2359 1066 0.0876 0.1046 0.603654643455 0.600692012445 1.42307442597 0.878066087002 '700106685.may1'
2524 249 12 44 20815 0.6977 0.0892 0.201580595032 0.603301752243 1.3028532676 -8.01749618029 '700023428.may1'
2528 6101 34 5752 8152 0.0331 0.0385 0.817127647994 0.813428010732 1.44207126412 0.686137243295 '700110748.may1'
2533 315 19 49 45936 0.6776 0.0574 0.337281381951 0.698943631491 1.32237626086 -9.68943539579 '700023672.may1'
2535 198 25 59 1197 0.2871 0.061 0.596129519194 0.747286032702 1.51334901689 0.022737812453 '700110145.may1'
2540 634 36 176 35590 0.2499 0.033 0.695273757895 0.827041326307 1.38797501507 -0.256068448191 '700103328.may1'
2541 4646 15 4515 1090 0.0706 0.0884 0.650537408453 0.646406208533 1.45156956513 0.876147262784 '700024429.may1'
2542 4271 27 3328 52005 0.0601 0.0417 0.764299593425 0.769973277984 1.34974265974 0.830374679005 '700099097.may1'
2543 3665 32 1674 7535 0.0906 0.0407 0.639517997075 0.801353701526 1.43932908622 0.865573412315 '700109376.may1'
2550 3016 34 1073 17053 0.1072 0.0363 0.603903622275 0.814776487601 1.41023853631 0.860624512993 '700095705.may1'
2559 4026 17 2184 37753 0.1546 0.0639 0.565067213399 0.676124309317 1.31803813116 0.852922448767 '700024922.may1'
2561 5266 38 2150 55991 0.0778 0.0308 0.691829187137 0.838234791602 1.37733879083 0.85435126265 '700098982.may1'
2569 5303 19 3915 8039 0.091 0.0619 0.670027105638 0.697769554968 1.38146745979 0.91293589585 '700024976.may1'
2570 795 24 284 42193 0.1783 0.0467 0.595706336055 0.746193981154 1.34574411849 -0.245584690521 '700023224.may1'
2576 2468 24 1620 5843 0.0807 0.0523 0.671487227963 0.744068516742 1.42015863156 0.787092127121 '700096915.may1'
2578 4466 47 3928 20973 0.0274 0.0274 0.88115246932 0.878972897943 1.43308490975 0.524612950602 '700100589.may1'
2587 1906 29 1115 31779 0.0882 0.0401 0.725189355258 0.783904003834 1.37213860122 0.557076920069 '700101859.may1'
2588 8206 15 6891 47738 0.0933 0.0712 0.643956987756 0.650356981178 1.30035334244 0.917223743224 '700024675.may1'
2591 4342 21 2234 13755 0.128 0.0552 0.578752830321 0.718491692545 1.37103005684 0.872559965999 '700107595.may1'
2598 1563 33 1021 41926 0.0684 0.0353 0.794396420742 0.809903103958 1.37447755067 0.271647814621 '700109900.may1'
2603 3670 24 2424 32131 0.081 0.0472 0.676883492356 0.746024922839 1.35438928296 0.67493720452 '700098329.may1'
2627 9799 20 9345 25146 0.055 0.056 0.70986227394 0.709080756905 1.3454264164 0.893567670622 '700106910.may1'
2628 374 21 64 57156 0.6013 0.0521 0.40670100308 0.719370298849 1.32495864041 -5.42414191954 '700023015.may1'
2633 282 17 59 12659 0.5098 0.0665 0.39922148405 0.675567914163 1.35290916678 -1.6987646111 '700021922.may1'
2640 3851 31 3267 52822 0.0445 0.0369 0.79595082608 0.797622069207 1.36139224038 0.521421716467 '700099856.may1'
2641 6041 50 3173 41515 0.057 0.0248 0.789454041133 0.892310368412 1.41209295537 0.805971599968 '700110405.may1'
2644 4176 19 3211 13946 0.0842 0.0601 0.672216970229 0.698276411802 1.36056903782 0.915816214022 '700038356.may1'
2646 4210 27 3825 15702 0.0448 0.0442 0.770263734094 0.768938237816 1.39090383248 0.727434222927 '700098421.may1'
2649 7577 19 7300 11848 0.0567 0.0606 0.699433159471 0.698145662079 1.36650933778 0.878154994954 '700016756.may1'
2660 1458 49 706 31222 0.0777 0.0257 0.840244263733 0.887882178304 1.42104757732 0.580764039934 '700107926.may1'
2663 12558 50 8899 31945 0.0371 0.0252 0.860240694581 0.891907665523 1.42201917981 0.883461686209 '700110213.may1'
2676 5462 17 5337 3570 0.0616 0.0717 0.676658846962 0.674207586717 1.4042967185 0.800512642153 '700037044.may1'
2679 1010 39 398 46667 0.122 0.0304 0.735314383459 0.843220476477 1.38574730041 -0.0301810983298 '700095500.may1'
2680 614 35 132 33672 0.2707 0.034 0.563641171566 0.821388284952 1.38736417639 -0.440779381082 '700033973.may1'
2683 3457 12 3363 2416 0.088 0.098 0.603614089551 0.60194661205 1.38134454392 0.908500273476 '700103645.may1'
2690 5911 13 5664 16209 0.0837 0.0835 0.62055141648 0.620137787826 1.31810019634 0.872282927513 '700037716.may1'
2695 470 26 207 26237 0.18 0.0444 0.740132278382 0.761921625474 1.36859530165 -1.74552335874 '700106046.may1'
2712 208 18 109 1361 0.1871 0.0754 0.667361403666 0.683587646893 1.46221672369 0.0949375646804 '700015910.may1'
2713 6037 17 5611 5644 0.0678 0.0695 0.674632616334 0.674834034207 1.38405778606 0.892632351635 '700023802.may1'
2722 412 34 90 6409 0.2376 0.0394 0.574176318054 0.812853360548 1.45354246051 0.0233843424039 '700016748.may1'
2725 3383 21 3171 12271 0.0542 0.0555 0.719805027193 0.718384133571 1.37529571929 0.619632312442 '700099119.may1'
2728 1596 40 515 38056 0.1286 0.0301 0.639613675399 0.848019298479 1.39515235547 0.552282033965 '700101402.may1'
2734 3066 36 2233 19986 0.0498 0.0342 0.804628127596 0.82631418597 1.40947432328 0.723282618651 '700097281.may1'
2735 4261 30 1675 42518 0.1142 0.0384 0.618647837116 0.790912280738 1.36547610862 0.865205348648 '700034230.may1'
2738 5818 33 4369 36803 0.0519 0.0356 0.794139153846 0.809782601806 1.37890339038 0.862985043712 '700098597.may1'
2743 1066 36 736 35296 0.0577 0.0331 0.826692028164 0.827032646874 1.38826757394 -0.699199540851 '700033187.may1'
2744 716 46 240 15357 0.1426 0.0286 0.756059446661 0.874113487739 1.44427261034 0.157261152057 '700108212.may1'
2748 3246 14 2224 6330 0.1377 0.0813 0.587325615484 0.635088012172 1.35835338682 0.895726371604 '700102405.may1'
2750 3325 14 3232 2135 0.0756 0.0874 0.636250402048 0.633804716479 1.40596610042 0.878723346724 '700096694.may1'
2759 519 51 118 16346 0.2285 0.0262 0.737697650668 0.894485074236 1.45166676066 -0.695917516144 '700100593.may1'
2764 5334 18 5234 2513 0.0577 0.0706 0.6884523541 0.685101552111 1.42818447573 0.711164753934 '700024882.may1'
2777 4179 15 3594 24553 0.0892 0.0725 0.645327447404 0.650155258074 1.31913547517 0.887057239722 '700099502.may1'
2778 845 31 620 2523 0.0588 0.047 0.790354435612 0.79196538556 1.49321182319 0.71094654904 '700106924.may1'
2784 4480 18 3492 7185 0.0859 0.0652 0.6572354132 0.686700887143 1.38026885048 0.883139725861 '700109370.may1'
2786 3139 11 2155 54039 0.1767 0.0947 0.543307563039 0.584850432021 1.26994690293 0.75155202219 '700102354.may1'
2796 6679 11 6068 18185 0.1097 0.0969 0.582857292452 0.584659941282 1.29839048591 0.947120480238 '700024511.may1'
2803 1297 24 990 6720 0.0702 0.0517 0.738323703125 0.744309679178 1.41385753817 0.775128128594 '700101875.may1'
2805 201 21 55 2458 0.3951 0.0629 0.563529197867 0.71573264886 1.44785754658 -0.339803817941 '700102084.may1'
2809 1106 37 642 23204 0.076 0.0331 0.811530048548 0.831944889159 1.40628079354 0.379426366591 '700111612.may1'
2814 2399 11 1232 37592 0.2082 0.0953 0.430107931183 0.58480222182 1.27880195293 0.678868600335 '700113529.may1'
2818 7975 32 7483 28973 0.0355 0.037 0.805035052542 0.803423308648 1.38445402305 0.672314066705 '700034292.may1'
2823 10793 18 10192 12469 0.0622 0.0633 0.687578966404 0.687213784823 1.35919195045 0.958362582806 '700107597.may1'
2832 9259 11 8817 5269 0.1001 0.101 0.584154496722 0.584168487532 1.33904333004 0.93105043648 '700095265.may1'
2843 3888 36 3426 15496 0.0357 0.0349 0.828026045451 0.825914424635 1.41973325847 0.779473513631 '700103647.may1'
2846 11434 60 3883 55864 0.0667 0.0208 0.710180591669 0.928822094166 1.41733750062 0.842015172964 '700108270.may1'
2851 3307 12 2708 54266 0.1219 0.0873 0.594322482839 0.603492520193 1.27745980207 0.717028880648 '700111274.may1'
2868 6680 16 5379 14583 0.093 0.0697 0.645964687392 0.66323193265 1.34197038671 0.925574374018 '700109914.may1'
2871 5835 37 4700 35196 0.0411 0.0323 0.828342000312 0.832468375147 1.3908633422 0.846644091001 '700108588.may1'
2872 4680 27 2943 38134 0.0861 0.0423 0.730981325096 0.769767572295 1.35954838713 0.881690491252 '700024683.may1'
2873 5853 22 4542 30586 0.0738 0.0511 0.718460542911 0.728471793273 1.34797697799 0.905113382304 '700099335.may1'
2891 2139 28 1056 14479 0.1085 0.0431 0.653148687131 0.776072163844 1.39764880894 0.767478584468 '700035561.may1'
2901 135 14 89 250 0.1594 0.1159 0.629460097926 0.626304382803 1.55050466344 0.586179630171 '700106194.may1'
2902 1362 23 587 26981 0.1283 0.0494 0.591953866882 0.737345144539 1.35619449015 0.507376302123 '700024280.may1'
2905 82 13 30 312 0.4158 0.1169 0.53234901148 0.612719939678 1.51926292623 -0.281106357631 '700111266.may1'
2908 7775 23 7662 3203 0.0448 0.0571 0.738554966594 0.734383818355 1.44464921777 0.608442337433 '700105644.may1'
2910 4633 14 4498 6992 0.0758 0.0809 0.636256827694 0.635166358301 1.35454811736 0.790961354152 '700023916.may1'
2913 5802 16 5592 7719 0.0673 0.0718 0.664017027037 0.662778242351 1.3649473567 0.903334827128 '700037046.may1'
2917 2287 31 1080 29703 0.0983 0.0379 0.662890842216 0.797131595217 1.38063284487 0.726142819882 '700098487.may1'
2926 6916 34 6642 12393 0.0319 0.0372 0.817508743784 0.814261338335 1.42342392016 0.499429690924 '700015292.may1'
2928 4230 26 3859 20218 0.0462 0.045 0.762894287865 0.761683519927 1.37780635677 0.745733818515 '700097477.may1'
2933 2463 79 1887 11845 0.0214 0.0194 0.98419356652 0.978858778476 1.51070117386 0.406987804793 '700111077.may1'
2937 4293 43 2543 9365 0.0514 0.0316 0.768888970337 0.859726995884 1.46005719769 0.842673350633 '700108086.may1'
2940 2285 18 1444 23245 0.1244 0.0617 0.635373938232 0.687611890321 1.33802891703 0.795381868249 '700035436.may1'
2957 5937 32 4732 17257 0.0482 0.0381 0.794643353786 0.802799283237 1.40385687013 0.911233010394 '700109280.may1'
2959 5176 25 4966 4438 0.0434 0.0518 0.755290310117 0.751600827328 1.43772652153 0.749308610291 '700111805.may1'
2960 3859 19 3660 14698 0.0585 0.06 0.699440214143 0.698320063092 1.35869825504 0.577978447627 '700097475.may1'
2962 1704 30 1305 22365 0.0561 0.0396 0.786946081415 0.790309874199 1.38777757469 0.487499071296 '700038620.may1'
2965 3554 34 2507 36129 0.0538 0.0347 0.773810848447 0.81570202046 1.38225197343 0.367583568066 '700035428.may1'
2969 5834 30 3053 22029 0.0925 0.0397 0.674552686415 0.790294388198 1.38833615156 0.885282245815 '700033256.may1'
2971 3154 22 2931 5441 0.0526 0.0564 0.729161698662 0.726646448336 1.41389988976 0.855576848957 '700100075.may1'
2975 2589 39 920 37989 0.1074 0.0307 0.643522598038 0.842997547351 1.3929254625 0.734922604036 '700016746.may1'
2977 4571 25 4345 3016 0.0442 0.0539 0.755099054322 0.750659017223 1.45758218377 0.832051311816 '700098169.may1'
2981 5025 28 4401 13828 0.0463 0.0433 0.775491080845 0.776011763357 1.39946898022 0.873378413309 '700108332.may1'
2982 2316 29 1903 43831 0.0509 0.0395 0.783933490116 0.78416286532 1.36145782927 0.334932840928 '700096408.may1'
2983 5574 12 5253 33430 0.0937 0.0882 0.603187028597 0.603411496321 1.28974062927 0.744841784028 '700114161.may1'
2985 716 13 374 4937 0.1829 0.0877 0.481467092897 0.619458300249 1.36001119038 0.568118063004 '700103501.may1'
2986 12953 49 12500 31742 0.0219 0.0257 0.891164824727 0.887909189155 1.42040810171 0.489448283234 '700023098.may1'
2993 1719 27 1068 27869 0.0893 0.0429 0.738017247426 0.769521170213 1.37003702178 0.683461876577 '700107224.may1'
3001 116 17 50 517 0.2752 0.0902 0.649181676997 0.668373899784 1.52010012054 -0.527511539914 '700105007.may1'
3002 249 16 32 23292 0.7431 0.0685 0.2054398099 0.663467901691 1.32682807107 -9.05046364743 '700038500.may1'
3012 8100 55 4413 38812 0.0487 0.023 0.821840287166 0.9110455848 1.42320593807 0.87065089902 '700024468.may1'
3014 145 26 22 1022 0.5261 0.061 0.444999171247 0.754095006731 1.52956529763 -0.945755041639 '700105872.may1'
3016 2312 18 1121 24889 0.1537 0.0615 0.54150017408 0.687646759568 1.33585914305 0.820683699515 '700097412.may1'
3023 115 15 66 353 0.1937 0.1048 0.647048427114 0.641798554575 1.53158500096 -0.396050801578 '700023323.may1'
3024 95 14 22 631 0.568 0.0995 0.371869582061 0.63079269588 1.47714682531 -1.29892634717 '700105455.may1'
3027 406 25 180 5558 0.1736 0.0508 0.695211997117 0.752072659688 1.42693737502 0.216281408774 '700114074.may1'
3037 102 14 25 790 0.5852 0.0963 0.411071211325 0.631586851143 1.46223766728 -1.30952993619 '700105254.may1'
3040 283 25 71 11215 0.3979 0.0482 0.625678516603 0.753191512493 1.39645297213 -2.40886164636 '700035893.may1'
3049 764 38 189 36575 0.1877 0.0315 0.624728161431 0.83780190108 1.39192035985 -0.284503326279 '700101634.may1'
3062 1361 22 975 25031 0.0859 0.0515 0.715600524364 0.728341641327 1.3545294531 0.392756033391 '700110025.may1'
3067 3903 12 3690 5432 0.0931 0.0935 0.603127245188 0.602700422701 1.34745871176 0.951208617134 '700096210.may1'
3068 6337 17 5395 11565 0.0799 0.0668 0.668607863373 0.675503071658 1.35613992344 0.841718080962 '700100215.may1'
3069 2627 20 1812 22841 0.0982 0.0562 0.676974897979 0.709021848613 1.3485738491 0.816509725041 '700105394.may1'
3072 5208 13 5151 1268 0.0786 0.0967 0.620695238043 0.617610918903 1.42394533285 0.822771389289 '700114647.may1'
3085 7694 12 7438 32280 0.0891 0.0882 0.603589921329 0.603404435121 1.2906706857 0.800474476525 '700114454.may1'
3087 4306 17 3985 5763 0.0685 0.0694 0.675340482066 0.674854712512 1.38318329926 0.944872097407 '700095402.may1'
3091 6189 31 5808 26866 0.0366 0.0381 0.798660310054 0.79703063074 1.38419976065 0.557719565248 '700103708.may1'
3092 6394 21 2659 13255 0.1366 0.0553 0.522705345507 0.718456466288 1.37240137703 0.839491798451 '700033026.may1'
3093 8028 27 4520 53833 0.0772 0.0417 0.644762731487 0.769993930499 1.34868403155 0.629574301118 '700033779.may1'
3094 1448 16 799 35524 0.167 0.0676 0.576036891332 0.663628689972 1.31428648786 0.578888308017 '700035339.may1'
3105 1513 17 922 9679 0.1346 0.0674 0.604939783498 0.675364213875 1.36268166191 0.862799895343 '700108977.may1'
3107 3313 21 1521 25825 0.1192 0.0536 0.57162229058 0.718972624504 1.34913385508 0.861218446761 '700096066.may1'
3108 356 17 103 9482 0.3712 0.0674 0.449687707728 0.675348585367 1.36345366875 -0.107913873876 '700105757.may1'
3109 11736 34 11506 9183 0.0306 0.0381 0.817588006623 0.813679706663 1.4366022915 0.605710989776 '700024486.may1'
3115 212 16 94 3208 0.2708 0.0759 0.620024611092 0.661752971116 1.4022715464 -0.916897651774 '700105749.may1'
3127 2232 25 1685 42248 0.0691 0.045 0.748488890201 0.754402150759 1.34935879395 0.620255891159 '700109356.may1'
3128 740 44 397 22020 0.0764 0.0288 0.859779255873 0.866071861035 1.42479677108 -0.711325170429 '700095575.may1'
3131 3128 35 1260 26582 0.089 0.0344 0.649372493866 0.821116830023 1.39592387698 0.757676279331 '700109973.may1'
3136 6704 11 6594 4410 0.094 0.1018 0.584992690152 0.584053977024 1.34581800802 0.920800273446 '700105996.may1'
3142 4069 11 4003 3088 0.0939 0.1036 0.585007515505 0.583785465635 1.36022711211 0.777539791965 '700110413.may1'
3145 20100 40 19198 49538 0.0274 0.0297 0.850158878552 0.848310449268 1.38594903365 0.837066884518 '700037165.may1'
3152 1804 11 1421 2524 0.1384 0.1049 0.555579326934 0.583605148169 1.36892691381 0.911527795561 '700105001.may1'
3154 71 11 27 245 0.4454 0.135 0.487686877478 0.577618223969 1.51206075954 -0.13862739197 '700024760.may1'
3155 1395 24 1048 42876 0.0731 0.0467 0.743873311024 0.746203481836 1.34524795336 0.0400218135598 '700106695.may1'
3159 5606 20 2578 57026 0.157 0.0545 0.550860343918 0.709464570858 1.32077054698 0.845817372851 '700111196.may1'
3162 3088 21 2558 11159 0.0683 0.0559 0.711714870643 0.718290382033 1.37892069231 0.86158218354 '700099268.may1'
3164 3094 28 1831 46432 0.0909 0.0406 0.724636940298 0.777185756818 1.35649210159 0.745926926298 '700105854.may1'
3170 1898 30 1071 18367 0.0881 0.0401 0.717564407116 0.790080218218 1.39516993752 0.761170729601 '700032972.may1'
3176 20278 17 19230 24384 0.0653 0.0648 0.675999157376 0.675946230004 1.33112537213 0.899941474812 '700037838.may1'
3179 8027 27 7516 10942 0.0422 0.0453 0.77015952681 0.768463411682 1.40529460132 0.831727626307 '700038940.may1'
3186 2311 31 1060 27783 0.0878 0.0381 0.65738230378 0.797063597738 1.38299993982 0.641276807545 '700023904.may1'
3190 2421 29 1944 6082 0.0528 0.0448 0.779386613243 0.781531449737 1.43886281284 0.863423757352 '700095699.may1'
3192 5072 29 3270 16970 0.0715 0.0415 0.720330600746 0.783246357197 1.39491195752 0.889209388542 '700098417.may1'
3197 3146 16 2973 2926 0.0699 0.0764 0.663493595126 0.661617835653 1.40662982115 0.894253576227 '700097897.may1'
3198 2448 20 1419 9687 0.1216 0.0587 0.617544368746 0.708319503653 1.3794179358 0.816472490449 '700106079.may1'
3200 1789 12 1631 2563 0.0999 0.0976 0.601785099301 0.602026112838 1.37865971301 0.933457093501 '700105848.may1'
3203 6419 20 6343 1284 0.0512 0.0704 0.710071019676 0.704170522413 1.47945713843 0.705492026491 '700024880.may1'
3220 100 16 15 886 0.7118 0.0868 0.212766337261 0.658723952623 1.47324363442 -2.93608914049 '700103674.may1'
3228 4086 17 3974 3123 0.0622 0.0724 0.676658975137 0.674000953736 1.41061503394 0.808405490662 '700106518.may1'
3229 6841 23 6687 3344 0.0455 0.0568 0.738508750839 0.734500236058 1.44243211207 0.7098420835 '700023861.may1'
3230 378 23 237 3058 0.1077 0.0573 0.731644957053 0.734274720656 1.44705622161 0.0907249354984 '700107924.may1'
3234 410 27 278 1593 0.0789 0.0554 0.764009061203 0.763452095437 1.50446568637 0.277893696099 '700112036.may1'
3240 4291 40 2489 21254 0.0602 0.0312 0.764072480947 0.847217508163 1.41713108339 0.854109069158 '700096465.may1'
3253 9365 32 9113 15399 0.033 0.0384 0.805348991832 0.802636415219 1.40839064893 0.44015341828 '700023531.may1'
3255 1977 16 1835 4873 0.0725 0.0737 0.663823123665 0.662310444253 1.38359002714 0.744769407488 '700109017.may1'
3259 3098 23 2656 14978 0.0586 0.0508 0.733555063237 0.736854225037 1.37689132175 0.767768112663 '700098719.may1'
3261 3332 15 3019 7077 0.0809 0.0762 0.649004945219 0.649441223969 1.36144435687 0.928096090309 '700095400.may1'
3263 2216 22 1911 28150 0.0609 0.0513 0.728521834955 0.728419340617 1.35066061312 0.441809165233 '700111282.may1'
3266 104 13 44 357 0.318 0.114 0.521818985868 0.61354701688 1.50824951786 0.274769576462 '700107091.may1'
3286 132 21 30 877 0.449 0.072 0.524520310852 0.712168141926 1.51133051323 -0.738741377667 '700105858.may1'
3297 6171 20 4476 10486 0.0886 0.0584 0.675355509285 0.708397737595 1.37634192576 0.881563439604 '700110207.may1'
3300 7714 21 7000 30880 0.0576 0.0532 0.718393107123 0.719077817777 1.34338537874 0.868631359239 '700024513.may1'
3303 4707 25 3246 39056 0.0772 0.0452 0.714963721268 0.754353278078 1.35183376738 0.815568829175 '700105719.may1'
3307 141 11 24 3568 0.7429 0.1029 0.0337523810773 0.58389376554 1.35424101467 -4.90715481216 '700024617.may1'
3319 3631 95 2558 7689 0.0206 0.0182 1.00870113352 1.01244682729 1.55362885333 0.629692588118 '700107808.may1'
3323 260 20 40 15928 0.6101 0.0572 0.347120940007 0.708768175992 1.36090108296 -4.27802150953 '700023995.may1'
3329 1992 17 1765 14552 0.0747 0.0661 0.675462741787 0.675659779258 1.34804237297 0.560271489869 '700106639.may1'
3331 8943 27 7981 42772 0.0463 0.0421 0.768565253607 0.769847485434 1.35585735147 0.837905651857 '700113537.may1'
3337 2607 63 939 51945 0.0594 0.0201 0.787834083116 0.938363456352 1.42430142758 0.530735131557 '700035563.may1'
3338 2934 20 2589 15574 0.064 0.0572 0.708800215647 0.708750890041 1.36169991702 0.819074631975 '700095457.may1'
3341 3431 30 2880 3490 0.0466 0.0462 0.783998486535 0.786716494379 1.47093227542 0.853301990794 '700101396.may1'
3342 2270 40 1951 9481 0.0338 0.0334 0.849090764389 0.845623151178 1.45198623609 0.464459738939 '700032370.may1'
3348 4420 24 1763 24915 0.1368 0.0478 0.566103477299 0.745838754042 1.36286231431 0.843779720452 '700034136.may1'
3352 1809 64 1105 50251 0.0409 0.0199 0.934222174697 0.941423825099 1.42693320227 0.16398978621 '700034889.may1'
3355 4019 22 3704 8002 0.0534 0.0548 0.728790656001 0.727228397344 1.39708240974 0.863268157852 '700109292.may1'
3359 1322 23 806 16141 0.108 0.0506 0.701786504667 0.736927281114 1.37412838229 0.676298076677 '700110177.may1'
3365 3313 27 3024 12696 0.0444 0.0448 0.770681614069 0.768673848982 1.39924505264 0.702847744023 '700034071.may1'
3382 15041 36 14792 7423 0.0287 0.0371 0.829104535079 0.824406101146 1.45254368142 0.701291036702 '700023100.may1'
3383 3770 14 3263 4861 0.0942 0.0825 0.629741802082 0.634860136593 1.36885813705 0.9263738362 '700097956.may1'
3390 12810 28 10556 18334 0.0513 0.0425 0.765771482892 0.776358917405 1.38855869207 0.904095903756 '700106920.may1'
3406 3909 15 2198 8296 0.1489 0.0756 0.524516990657 0.649568837172 1.35542067402 0.877769925378 '700109368.may1'
3412 6057 24 2491 49464 0.1324 0.0464 0.546755534272 0.746281651192 1.34089116366 0.855369866578 '700096923.may1'
3418 8560 13 5399 23676 0.1468 0.0826 0.512071173042 0.62026448059 1.30672604096 0.89617225406 '700101562.may1'
3423 169 20 30 2409 0.555 0.0653 0.360629779256 0.706019616143 1.44306151025 -1.25842936524 '700106617.may1'
3426 115 14 21 1254 0.6483 0.0915 0.239730416649 0.632767336173 1.43423949148 -1.92336136931 '700105741.may1'
3430 3356 15 2788 15584 0.095 0.0736 0.642296971908 0.649956244399 1.33339363943 0.91865021795 '700101550.may1'
3437 9940 17 9618 33627 0.0628 0.0641 0.676598774668 0.67608123476 1.32140132981 0.796183528837 '700033791.may1'
3493 414 35 64 11446 0.359 0.0365 0.486107045264 0.819822451566 1.42978077408 -0.300308525867 '700105648.may1'
3494 1642 16 1077 16324 0.133 0.0694 0.623034169279 0.663295483463 1.33819618103 0.820257629486 '700095579.may1'
3501 349 41 63 11802 0.4094 0.0321 0.675944009915 0.850959841603 1.44446435777 -1.79906179384 '700096414.may1'
3507 3145 26 1322 51460 0.1138 0.0432 0.611356209579 0.762395734168 1.3467467231 0.785994964964 '700095709.may1'
3521 1587 11 1523 868 0.0987 0.114 0.584794268913 0.581989014584 1.42303531399 0.914045596395 '700111501.may1'
3523 1252 14 687 8454 0.1846 0.0802 0.528592964774 0.635298976699 1.34750363696 0.841621450103 '700109770.may1'
3525 580 33 259 14153 0.1317 0.0377 0.756176037146 0.808589916758 1.41486971683 -0.191506654308 '700024758.may1'
3526 2064 30 1486 28435 0.0619 0.0391 0.774164303177 0.790560099945 1.37912958646 0.609992695109 '700100057.may1'
3529 1817 49 1381 19244 0.0351 0.0267 0.888480130001 0.886993516407 1.44069703572 0.341904000878 '700107429.may1'
3530 3018 20 2158 15221 0.093 0.0573 0.68558874856 0.708732573305 1.3625175979 0.904316818092 '700114189.may1'
3534 361 15 194 708 0.1633 0.093 0.529606288129 0.64510213065 1.47920206429 0.774380515265 '700033412.may1'
3537 2551 37 956 31481 0.1101 0.0325 0.640039936324 0.832338134057 1.39487518662 0.753174512937 '700106976.may1'
3542 1005 36 590 27483 0.0772 0.0335 0.811811184856 0.826741996539 1.39731989829 0.0248725507101 '700095884.may1'
3548 466 15 186 9502 0.2593 0.0751 0.494077409936 0.6496677109 1.35043895728 0.245383299284 '700032266.may1'
3558 24109 26 22863 42783 0.0427 0.0435 0.762511814816 0.762283143182 1.35247324 0.834452650898 '700037379.may1'
3563 4254 12 3947 7944 0.0965 0.092 0.601811388584 0.602928809574 1.33355146915 0.937484542088 '700024268.may1'
3565 16394 16 15839 6787 0.0669 0.0723 0.663814052243 0.662661135812 1.36997409158 0.917315125093 '700037918.may1'
3567 1797 19 744 26219 0.213 0.0585 0.541857834292 0.698689360129 1.33928033798 0.75921320707 '700035212.may1'
3591 2722 28 2476 2853 0.043 0.0499 0.776940438919 0.772645150998 1.47399720934 0.798415936425 '700111491.may1'
3603 8987 26 8712 8023 0.0409 0.0478 0.763333304192 0.760496281669 1.4145613189 0.807665111215 '700114882.may1'
3607 5363 53 4728 54950 0.0242 0.0232 0.905829691156 0.904232774866 1.4070791144 0.202635652003 '700113154.may1'
3610 1070 14 582 23936 0.2038 0.0772 0.564262801956 0.635797743325 1.31339640543 0.595493363534 '700111063.may1'
3619 14244 27 13992 11748 0.0384 0.0451 0.771048469756 0.768566564539 1.40237833029 0.737400214622 '700038942.may1'
3621 2529 39 1735 36470 0.0517 0.0308 0.820152078631 0.84294908866 1.39438074363 0.629252341776 '700034657.may1'
3629 5664 47 4807 54269 0.0294 0.0257 0.880299213873 0.880407103278 1.39699547451 0.64923211674 '700099609.may1'
3632 3214 64 2242 38223 0.0311 0.0203 0.92825910561 0.940931780771 1.43749811336 0.404373257246 '700097533.may1'
3637 3893 15 1851 38164 0.1907 0.0716 0.498578214537 0.650298530573 1.30642378288 0.823898558894 '700110474.may1'
3652 6223 12 5812 24547 0.0953 0.0888 0.602440043089 0.603343863197 1.29815555364 0.882425238652 '700023804.may1'
3656 893 40 457 20029 0.0896 0.0314 0.825439780657 0.847120667429 1.41951002809 0.309670109963 '700033716.may1'
3664 2703 36 1195 46335 0.1045 0.0326 0.703188271897 0.827308660852 1.37888064632 0.777915325874 '700114777.may1'
3669 1811 21 1441 11180 0.0742 0.0558 0.713851144584 0.718291526519 1.378847109 0.816710527474 '700107852.may1'
3670 9112 18 8911 14287 0.0581 0.0629 0.688450326977 0.687313789932 1.35434448946 0.790106856389 '700016502.may1'
3676 1592 11 772 9870 0.2822 0.0986 0.436291875565 0.584469016867 1.3171486386 0.737467864737 '700024056.may1'
3678 3088 12 2903 3837 0.0941 0.0952 0.6029230829 0.602435153227 1.36122954094 0.951643166503 '700035206.may1'
3689 1679 20 1122 6900 0.0971 0.0599 0.647397506165 0.70792175226 1.39318566305 0.793315373405 '700035687.may1'
3691 1147 30 714 47136 0.0831 0.0382 0.778903728023 0.790990302107 1.36213410242 -0.0173679583996 '700024582.may1'
3693 3485 12 2787 25741 0.1246 0.0887 0.580629392463 0.603354796981 1.29682956184 0.771146747569 '700033605.may1'
3699 6972 11 6687 3710 0.0987 0.1027 0.584515911489 0.583924424541 1.35265888069 0.943432872434 '700107866.may1'
3703 10897 35 10322 47845 0.0318 0.0333 0.823294467923 0.821733018979 1.37530897006 0.712591452856 '700097283.may1'
3706 578 53 207 29056 0.1339 0.0242 0.884749657871 0.903235488472 1.43113363602 -2.35618955109 '700034826.may1'
3713 6124 13 5864 7998 0.0838 0.0857 0.620191248925 0.619798534251 1.34173452763 0.927770328924 '700099504.may1'
3714 1329 16 577 9843 0.1949 0.0709 0.498299628845 0.662971132942 1.3558092007 0.798556494214 '700113103.may1'
3733 7852 11 7781 2235 0.0926 0.1056 0.585008583823 0.583462489212 1.37437768517 0.897028353451 '700114456.may1'
3735 7745 13 7699 1028 0.0778 0.0991 0.620700159379 0.617115719324 1.43585847458 0.769760057216 '700113578.may1'
3737 174 12 92 1067 0.2506 0.1046 0.539565360374 0.600697587459 1.42301759276 0.0201818345101 '700106974.may1'
3738 3096 13 2744 54672 0.0976 0.081 0.619481718095 0.620452029943 1.28427726115 0.562155437817 '700098238.may1'
3742 442 24 233 5149 0.1371 0.0528 0.713719738394 0.74383417407 1.42603211915 0.307736809651 '700023198.may1'
3750 1924 19 597 25184 0.2375 0.0586 0.437556765503 0.698668452687 1.34056236065 0.751454786008 '700111869.may1'
3770 6896 22 6291 23726 0.0544 0.0516 0.727683733535 0.728304209456 1.35632054016 0.866479781377 '700110205.may1'
3780 10343 22 10092 7309 0.0477 0.0552 0.729402287632 0.727101304228 1.40090803819 0.751074437878 '700108280.may1'
3781 7250 21 6915 5151 0.0523 0.0588 0.719669121225 0.717276508628 1.41126112288 0.915596712749 '700024159.may1'
3790 5775 18 2905 8463 0.1455 0.0646 0.533080864227 0.686870890228 1.37375514005 0.842908188501 '700107238.may1'
3791 4544 21 4370 9014 0.0515 0.0565 0.719995587553 0.71804953863 1.38733203595 0.648488137622 '700098159.may1'
3794 216 31 47 2165 0.3691 0.048 0.609061633719 0.791377764764 1.50245170994 -0.581061207489 '700101343.may1'
3797 585 45 283 7545 0.0894 0.0312 0.852833285169 0.867977043902 1.47542763671 0.0261450924272 '700108890.may1'
3801 3514 53 2201 14925 0.044 0.0256 0.863174620003 0.901796507303 1.45953282724 0.798784691056 '700096566.may1'
3806 3588 12 2370 38511 0.1569 0.0879 0.517697327274 0.603438039085 1.2860429384 0.707420987861 '700110738.may1'
3813 1333 41 334 46509 0.1767 0.0291 0.596127640668 0.853143543781 1.39030530662 0.555928742906 '700103710.may1'
3816 7630 22 7529 1090 0.0467 0.0676 0.729505090796 0.72212671084 1.50271157464 0.785724159298 '700100649.may1'
3824 5669 15 5415 7406 0.073 0.076 0.650435819297 0.649482181938 1.3597039319 0.944945054931 '700110036.may1'
3833 1210 18 925 9864 0.0931 0.0641 0.679193051696 0.687014751056 1.36786150157 0.661989097699 '700106542.may1'
3843 1842 20 732 13600 0.1599 0.0576 0.508328090957 0.708639635042 1.36658662862 0.799427654273 '700097625.may1'
3845 5116 19 3756 17285 0.0921 0.0595 0.670129004386 0.698437438249 1.35303594495 0.910903269617 '700107593.may1'
3849 8637 28 7849 10182 0.043 0.0442 0.774867221037 0.775565622755 1.41202633336 0.808583228378 '700100647.may1'
3853 4868 81 4036 46221 0.0179 0.0165 0.989829634765 0.987810748199 1.45105604743 0.165257667477 '700024681.may1'
3865 4051 13 3874 9136 0.0841 0.0853 0.62055192006 0.619873392874 1.33701819005 0.863845860607 '700098161.may1'
3869 804 12 311 15627 0.2945 0.0899 0.390376321434 0.60321433141 1.31138005963 0.528029557534 '700032187.may1'
3884 4842 18 4743 1733 0.0579 0.0733 0.688442859379 0.684251810412 1.44815433491 0.826615909836 '700097623.may1'
3894 3562 60 2857 8787 0.0254 0.0247 0.921150490489 0.924351388451 1.4979001047 0.583207512059 '700110277.may1'
3895 4915 16 4796 3379 0.0656 0.0757 0.664109949643 0.661824636021 1.39984930204 0.846367671906 '700106516.may1'
3897 3108 25 2582 3856 0.0564 0.0526 0.741615769737 0.751286211252 1.44474407435 0.790025293889 '700095878.may1'
3917 4326 16 4034 23155 0.0718 0.0685 0.663483080592 0.663464833689 1.32701087447 0.72599969456 '700098729.may1'
3927 4645 12 4322 22227 0.0961 0.089 0.602854850541 0.603318078432 1.30096626108 0.834263729462 '700102346.may1'
3935 4074 14 3170 24067 0.1128 0.0772 0.614003341467 0.635800487619 1.31323484656 0.911017543021 '700107433.may1'
3938 5418 11 5155 3204 0.1003 0.1035 0.584126941428 0.583807867349 1.35867852514 0.950713791037 '700037276.may1'
3939 4631 19 2326 7131 0.1141 0.0624 0.553559053482 0.697630018192 1.38633861722 0.869097575123 '700109971.may1'
3940 1791 15 1099 12916 0.1496 0.0742 0.573455211493 0.649856467655 1.33966335838 0.723581795492 '700105396.may1'
3941 3010 35 2169 21341 0.0533 0.0349 0.807720554611 0.820832888533 1.40422192839 0.747205952728 '700113533.may1'
3947 280 16 123 6390 0.2684 0.0725 0.603272026435 0.662603403072 1.37238230983 -0.886375757368 '700105656.may1'
3952 120 12 41 725 0.4335 0.1088 0.421815686738 0.59971054602 1.44606232001 0.0411827416565 '700105598.may1'
3960 139 14 49 651 0.3116 0.0988 0.474228457815 0.630968340071 1.47500864839 0.175151354578 '700035210.may1'
3963 463 43 51 30362 0.4533 0.0287 0.508324179299 0.86203945977 1.41007139163 -1.63487498218 '700023662.may1'
3967 1363 49 1019 15696 0.0363 0.0271 0.889541621044 0.886550268162 1.44953163795 -0.0512750287098 '700102407.may1'
3985 6483 16 6271 6593 0.0668 0.0724 0.66401904868 0.662627764799 1.37113105486 0.909325498156 '700102173.may1'
3989 5501 20 5107 16448 0.0579 0.0571 0.709266612774 0.708793492363 1.35976690059 0.876844404446 '700110034.may1'
3990 7659 18 7476 7369 0.0583 0.0651 0.688431285861 0.686728079796 1.37925161924 0.838904007745 '700034128.may1'
3997 580 11 446 1622 0.1474 0.1081 0.564460165053 0.583064338305 1.38955446488 0.858544123332 '700035361.may1'
3999 4889 32 3372 8289 0.0571 0.0403 0.744114106037 0.8015521724 1.43493479997 0.814489050404 '700108886.may1'
4003 350 29 169 2921 0.1352 0.0484 0.754541011244 0.779544197044 1.47681436329 0.185687696174 '700033551.may1'
4005 3445 11 3363 3942 0.0954 0.1024 0.584971917352 0.583976301752 1.35023127642 0.797877201432 '700100069.may1'
4006 2339 13 2130 1969 0.0923 0.0931 0.61791033803 0.61839159421 1.40088685227 0.937810869217 '700107087.may1'
4012 1063 17 813 29802 0.0993 0.0644 0.672751661896 0.676033654457 1.32498710782 -0.145000076662 '700021880.may1'
4019 2736 18 2357 1496 0.0734 0.0745 0.67833248167 0.683833791912 1.45659637312 0.844496346583 '700096153.may1'
4030 2322 14 1941 43779 0.1014 0.076 0.633275266225 0.635964781554 1.29651883471 0.526774047215 '700097396.may1'
4038 9088 37 3777 24970 0.0808 0.033 0.660037808177 0.83204610381 1.40347889737 0.902504160105 '700015677.may1'
4041 5531 29 4442 43557 0.0527 0.0395 0.778058584723 0.784158737452 1.36166026966 0.837964485634 '700105994.may1'
4050 1347 34 626 20580 0.1035 0.0358 0.708673913458 0.815045500376 1.4028528449 0.641242806509 '700015944.may1'
4053 3113 17 2814 4759 0.0715 0.0702 0.67341404839 0.674627455907 1.39135395755 0.863609173108 '700034956.may1'
4058 88 22 16 345 0.6263 0.0846 0.564971830525 0.715165456242 1.59402373186 -2.26680839496 '700033489.may1'
4059 246 16 110 1604 0.2459 0.0808 0.570108864876 0.660441347928 1.43764033864 0.514785026224 '700101548.may1'
4061 22001 12 21578 10322 0.0866 0.0911 0.603542767252 0.603055103032 1.3246065871 0.941734148402 '700108594.may1'
4062 7606 26 7329 12474 0.0414 0.0463 0.763362760274 0.761142146474 1.39615582494 0.771246606293 '700095275.may1'
4065 2684 26 1239 55961 0.1296 0.043 0.634158863308 0.762443006003 1.3442072618 0.780986980726 '700101952.may1'
4083 2062 18 1509 5761 0.0955 0.0661 0.649058899529 0.686447050289 1.38943025057 0.87381782924 '700108076.may1'
4084 5862 12 5813 895 0.0847 0.1066 0.603692538186 0.600270301234 1.43319767917 0.814630612825 '700105179.may1'
4096 4151 11 3550 4618 0.1213 0.1016 0.571753947489 0.58407962795 1.34403727908 0.90119759348 '700107236.may1'
4105 4057 16 3858 11360 0.0691 0.0705 0.663969257442 0.663075396735 1.35063680631 0.779646889537 '700098661.may1'
4108 2253 11 2046 4273 0.1096 0.102 0.581828615517 0.584036422667 1.34704637269 0.901840644568 '700098317.may1'
4110 3008 21 1876 10580 0.0945 0.056 0.621343582572 0.718231022893 1.38098635786 0.658727092866 '700035685.may1'
4128 676 34 135 37119 0.2801 0.0346 0.525649530659 0.815729095252 1.38131536251 -0.149943925929 '700110860.may1'
4129 1301 22 832 10181 0.1038 0.054 0.697975269052 0.72752590926 1.3872669099 0.809116987573 '700110023.may1'
4134 239 14 163 1223 0.1497 0.0916 0.630304138593 0.632742016403 1.43565706051 0.193425191312 '700103456.may1'
4137 3131 21 1882 11880 0.1001 0.0556 0.61731295855 0.718352940538 1.37652355669 0.886335894968 '700101327.may1'
4152 2507 24 1418 35383 0.1026 0.047 0.654117979987 0.746087088245 1.3512807292 0.776150346442 '700099099.may1'
4154 402 20 128 17209 0.3237 0.0569 0.561554479131 0.708827973568 1.35818213893 -0.651052608876 '700106673.may1'
4158 6086 15 5742 45536 0.0748 0.0713 0.650381851999 0.650344916715 1.30161379241 0.678644927718 '700024766.may1'
4168 3359 15 3181 1372 0.0742 0.0862 0.650145971661 0.647010111511 1.43810235255 0.893700736232 '700096208.may1'
4201 1679 35 1073 44590 0.0678 0.0335 0.81034911262 0.821668513144 1.37766579895 0.496998327332 '700035615.may1'
4209 1781 17 1503 12432 0.082 0.0666 0.673731477082 0.675555188378 1.35355316394 0.717435329884 '700111524.may1'
4216 5249 21 4788 15913 0.057 0.0548 0.718200296907 0.71861978031 1.3657223312 0.853211668024 '700110796.may1'
4217 8298 36 8078 6539 0.0293 0.0376 0.829095702266 0.824085175929 1.45872158756 0.575253217942 '700106908.may1'
4223 5469 70 4558 27631 0.0204 0.0194 0.958731255529 0.957877561775 1.45908278068 0.544931513556 '700095406.may1'
4230 118 11 62 484 0.2918 0.1218 0.550814953155 0.580591181453 1.46005925193 0.32423693153 '700108584.may1'
4235 302 14 111 3459 0.2849 0.0842 0.439089043981 0.634493255489 1.38334532423 0.143324511579 '700096692.may1'
4237 5347 52 3673 13497 0.0368 0.0263 0.855566695498 0.897818147552 1.46224668988 0.766919499301 '700098411.may1'
4241 5656 39 5386 7510 0.0283 0.0349 0.845152515619 0.840078246818 1.46047156818 0.608507160351 '700097968.may1'
4244 8263 24 7815 16379 0.0465 0.0488 0.746732522572 0.745469578786 1.37775899136 0.834241897028 '700033495.may1'
4257 2657 22 1009 31817 0.1534 0.051 0.510895158434 0.728495511037 1.34671606488 0.735793983865 '700024831.may1'
4263 199 17 121 585 0.1504 0.0882 0.657576636547 0.66906300462 1.51075124931 0.559857741042 '700105169.may1'
4264 5916 30 5307 33428 0.0413 0.0388 0.791280273494 0.790710740158 1.37351841025 0.79468312029 '700110808.may1'
4276 4843 22 4683 3296 0.0486 0.0589 0.729404598771 0.725674303138 1.43800882032 0.761570005249 '700038318.may1'
4280 501 29 144 39297 0.2852 0.0396 0.658041933482 0.78408098812 1.36501586324 -1.50803040799 '700033975.may1'
4286 542 39 235 8698 0.121 0.0343 0.800773754219 0.840457005855 1.4534086104 0.0801087706688 '700016321.may1'
4298 4025 12 3927 4457 0.0875 0.0944 0.603659761244 0.602555952657 1.35516671881 0.830382949817 '700098731.may1'
4302 449 33 69 47439 0.4818 0.0351 0.535548339611 0.810009112965 1.37037631563 -2.52809332258 '700114068.may1'
4310 4984 24 4622 4394 0.0483 0.0536 0.745697932236 0.743518554264 1.43362385153 0.884444812289 '700108646.may1'
4313 4182 22 3674 8591 0.0585 0.0546 0.726154410231 0.727320669619 1.39413697861 0.845242055516 '700099265.may1'
4314 2532 27 2104 46056 0.0534 0.0419 0.768913385348 0.769896846502 1.3535181937 0.364821299724 '700109290.may1'
4316 4376 14 3987 17898 0.0857 0.0779 0.634583397446 0.635690255477 1.32222888347 0.89034713329 '700114041.may1'
4317 1433 48 988 11311 0.0431 0.0285 0.880030395707 0.88171193001 1.46241281442 0.590695543495 '700033783.may1'
4322 1524 12 1040 5661 0.1622 0.0933 0.556734719855 0.602731301767 1.34588960347 0.902529196867 '700107850.may1'
4335 1564 35 903 35900 0.0805 0.0338 0.795322647031 0.821455855653 1.3851081701 0.468466815516 '700023533.may1'
4336 210 37 36 1820 0.4263 0.0438 0.615199670461 0.824444212448 1.53546466524 -0.859099487463 '700111352.may1'
4339 1793 42 1435 15159 0.037 0.0308 0.858569300712 0.856220866345 1.43585855528 0.373065502046 '700037840.may1'
4340 5035 20 3764 12301 0.0823 0.0579 0.66983847794 0.708551091843 1.37029008998 0.900680216426 '700024701.may1'
4341 4330 51 2973 24282 0.039 0.0253 0.867317299164 0.895323819313 1.43480333326 0.711031648112 '700111346.may1'
4344 549 20 465 931 0.0695 0.0737 0.709246934843 0.702905629331 1.50049170195 0.581035121852 '700097893.may1'
4352 6587 61 3087 43887 0.0492 0.0209 0.799372628004 0.931703198262 1.4278090083 0.802305899473 '700037327.may1'
4354 3657 35 2956 16638 0.0431 0.0355 0.8154569886 0.820467966284 1.41406082434 0.694810840211 '700038358.may1'
4355 564 13 192 1936 0.2593 0.0932 0.361657933051 0.618355673769 1.40171438917 0.754340425528 '700105992.may1'
4359 2513 32 1653 18560 0.0649 0.038 0.756694198794 0.80289643048 1.40101363752 0.712087954278 '700096544.may1'
4360 3900 26 3069 8150 0.0598 0.0477 0.744109418543 0.760525108497 1.41387528041 0.891357351197 '700107979.may1'
4362 2998 12 2065 9200 0.1596 0.0915 0.556161231677 0.603000756781 1.32847745125 0.865244506734 '700097224.may1'
4365 2522 41 1080 24649 0.0775 0.0303 0.699683347173 0.852322776866 1.4136355051 0.66813536888 '700099781.may1'
4378 6693 17 6300 4107 0.0663 0.071 0.675881714939 0.674418084475 1.3978797788 0.898465406018 '700037836.may1'
4384 82 13 49 118 0.2057 0.1449 0.614335610926 0.605351575129 1.61502266368 0.43776408302 '700023319.may1'
4388 5518 22 5222 17086 0.0507 0.0524 0.729246542021 0.728048287325 1.36772245916 0.746955611352 '700113160.may1'
4389 3332 30 2725 40515 0.0494 0.0384 0.788635313223 0.790874018452 1.3670619485 0.670748231576 '700032264.may1'
4392 3889 38 3550 25984 0.0316 0.0322 0.839823218314 0.837377263732 1.40447173205 0.276905191638 '700023279.may1'
4394 4047 13 3879 3136 0.0837 0.0901 0.620350761641 0.619009310556 1.37909051124 0.936337161571 '700023918.may1'
4398 6382 21 5311 14619 0.0672 0.055 0.707895668229 0.71854750314 1.3687917487 0.944198151159 '700109912.may1'
4400 11015 24 9898 19001 0.0513 0.0484 0.743649501831 0.745610904353 1.3723477366 0.9134229692 '700037920.may1'
4404 10189 13 10047 3314 0.0791 0.0898 0.62065885959 0.619078632685 1.37665492037 0.917308875567 '700108282.may1'
4416 5175 15 4966 2067 0.0723 0.0827 0.650134650235 0.647896395961 1.4160498983 0.860538755099 '700111636.may1'
4417 3026 25 2313 9713 0.0651 0.0487 0.730723618996 0.752998405518 1.40233516618 0.818291269952 '700095880.may1'
4425 2604 16 1281 14023 0.1856 0.0698 0.521544243918 0.663207446472 1.34330026031 0.838646790234 '700102460.may1'
4436 3474 24 3195 5151 0.0491 0.0529 0.745908827678 0.743837389012 1.42600932205 0.821344835531 '700100587.may1'
4441 1854 12 1758 2303 0.0926 0.0981 0.603405191792 0.601908281382 1.38357345346 0.895229683766 '700095823.may1'
4444 863 14 751 2538 0.0938 0.0861 0.634058858867 0.63409190037 1.39755990311 0.715696419706 '700106042.may1'
4451 4075 32 3155 46517 0.0506 0.0361 0.790701291284 0.803859113192 1.36828965431 0.593925415631 '700024001.may1'
4458 3488 15 2925 4724 0.0932 0.078 0.642240262809 0.649054190802 1.37772268617 0.897086804761 '700024605.may1'
4462 2768 20 1097 28221 0.1633 0.0558 0.495944174554 0.709146998972 1.3417252643 0.795493499042 '700035551.may1'
4469 1451 21 1017 30495 0.0937 0.0532 0.705371913293 0.71907205865 1.34378211182 0.530928565236 '700110027.may1'
4472 2694 12 1395 30213 0.2144 0.0884 0.460873579546 0.603390577664 1.29244403316 0.820008226921 '700102098.may1'
4475 5106 12 4671 30444 0.0993 0.0883 0.602415153132 0.60339267248 1.29223889003 0.88141928642 '700110806.may1'
4484 1134 27 727 17597 0.0857 0.044 0.74909808974 0.769070406973 1.38657291942 0.567239663878 '700111849.may1'
4489 7994 12 7891 7443 0.0855 0.0923 0.603688140048 0.602892443212 1.33585428538 0.798609023235 '700106089.may1'
4498 4221 36 2535 6369 0.065 0.0377 0.75067118615 0.824004710341 1.46002556692 0.85657646098 '700096011.may1'
