2 436 81 35 5457 0.3958 0.0215 0.624901490808 0.979927500466 1.55697158607 -0.757059634733
19 850 82 233 25054 0.1233 0.0173 0.889339367557 0.988687826768 1.47819858177 -0.367570120894
24 1141 174 197 31378 0.1396 0.0095 1.02940733355 1.13712253499 1.53763172446 -0.811793051059
28 779 137 200 7605 0.0964 0.0143 1.05102311134 1.08260809099 1.59312955193 -0.671429169332
34 337 40 71 2991 0.2706 0.0384 0.605259931448 0.841781162551 1.51331857956 0.133241323368
59 202 15 81 4855 0.338 0.0779 0.60392968792 0.649080929616 1.37657447272 -2.85423618989
88 976 142 86 42159 0.3024 0.0107 0.772376874829 1.0983194432 1.50513813059 -0.97965742473
89 1062 83 158 21265 0.1571 0.0174 0.669347573345 0.990561573955 1.48685159784 0.277114279272
102 149 23 53 843 0.2756 0.0684 0.682988720556 0.729465087551 1.52666600322 -0.747382709383
109 38 12 7 72 0.7814 0.175 0.34744136762 0.584699926172 1.66201413862 -2.72184627232
139 648 118 95 7322 0.2203 0.0158 0.867446832181 1.05375588327 1.57961770024 -0.493154996191
177 924 98 185 12586 0.1142 0.0164 0.80100980768 1.02093731072 1.52927785039 0.0118309606967
194 360 34 134 2167 0.1382 0.0451 0.689597120168 0.809173476991 1.51368924392 0.139324942259
212 988 133 183 39514 0.1671 0.0113 1.00292565639 1.08518629878 1.50218188496 -0.922857211031
247 1117 161 211 20597 0.1089 0.0107 0.964697444588 1.11988319767 1.55189952772 -0.566539705324
248 875 81 211 34540 0.1504 0.0169 0.860168361071 0.987133267229 1.46305404397 -0.446924954698
259 855 117 116 21939 0.1884 0.0134 0.821208310516 1.05783731927 1.51813258804 -0.692746334165
270 983 75 259 24715 0.1124 0.0186 0.813844130186 0.971139955628 1.4704054077 0.067785310942
283 932 79 154 22154 0.1627 0.018 0.716082951952 0.981018017339 1.48025056143 0.17043639519
317 878 98 113 23892 0.188 0.0151 0.74557997293 1.02347492159 1.49719630065 -0.222523549523
318 978 152 245 12137 0.0867 0.0122 1.04766389621 1.10570419291 1.57559923886 -0.428865229496
323 1200 164 156 31078 0.1458 0.0099 0.872683709735 1.12545872896 1.53264557037 -0.516986729131
348 818 121 135 17833 0.1984 0.0134 0.919212372116 1.06350868151 1.53184728766 -0.482619439437
350 1432 28 781 44530 0.0989 0.0407 0.699046386498 0.777156054757 1.35782074422 0.189856446128
391 948 70 254 14370 0.1154 0.0207 0.783955921881 0.956025552869 1.48888582922 0.413928095433
393 898 136 170 19176 0.1489 0.0122 0.980907544389 1.08662007387 1.53940512163 -0.727208000104
404 997 125 109 39989 0.2362 0.0118 0.755719176097 1.07300439801 1.49604841167 -0.629173505851
411 1122 143 218 37537 0.1309 0.0108 0.977182461829 1.09928079617 1.51109374269 -0.619654905668
419 852 120 147 15972 0.1685 0.0137 0.88090282722 1.06138079419 1.53679510017 -0.351651197766
426 783 136 107 18349 0.2461 0.0123 0.945638471388 1.08640820171 1.54171249459 -1.19280209793
430 978 140 64 35764 0.3054 0.011 0.676929471257 1.09492853668 1.51141542517 -0.703835253475
432 967 99 157 20548 0.167 0.0153 0.754812219308 1.02492633943 1.50536274168 0.116384569283
436 883 150 156 15488 0.1595 0.0118 1.01521587323 1.10458071236 1.5604409836 -0.753066988749
439 706 122 42 21316 0.4696 0.013 0.585112706485 1.06588997031 1.52356068293 -1.36581957531
446 904 99 173 22872 0.1465 0.0151 0.82057574661 1.02530990553 1.5002210312 -0.326306335705
458 653 109 67 14261 0.3366 0.015 0.746016299336 1.04216733584 1.53328271693 -0.893684149314
464 795 119 216 16168 0.1031 0.0138 1.04435334798 1.05980702093 1.53532974214 -1.09050584295
471 848 107 106 15683 0.1867 0.015 0.745571415022 1.0389948926 1.5264650636 -0.12116606772
472 1022 94 243 31102 0.1291 0.0152 0.875643280811 1.01613346342 1.48125740857 -0.0428678208687
484 942 123 139 22518 0.1878 0.0129 0.82851442292 1.06772031467 1.52160439568 -0.279585172207
485 865 113 122 19518 0.2024 0.0139 0.795838029293 1.05055718339 1.52061979036 -0.248170175106
491 927 146 109 20057 0.1949 0.0115 0.846274481151 1.10067535015 1.5439013014 -0.768494644937
496 783 111 131 9352 0.1398 0.0158 0.840260783808 1.04350981643 1.55853061602 -0.175371767492
503 394 42 127 3504 0.158 0.0362 0.737477173368 0.851840109421 1.50956718445 0.0869969826677
504 675 81 178 11227 0.1189 0.0192 0.865319256773 0.983485550252 1.51603501591 -0.589556634344
507 557 17 138 43421 0.4 0.0636 0.369879795053 0.676171380661 1.31406671779 -0.687204395727
513 309 35 95 2332 0.2196 0.0437 0.707379911067 0.81501609333 1.51261848819 0.296702335286
533 920 153 147 26876 0.1855 0.0107 1.01944847139 1.11119573794 1.53338933841 -1.47949861329
539 908 126 153 29284 0.1793 0.0122 0.923840275272 1.07347851473 1.51112508623 -0.946279914221
557 729 117 106 15656 0.2362 0.014 0.887730580873 1.05636343103 1.53535581892 -0.799081798163
560 1058 11 681 18253 0.1909 0.0969 0.522246264769 0.58466103707 1.2982826264 0.485870913343
561 498 82 37 11045 0.4322 0.0191 0.590564078135 0.985804692566 1.51814800987 -1.12746166559
573 755 107 107 20089 0.2348 0.0145 0.811021778748 1.0400232309 1.51393001889 -0.794237162306
591 892 113 212 20912 0.1234 0.0138 0.969990020396 1.05084345483 1.51718021439 -0.470487266936
598 613 98 71 14394 0.3504 0.0161 0.771621647646 1.02153292186 1.52222314168 -0.836094496022
600 919 16 654 13013 0.1195 0.0701 0.650875462793 0.663163980062 1.34586909645 0.474521990888
606 839 82 153 26729 0.1972 0.0172 0.779713998526 0.988871871204 1.47530471617 -0.0351762084377
609 458 80 52 6494 0.3311 0.021 0.701771531765 0.97850742582 1.54517413343 -0.896753453726
619 730 98 113 12244 0.1796 0.0165 0.803526839369 1.02081417785 1.53075300258 -0.248010724763
654 999 154 118 29135 0.213 0.0105 0.888641911173 1.11283078222 1.52999780787 -0.847070699063
670 341 40 120 2287 0.1603 0.04 0.765777611766 0.840499792136 1.53007345775 0.176146486806
690 945 72 278 34297 0.1238 0.0186 0.866556259896 0.963925170797 1.45259106964 -0.0921115354341
734 604 82 115 6812 0.1768 0.0205 0.776016338668 0.983501249285 1.5450235852 -0.0564472767238
761 563 49 197 8045 0.1242 0.0291 0.786256524123 0.884736101238 1.48118085881 -0.0749508023211
782 824 101 233 17784 0.1073 0.0153 0.986912067267 1.02828193933 1.51440984328 -0.436065042023
817 832 76 142 14736 0.1629 0.0194 0.723149569367 0.972140743684 1.49581473653 0.282825667242
854 794 15 327 28641 0.2865 0.0721 0.517397556231 0.650208927461 1.31457897562 0.278758499395
861 797 145 91 20721 0.304 0.0115 0.942922495318 1.09949163046 1.54154271889 -1.42880286419
868 993 64 298 33860 0.1129 0.0205 0.792638274341 0.940694389262 1.44234813034 -0.0971308637365
890 1282 165 157 43344 0.1658 0.0095 0.856732740662 1.12802327749 1.51732422927 -0.439333343983
904 884 124 120 16151 0.1983 0.0134 0.803446800546 1.0678136203 1.53942705407 -0.15620401227
918 737 65 151 14323 0.1717 0.022 0.715503521274 0.941560159808 1.48168269547 0.205430540608
930 751 84 139 19408 0.1953 0.0174 0.804169014458 0.99260806699 1.49229725836 -0.21096554097
932 1125 31 606 33833 0.1001 0.0377 0.75279985461 0.797255860351 1.37610313724 0.259882466759
939 516 99 156 3360 0.1018 0.0209 1.01423188284 1.01456256448 1.61170071653 -0.832718649492
945 712 101 107 11234 0.1727 0.0164 0.816548973889 1.02624593607 1.53847938809 -0.37614025904
953 1069 129 360 21078 0.0637 0.0125 1.06169340379 1.07674292145 1.52946469247 -0.497329434663
976 871 140 145 29628 0.193 0.0113 1.0177862986 1.09420157082 1.52033814059 -1.74778015211
987 1147 108 304 28658 0.0949 0.0138 0.918777237248 1.04314400239 1.49782169413 -0.129155828161
988 825 117 110 19121 0.2083 0.0136 0.829442426575 1.05725950031 1.52501411554 -0.450352054689
998 793 102 70 27516 0.3191 0.0144 0.659844889057 1.03179109274 1.49437822418 -0.445783828077
1000 861 75 194 17920 0.1398 0.0192 0.765818353614 0.970203611125 1.48509946944 0.0969436402779
1015 1169 97 218 36309 0.1444 0.0146 0.79943185549 1.02275638201 1.47734055012 0.197545644657
1044 1093 83 223 27138 0.1093 0.017 0.765285047584 0.991292446087 1.47576173552 -0.00879502825052
1054 936 143 129 20764 0.2013 0.0116 0.893797475466 1.09678940542 1.54010312944 -0.464331858324
1062 730 109 116 22632 0.2418 0.0141 0.922729846161 1.04410489906 1.50986718399 -1.15055059354
1063 1112 142 163 31469 0.1657 0.0111 0.858587770565 1.0972254326 1.518753565 -0.367628994797
1066 1055 161 249 26121 0.0979 0.0103 1.09072019729 1.12105262502 1.53959546292 -1.07991262759
1069 864 132 115 22204 0.2343 0.0122 0.875354008631 1.08146409856 1.52902864458 -0.71513556883
1072 1259 51 521 44235 0.0952 0.0243 0.819725576845 0.896318272753 1.41152676989 0.280248199007
1091 810 130 114 16122 0.2058 0.0129 0.878279867026 1.07699379046 1.54416785395 -0.691862047914
1096 765 115 138 18430 0.195 0.0139 0.960338035721 1.05373777671 1.52521633326 -0.772504429707
1097 829 50 301 30480 0.128 0.0253 0.829634786772 0.891829837847 1.42384882723 0.0295181323505
1106 844 129 116 26304 0.2486 0.0122 0.920643982466 1.07767257714 1.51847127259 -0.907113419098
1107 133 16 59 559 0.2632 0.0927 0.603443975561 0.656839746594 1.50521849214 0.0773725654354
1116 805 69 289 10057 0.0885 0.0219 0.867940992732 0.951954296083 1.50536653342 0.17656409291
1122 937 84 330 14776 0.0786 0.018 0.916933472325 0.991647652346 1.50559435126 -0.0545948674213
1123 713 84 148 6364 0.121 0.0204 0.807858896713 0.987755641744 1.55164274286 0.166571402238
1124 727 93 90 21500 0.2631 0.016 0.741842798899 1.01285821262 1.4972043994 -0.492527407039
1130 946 128 102 37923 0.2686 0.0117 0.786097958503 1.07749990794 1.50058035288 -0.737426840351
1134 943 145 76 37699 0.3256 0.0106 0.730026500755 1.10203213087 1.51215457297 -1.29582575335
1138 791 87 222 9384 0.1022 0.0187 0.877825878149 0.996522667999 1.53304735112 0.0897964777098
1139 756 147 117 13264 0.2105 0.0123 1.03150676281 1.09978225136 1.56712205523 -1.39973848288
1143 873 119 120 23290 0.205 0.0131 0.821080790188 1.06139212053 1.51680312625 -0.529047754449
1146 629 99 61 14659 0.3201 0.016 0.707003755591 1.02358194718 1.52228220001 -0.926181935019
1152 923 127 117 33623 0.2393 0.0119 0.837756161789 1.07553737743 1.50538023458 -0.783936938381
1167 332 57 41 2629 0.322 0.0309 0.60856876808 0.908644236674 1.5635893159 -0.246682170135
1168 804 119 149 24181 0.1859 0.0131 0.985172140537 1.06153724814 1.51496992094 -1.10311166637
