Site	N	S	NmaxObs	NmaxPred_geom	evennessObs	evennessPred_geom	skewnessObs	skewnessPred_geom	ll_geom	r2_geom	NmaxPred_mete	evennessPred_mete	skewnessPred_mete	p_mete	ll_mete	r2_mete	NmaxPred_lognorm	evennessPred_lognorm	skewnessPred_lognorm	mu_lognorm	sigma_lognorm	ll_lognorm	r2_lognorm	NmaxPred_zipf	evennessPred_zipf	skewnessPred_zipf	gamma_zif	ll_zipf	r2_zipf
9574	5237	1215	162	30.0	0.1608	0.5665	0.9239420487989999	0.473770145713	-2836.8061826	0.6410685331930001	56	0.3755	0.641530911494	0.9133710685259999	-2472.61650767	0.8681879370610001	447	0.0718	1.27182648467	-2.15173561125	2.16538177392	-2385.69933963	0.992724825922	6947	0.0051	1.49247204092	1.8332894088799998	-2407.77856817	0.90020745171
9626	23	21	2	2.0	0.9329999999999999	0.9329999999999999	0.574929519894	0.574929519894	-6.79510141306	1.0	2	0.9329999999999999	0.574929519894	0.164116673172	-6.85483340355	1.0	2	0.9329999999999999	0.574929519894	-1.6887967588100001	0.0105766196252	-6.7335442564	1.0	2	0.9329999999999999	0.574929519894	3.9590576965699995	-7.20546950272	1.0
9633	42	36	4	3.0	0.8167	0.875	0.699133081364	0.568171936991	-17.2248853681	0.814091539519	3	0.875	0.568171936991	0.259750925004	-16.832172092	0.814091539519	3	0.8809999999999999	0.6165979335	-5.21297716861	1.7836132636700002	-16.419854016800002	0.9726818478899999	4	0.8167	0.699133081364	3.54451891689	-16.4224257906	1.0
9634	82	62	9	4.0	0.5894	0.8093	0.8240912704019999	0.497756530694	-45.554000931800005	0.685746316604	4	0.8078	0.511624981993	0.414531998336	-43.2909971003	0.736226055468	6	0.7102	0.6726146574230001	-4.466608567340001	1.79399808129	-40.7349566879	0.9481803581559999	7	0.6656	0.728509953936	3.0380883992500003	-40.868145624899995	0.908337915054
9636	27	24	2	2.0	0.9205	0.9205	0.514253719196	0.514253719196	-9.41846658776	1.0	2	0.9205	0.514253719196	0.20635323971500003	-9.53394942587	1.0	2	0.9205	0.514253719196	-1.44724058288	0.06067658786780001	-9.29968197487	1.0	3	0.8679	0.6585355310450001	3.6577952597500003	-10.1165040948	0.48869290390500003
9639	36	33	2	2.0	0.9351	0.9351	0.585014913968	0.585014913968	-10.32609539	1.0	2	0.9351	0.585014913968	0.157658971846	-10.4118497676	1.0	2	0.9351	0.585014913968	-1.73512416558	0.00985669304042	-10.237837022699999	1.0	3	0.8926	0.7239271193469999	4.01176152447	-10.928264662	0.5078669200079999
9903	173	115	8	5.0	0.6038	0.7702	0.646996942699	0.452128110145	-110.346556475	0.752703173914	7	0.7053	0.569510041258	0.535980217159	-105.854258475	0.851904440754	12	0.5485	0.76737361874	-3.42453428187	1.72641871651	-103.852741208	0.988340849314	18	0.4055	0.849417767157	2.6335589599099998	-104.32896214	0.935345989958
9973	508	161	33	16.0	0.3047	0.5973	0.6760770825319999	0.46313997191100004	-317.262773966	0.732748105633	24	0.4494	0.585235074353	0.8620896264910001	-286.757931929	0.882943151011	90	0.1519	0.933295296464	-3.05028232708	2.2947546945400004	-280.85929406599996	0.9629322927959999	286	0.0492	1.0545303462	1.9376021249000002	-282.42637365900003	0.9151095825669999
10029	50	40	3	3.0	0.8446	0.8446	0.48681685778899997	0.48681685778899997	-25.020121176900002	1.0	3	0.8446	0.48681685778899997	0.350038535893	-25.161174169200002	1.0	3	0.8699	0.47656419071199996	-1.06329406486	0.470187515821	-25.0184502762	0.9616475900839999	6	0.6898	0.710456807684	3.03513620089	-26.425560398200002	0.775835621188
10036	88	61	9	5.0	0.5719	0.7594	0.738752372459	0.5014783673709999	-54.2547385774	0.739383264817	5	0.752	0.5180279078450001	0.49995516985699995	-51.757343966099995	0.8166529242370001	7	0.6662	0.659365194252	-3.5183891907800002	1.67780641717	-49.8838159233	0.961825873527	10	0.5433	0.7567058960590001	2.7535254028900003	-50.1807491822	0.9379242874079999
10043	22	21	2	2.0	0.9603	0.9603	0.720037614189	0.720037614189	-4.06796278169	1.0	2	0.9603	0.720037614189	0.08819551020860002	-4.08334947232	1.0	2	0.9603	0.720037614189	-2.39779499302	0.122281719447	-4.05285005758	1.0	2	0.9603	0.720037614189	4.7769857492000005	-4.2140626508	1.0
10073	34	29	2	3.0	0.9059999999999999	0.8666	0.43687074347800003	0.570370842386	-14.1974892052	0.675639560915	3	0.8666	0.570370842386	0.266641937196	-14.4556176432	0.675639560915	2	0.9159	0.491361693834	-1.14528676246	0.08207013791060001	-13.9299398303	0.7583333333329999	4	0.797	0.655124729059	3.31857280989	-15.5384375982	0.516666666667
10086	181	125	10	5.0	0.6025	0.7731	0.759061559525	0.478869542109	-111.969050815	0.791203943135	6	0.7322	0.554202030748	0.503280572593	-108.0635128	0.882786526646	9	0.6424	0.7087314157279999	-2.78718997483	1.47830668229	-105.96029151100001	0.984559797002	16	0.457	0.853522037098	2.7040112193700003	-107.030341022	0.9160569864589999
10087	32	21	6	4.0	0.6416	0.7756	0.5954161574660001	0.44570549405000004	-20.5917296966	0.8659919658670001	4	0.7502	0.43008708476999996	0.54643072933	-20.0680554516	0.931670891135	5	0.7040000000000001	0.54552111972	-2.12698377974	1.33808370063	-19.954204854300002	0.9930921193200001	7	0.5670000000000001	0.637172502579	2.55694067227	-20.3155299527	0.8952184226350001
10161	542	30	226	72.0	0.1468	0.5375	0.6773116539280001	0.39800393924500005	-115.97604331	0.230902925127	137	0.2684	0.576097972749	0.987551279366	-91.35954141549999	0.8132941074500001	392	0.087	0.7561907974400001	-4.55447863757	3.7717977009800006	-88.6612184468	0.971764740639	1050	0.0554	0.781468428159	1.54684494778	-89.02191329690001	0.947323965549
10168	5666	944	347	42.0	0.1056	0.5464	1.07400966374	0.47097800071199997	-2552.34325953	0.592333909479	86	0.327	0.65832523971	0.946001255249	-2191.27795933	0.8765571746549999	496	0.0751	1.20338309246	-1.3882359470299999	2.09924152535	-2120.36072468	0.996082918474	19898	0.0036	1.4625230764500001	1.72423401775	-2150.57160634	0.86542964425
10203	47	20	12	7.0	0.3744	0.6696	0.528028298429	0.37245114045500005	-32.0546964271	0.6006348547829999	9	0.5723	0.470198653783	0.781269021332	-28.450700302399998	0.737781036481	16	0.3187	0.6441576263009999	-11.3875808805	3.8123249091000004	-26.5092545179	0.935460115278	13	0.3901	0.6333326091579999	2.2028033151599997	-26.630784945300004	0.8831257642910001
10212	145	64	12	9.0	0.5016	0.6559	0.529720861284	0.45093763691600003	-99.5074937875	0.8112526026639999	12	0.54	0.546896462825	0.767974339426	-94.97376151430001	0.908796498357	20	0.3915	0.7021744857879999	-1.81209764155	1.66525886943	-95.3550110685	0.939036787772	55	0.1547	0.851118835516	2.07759267436	-96.5687612769	0.8490350397399999
10214	56	50	3	3.0	0.8959999999999999	0.8959999999999999	0.638019344452	0.638019344452	-19.0679875944	1.0	3	0.8959999999999999	0.638019344452	0.199510894716	-19.0027030492	1.0	3	0.8959999999999999	0.638019344452	-2.7447184725200002	0.960072007007	-19.037070781	1.0	3	0.8959999999999999	0.638019344452	3.7809468359699996	-19.362154984	1.0
10262	90	35	25	9.0	0.2697	0.6375	0.7267332422280001	0.40885355733900003	-60.1423629898	0.634426233126	12	0.5251	0.50708559032	0.810512788594	-52.9218986888	0.796908691824	29	0.2317	0.734431496955	-8.6104307145	3.3825861148799996	-49.4779810834	0.955876326393	25	0.2622	0.725413796459	2.13990522579	-49.5763438673	0.958155087238
10327	152	20	56	27.0	0.2349	0.5581	0.536712678988	0.383708084491	-59.1853399064	0.42664850785999997	41	0.3543	0.511249691519	0.9611553922299999	-48.3523771809	0.7965810899510001	120	0.1194	0.685406837653	-16.3274085945	5.586878689680001	-46.076082735	0.9343470331270001	106	0.1275	0.683372572336	1.7122560976199999	-46.305546447299996	0.936764313569
10343	3269	175	446	107.0	0.128	0.5196	0.812270831809	0.452662847513	-682.534298819	0.30032992684300003	252	0.2345	0.6700537033730001	0.988052721278	-548.686701346	0.864415142819	2285	0.0314	1.06482793169	-2.7308319039200004	3.2987497493099998	-537.7426920409999	0.974756019922	43615	0.0091	1.13965352754	1.52230065686	-541.4393364809999	0.872573055896
10496	2490	184	265	77.0	0.1059	0.5246	0.766315450218	0.450561785432	-656.366484241	0.210515917447	172	0.2558	0.65962075578	0.981918238096	-512.328696801	0.7735335857410001	1411	0.0315	1.07615999928	-4.54547696831	3.50331464833	-488.359096469	0.9845965710079999	8816	0.0115	1.14020306656	1.6148084117200001	-490.021038893	0.9407551178810001
10502	2338	224	613	61.0	0.0543	0.5302	1.1145197002200002	0.455783049264	-738.280084622	0.299213031906	131	0.2752	0.655821130487	0.9745709270730001	-588.280706804	0.7902794641040001	776	0.0438	1.07703137831	-3.2024540207200003	2.96458508704	-560.195482126	0.9885397315180001	6756	0.0109	1.17528863157	1.65358026302	-563.150851693	0.9253450769730001
10718	98	65	5	5.0	0.7243	0.7659	0.466430943323	0.47666647863399997	-62.60689083810001	0.8627466086810001	6	0.7173	0.534829055492	0.537805221975	-62.1386591844	0.946049991749	6	0.7202	0.549649182975	-1.2482053186	0.9865880254799999	-62.551864352200006	0.934392760905	15	0.4164	0.7818473092329999	2.52572652685	-64.5704005911	0.7689546008050001
10733	6160	1307	312	33.0	0.0921	0.5605	1.1317855374299999	0.471572427209	-3183.63946084	0.578098155132	65	0.3612	0.648015329194	0.923890215217	-2720.01837013	0.8373092948119999	464	0.0722	1.2821825717	-2.01413700138	2.13073731123	-2592.36077592	0.9930899336210001	8397	0.0045	1.5099320416799997	1.8243303653799998	-2618.63852313	0.9055267734010001
10780	19	16	3	2.0	0.8356	0.9025	0.572634118841	0.415187358657	-8.28708418232	0.56626590523	2	0.9205	0.514253719196	0.284226186574	-8.16636718344	0.889422061999	3	0.8356	0.572634118841	-3.8696593793300003	1.49001816601	-8.158675930780001	1.0	3	0.8356	0.572634118841	3.3855998929699997	-8.169490756970001	1.0
10810	49	31	9	5.0	0.5269	0.7238	0.695702335403	0.470871010616	-32.2188996263	0.7710645717010001	5	0.7146	0.482022077485	0.574759416282	-30.549397371399998	0.829896375892	7	0.609	0.628994688726	-3.44067978892	1.77451625574	-29.6162714818	0.9620008721009999	9	0.5091	0.692547798938	2.56643839416	-29.748903976399998	0.9109029240690001
10830	1143	330	52	20.0	0.2403	0.5862	0.7484165121899999	0.46917091700499997	-686.938563683	0.689264337131	32	0.423	0.6056621407230001	0.8802577145430001	-610.758728711	0.871758381569	147	0.1222	1.03756618346	-2.71360726979	2.2253795132099996	-592.3161047259999	0.978172528186	748	0.0245	1.20391766003	1.9116419976299999	-596.211416377	0.912413192107
10848	29	20	3	4.0	0.8245	0.7645	0.339459302123	0.46090080278800005	-17.9619124025	0.824691762263	4	0.7645	0.46090080278800005	0.5045078620310001	-18.4333119914	0.824691762263	3	0.8245	0.339459302123	-0.22875977765900002	0.0408817526446	-17.5888303047	1.0	7	0.5653	0.627327055638	2.51611722414	-20.032078941400002	0.4774438711
10865	6881	1267	256	39.0	0.0912	0.5515	0.966783001369	0.472165516019	-3286.35789256	0.38156521402800003	79	0.3397	0.6558221622029999	0.9378392369840001	-2653.98060917	0.727740422895	1406	0.0214	1.4062704546899998	-5.18052425317	3.05462647807	-2447.58722086	0.9947054796799999	5871	0.0055	1.4964459821899998	1.8532469224500001	-2451.0679511999997	0.973603403862
10896	3457	204	325	99.0	0.12	0.5205	0.769092663716	0.453998608714	-775.186324247	0.323194600562	233	0.2389	0.672233821803	0.98647156032	-625.6244835480001	0.8708505996320001	2063	0.0317	1.08465612713	-2.56864389895	3.17923688928	-612.169719556	0.9781102664489999	43767	0.0081	1.1699143701799999	1.53585660564	-616.693712356	0.874100155758
10979	1405	485	43	17.0	0.2555	0.6063	0.752232155739	0.47410435221600006	-905.41258884	0.6836615817370001	27	0.4617	0.607175271383	0.8427382551199999	-804.089388426	0.8428224037720001	153	0.1147	1.10845342419	-3.6469974082800003	2.34826723698	-769.2767135910001	0.98689335674	494	0.0324	1.2509760926	2.02656697996	-771.982177462	0.944166649048
10988	34	15	9	6.0	0.5427	0.6914	0.50770259807	0.335310163921	-23.3311641779	0.882612248313	8	0.5751	0.445077105507	0.768192000687	-22.8095811492	0.990764866819	8	0.5717	0.47296996267200003	-0.7216154246690001	1.22113605372	-22.9149818363	0.9787598724850001	16	0.3313	0.590909561401	2.0313238881	-23.7550232302	0.822587276639
11011	6153	722	383	59.0	0.0799	0.5328	0.965117738778	0.468409975292	-2224.88602363	0.24722473605599998	129	0.2882	0.670811137265	0.9666442298129999	-1744.57258158	0.718146079381	1861	0.0203	1.30974190046	-4.84767081352	3.2375054026499996	-1624.46106042	0.992323070322	12368	0.0049	1.4048808124399998	1.73194683658	-1627.79345187	0.963459687413
11038	5456	954	348	40.0	0.0778	0.5498	1.02295207019	0.469964739126	-2528.85057139	0.310476543624	80	0.33399999999999996	0.654164869599	0.942213561681	-2007.77544414	0.6859572737649999	1209	0.0229	1.35417313907	-5.76522520905	3.19103771662	-1829.91163493	0.993782701207	3943	0.0074	1.43540818511	1.85963861822	-1831.5350174000002	0.981409709701
11045	7856	1542	230	37.0	0.1023	0.5554	0.925397847203	0.47250398674800004	-3890.3408846	0.399276511703	74	0.3488	0.652843801873	0.9319283360349999	-3158.50667691	0.7294021366140001	1426	0.0212	1.4446697679700002	-4.98833717615	2.9674632627900004	-2910.88730729	0.993657641959	5995	0.0052	1.53278213336	1.8727749798700002	-2914.7981654	0.971664056655
11221	7472	1318	304	41.0	0.0831	0.5495	1.00086881475	0.47179075021899997	-3481.04014453	0.31098911670699997	84	0.3336	0.659017011878	0.941496361022	-2760.00460833	0.685159964115	2297	0.0131	1.45052136526	-7.28607462685	3.5347710944300004	-2509.41217846	0.9915323585570001	5384	0.0057	1.5015567290600003	1.86578146854	-2511.91491153	0.9839873050929999
11239	5847	1028	196	40.0	0.1258	0.5486	0.9585571926340001	0.47218384374300004	-2718.79910787	0.6161855166619999	81	0.3338	0.655378112811	0.941764883756	-2353.24847375	0.884944497204	479	0.0784	1.21097576478	-1.34606411984	2.0611834196200003	-2283.16668398	0.9950344238619999	19982	0.0035	1.4789553525499999	1.73216311634	-2317.1062118	0.857729081547
11273	22	16	5	3.0	0.6576	0.8352	0.605920452014	0.432646443019	-12.8909576027	0.752066045993	3	0.8352	0.432646443019	0.454668469727	-12.331374289600001	0.752066045993	4	0.7449	0.569723485326	-5.327222648919999	2.0927388472	-11.905405204800001	0.9833484545319999	4	0.7449	0.569723485326	2.87982993944	-11.909635140299999	0.9833484545319999
11294	1541	534	62	17.0	0.2573	0.6066	0.818240829455	0.470929640402	-994.362526256	0.6809461634839999	27	0.4608	0.609531645554	0.841797274036	-883.0658889939999	0.845028932995	200	0.0895	1.15462521373	-4.33258912952	2.5400890698	-845.324871237	0.977833702314	533	0.0307	1.26955525988	2.02932339525	-847.460996443	0.950103187222
11383	8750	1146	733	56.0	0.0566	0.536	1.20132890648	0.471719593856	-3397.00540281	0.451624116665	122	0.2986	0.671466878169	0.961277458198	-2810.16840645	0.833977958908	882	0.0495	1.2801276427700001	-1.64306906779	2.28300873945	-2686.916589	0.998120082258	40846	0.0026	1.5086036319299998	1.69473368675	-2717.79424549	0.88603826376
11384	3701	944	197	26.0	0.121	0.5743	1.06122445479	0.47175517274800005	-2101.54916813	0.610433036075	47	0.3943	0.632305864609	0.9004480568819999	-1812.47377438	0.8373479081090001	348	0.0752	1.2363646172799998	-2.81403726326	2.2837652470400003	-1724.59443603	0.995424986956	2715	0.0093	1.42375357604	1.8967901326599996	-1735.03524138	0.930703614072
11393	18	14	3	3.0	0.8265	0.8265	0.46627702295900003	0.46627702295900003	-9.53471158301	1.0	3	0.8265	0.46627702295900003	0.383199132979	-9.568232924439998	1.0	3	0.8265	0.46627702295900003	-1.0892526989700002	0.5834111438189999	-9.55082386301	1.0	4	0.7232	0.585518250513	2.92974785629	-10.0248727931	0.6738395968780001
11466	79	55	5	4.0	0.7137	0.7826	0.526576178989	0.454838088764	-48.509763228800004	0.8460921653740001	5	0.7474	0.531962079412	0.496036089957	-47.7042936447	0.9399878275939999	6	0.7091	0.6030459064370001	-2.04414145394	1.2374579589399999	-47.8403039159	0.9815345701	11	0.4897	0.7468600740629999	2.66285546822	-48.7043180805	0.830014603658
11502	93	31	19	11.0	0.3817	0.6186	0.5715854793990001	0.419797419258	-59.195817651400006	0.7797725840180001	15	0.4773	0.520848259509	0.851000778377	-54.6772450164	0.906818387011	25	0.3116	0.666334800109	-2.29565496457	2.04845133899	-54.2841063399	0.965364880811	51	0.1641	0.739666325265	1.9310857649200002	-54.7819952385	0.9110713746770001
11512	1687	523	171	19.0	0.0564	0.5945	1.0771925903200001	0.466935809371	-1044.44682322	0.277881720894	32	0.4347	0.6173105142840001	0.86664528177	-834.2358466669999	0.537618922698	148	0.10300000000000001	1.1549231817799999	-5.738043436209999	2.70825416778	-707.5220996239999	0.976731687538	215	0.0669	1.21680777057	2.18737112095	-706.863111357	0.978766202663
11562	20	19	2	2.0	0.9569	0.9569	0.6995722506559999	0.6995722506559999	-3.97030486692	1.0	2	0.9569	0.6995722506559999	0.0967214927077	-3.98725679611	1.0	2	0.9569	0.6995722506559999	-2.29476346956	0.10510905797299999	-3.9534991257999996	1.0	2	0.9569	0.6995722506559999	4.6550025672	-4.12397173011	1.0
11574	956	149	60	34.0	0.3588	0.5482	0.660609306177	0.45184714555100003	-413.696364997	0.85472675729	63	0.3299	0.62214837997	0.950797252357	-398.714186383	0.956539069286	114	0.2379	0.793718751388	0.574094596791	1.4736698133300001	-403.194364043	0.9412136044670001	11477	0.0125	1.1015067401799998	1.57684261893	-420.98945178699995	0.411775240052
11595	66	23	19	9.0	0.3334	0.6401	0.5883366122879999	0.37648480437799997	-42.6692410325	0.6332989064769999	12	0.5147	0.47755417032799996	0.8404133096340001	-37.824867331	0.824224558386	27	0.2334	0.678190879884	-9.05723223349	3.6056126274099998	-36.0880506668	0.9682391745460001	24	0.263	0.6741577331149999	2.0369827687	-36.2056868635	0.9435570536460001
11607	30	29	2	2.0	0.9698	0.9698	0.785509238863	0.785509238863	-4.38434238026	1.0	2	0.9698	0.785509238863	0.0652014985681	-4.39557914245	1.0	2	0.9698	0.785509238863	-2.31159074812	0.103697882837	-4.46124635523	1.0	2	0.9698	0.785509238863	5.17827529635	-4.50813808578	1.0
11631	1818	252	285	42.0	0.0941	0.5427	0.993349256718	0.456166026676	-731.634538741	0.34830407749799996	84	0.3108	0.642570559877	0.958152138539	-584.92232196	0.7563511862890001	1448	0.0213	1.15571764845	-10.6402295358	4.464122270990001	-546.4057309240001	0.959748405591	2168	0.0151	1.18199292202	1.7592030902900002	-548.159861138	0.947745209847
11632	41	33	3	3.0	0.8351	0.8658	0.50495875874	0.505632133424	-20.236172873	0.954170529965	3	0.8658	0.505632133424	0.342615626752	-20.2189040445	0.954170529965	3	0.8658	0.505632133424	-1.54574102238	0.7533205034	-20.2733692392	0.954170529965	5	0.7224	0.657838864761	3.0872190604500003	-20.9624764706	0.793324974225
11634	21	15	4	3.0	0.7171	0.8333	0.487193811444	0.416169992968	-12.5636613602	0.752164188625	3	0.8333	0.416169992968	0.47219578176700006	-12.2185856565	0.752164188625	4	0.7407	0.555799263161	-3.8927773946300004	1.787324299	-12.1997246293	0.944002475416	4	0.7407	0.555799263161	2.7668595349	-12.208129451	0.944002475416
11659	152	26	56	22.0	0.1915	0.5691	0.620547653782	0.405661758762	-69.5478089042	0.406401000718	33	0.3766	0.523773173205	0.9439831003550001	-56.6422794833	0.757256677376	88	0.1254	0.723709983909	-12.4153122019	4.662579704750001	-52.9070559939	0.9556446224590001	79	0.1322	0.724690433378	1.8090518708599999	-53.0877951859	0.952377385566
11669	27	26	2	2.0	0.9668	0.9668	0.763427993563	0.763427993563	-4.27708539356	1.0	2	0.9668	0.763427993563	0.07226745039219999	-4.289586505430001	1.0	2	0.9668	0.763427993563	-2.46119925381	0.130966234435	-4.275509565869999	1.0	2	0.9668	0.763427993563	5.04124925995	-4.4080766021399995	1.0
11745	7319	1352	328	39.0	0.0684	0.5521	1.03605692786	0.471862845101	-3502.01449928	0.299144675697	79	0.3403	0.6558719827699999	0.9375548546670001	-2777.39808035	0.667429985047	1231	0.0232	1.41475195839	-5.2154217559500005	3.0031259609	-2514.17597887	0.993251324005	4510	0.0063	1.5017182442500001	1.8859648662400001	-2516.21652982	0.980388789403
11747	6667	1394	246	34.0	0.0967	0.5596	1.0109384506	0.472075603626	-3418.49015203	0.468891950002	67	0.3587	0.649085368014	0.9254783277349999	-2826.23885977	0.773971007617	940	0.0319	1.3910901714100001	-4.034973439130001	2.7076387944599998	-2633.75187187	0.9948980674079999	5441	0.0056	1.5120345628100003	1.8709751195	-2640.68668916	0.961503611376
11749	7334	1456	911	37.0	0.0331	0.5556	1.4413474207499999	0.475027111724	-3654.92960325	0.349091037703	72	0.3503	0.651852261759	0.930814386505	-2933.74877183	0.6957368916600001	1019	0.027999999999999997	1.4135588768	-4.62327494431	2.82387194264	-2667.50445359	0.9970408830299999	4345	0.0064	1.51400111433	1.89811218257	-2671.84401243	0.975035680648
11753	5908	1102	421	38.0	0.0661	0.5526	1.14582891153	0.470894869794	-2842.61842531	0.35383641351899997	75	0.3418	0.652519049065	0.936689816517	-2280.52987508	0.706399605511	1104	0.0253	1.3703841122100002	-5.19170838203	3.02516078263	-2086.64687703	0.996775549289	4185	0.0069	1.46295735351	1.8702368323599998	-2089.33976898	0.9784849605670001
11770	3813	446	557	55.0	0.0583	0.5342	1.1264896069600001	0.46182691454400004	-1375.88533482	0.386928042244	118	0.2898	0.662324026453	0.9667872772849999	-1116.92828659	0.815467649453	948	0.0378	1.18197829419	-2.9836220253400003	2.80001666107	-1065.64945851	0.987554847583	12020	0.0063	1.31261874453	1.68521636644	-1071.88508294	0.9198824138480001
11801	2637	652	182	26.0	0.1421	0.5720000000000001	1.0683060767499999	0.47069155176000005	-1474.85955269	0.6137485277	46	0.3891	0.629041611417	0.904910406859	-1272.72410861	0.84826139796	404	0.0585	1.2098360563	-3.65613476569	2.57889337265	-1217.34136239	0.9851796965	2093	0.0116	1.35124216345	1.87987447351	-1222.17661347	0.9387979902150001
11826	4363	1041	211	29.0	0.1307	0.5686	1.0321138784700001	0.47496308032799994	-2397.28376395	0.615275529749	53	0.3805	0.640192708469	0.9097517447869999	-2073.67532087	0.845420611224	335	0.0868	1.2261950528899999	-2.13518589963	2.11176725662	-1982.72331205	0.993549680224	4416	0.0068	1.4539701970899999	1.85850572999	-2001.38970572	0.905989240695
11985	1628	163	342	55.0	0.096	0.5327	0.968403037645	0.451072495389	-529.674389146	0.469309606607	114	0.282	0.643059780494	0.973037708724	-442.83406651300004	0.875064329988	359	0.0867	0.9638622622130001	-1.11333708508	2.31091140146	-430.70737395300006	0.991967244133	7746	0.0127	1.11595890745	1.6103948563600001	-437.03817157199995	0.858258152792
12001	16	14	2	2.0	0.9143	0.9143	0.483050901317	0.483050901317	-6.0283225801	1.0	2	0.9143	0.483050901317	0.230006374419	-6.115373910519999	1.0	2	0.9143	0.483050901317	-1.3224151853200001	0.0773953615729	-5.938715048500001	1.0	2	0.9143	0.483050901317	3.5146087521099996	-6.5224130661	1.0
12003	68	11	17	18.0	0.5321	0.5875	0.24572518545699998	0.330817297557	-30.095686033000003	0.9066779867489999	25	0.4179	0.451406128308	0.950252451003	-29.816914515700002	0.940892207296	26	0.4247	0.467118240972	0.8120916793449999	1.33909100797	-30.1624308192	0.9347803625910001	147	0.1497	0.574506078509	1.56029413381	-31.9247202714	0.46038395402099996
12005	682	50	81	61.0	0.2645	0.5337	0.45772186442199997	0.422264159819	-178.770979277	0.448650159719	119	0.2743	0.603360910235	0.982103146613	-149.39456329	0.876152106588	716	0.0606	0.850674693297	-4.47462692411	3.7507777220099996	-148.24002315	0.9142480150679999	2788	0.0333	0.884101294068	1.5441083818599999	-149.059398735	0.832912491302
12006	392	48	44	35.0	0.375	0.5472	0.460035164831	0.41320751836400005	-145.736262538	0.8122775572550001	63	0.3189	0.581629259591	0.9646644070739999	-137.564278508	0.9904106482520001	112	0.2102	0.71766431137	0.418831133259	1.7466596848400002	-139.200641827	0.9638027945759999	2787	0.0342	0.876332498225	1.53927204265	-144.26558372899999	0.549282073547
12011	7182	1117	399	46.0	0.0636	0.5431	1.07955120375	0.472164814364	-3103.90828509	0.323840454155	97	0.3182	0.663254481601	0.9509419486049999	-2473.81691452	0.7221401379629999	1567	0.021	1.38179272336	-4.8536412218	3.06534468121	-2285.7587757	0.993887587872	8609	0.0047	1.48117915081	1.80565545053	-2290.28029468	0.9695467700589999
12012	6326	1065	268	42.0	0.10300000000000001	0.5474	0.942167398873	0.470457714412	-2867.35297013	0.44162886824600006	86	0.3284	0.65788605885	0.945207557624	-2355.95282536	0.7903781749690001	1037	0.0322	1.33366567785	-3.49750906204	2.70978555657	-2220.05912606	0.995184872155	9859	0.0045	1.47477683691	1.78939265159	-2228.71258198	0.9467141104350001
12021	8036	1172	487	50.0	0.0647	0.5399	1.0536773089700002	0.47260456668000006	-3338.40595964	0.227509874774	106	0.3106	0.665986609576	0.9551193962160001	-2598.8698208	0.665770211924	2640	0.0127	1.4285477955599999	-6.963664070389999	3.56114352852	-2362.95454892	0.9931436575820001	7870	0.0049	1.48838525283	1.8184285180400002	-2365.36501831	0.984261559446
12127	7343	903	699	58.0	0.0592	0.5343	1.15695514455	0.469637850944	-2737.53948724	0.292230019033	127	0.2922	0.671679002983	0.9644586353299999	-2169.10392821	0.744207380587	1836	0.0212	1.33953994778	-4.20115094743	3.0540218576	-2028.88979015	0.9916284235439999	16720	0.0039	1.45169172081	1.7322437734099998	-2035.05515306	0.956420830006
12129	7984	1191	513	49.0	0.0569	0.5409	1.07804683064	0.473225701308	-3363.43956188	0.273153542003	103	0.3132	0.664844606853	0.9536979173729999	-2659.62988241	0.694432907659	1097	0.0305	1.35863877873	-3.6066257489	2.71742311315	-2445.21602856	0.9931084050910001	9724	0.0044	1.49545930757	1.8021271216599999	-2452.82696768	0.959469561993
12139	344	201	53	7.0	0.1625	0.7182	1.10380934962	0.46595026128600003	-233.529661489	0.509029337384	9	0.6441	0.554141936004	0.629589743912	-205.115908727	0.6206229866690001	20	0.4284	0.895600418688	-5.09370682876	2.15080592013	-176.50029664299998	0.946846477512	23	0.3836	0.9280045822849999	2.67312219707	-176.49980821900002	0.9414781227869999
12141	188	107	22	7.0	0.2703	0.6970000000000001	0.811459063795	0.475376359444	-128.508022196	0.523342220541	9	0.6256	0.563000007213	0.645907901227	-111.916033749	0.637869762031	25	0.2908	0.901156924253	-11.181507930999999	3.3720985584099994	-94.8710849248	0.967280616862	16	0.4395	0.836706688402	2.65486223398	-95.37628025110001	0.9253761879979999
12142	560	325	59	8.0	0.1853	0.7065	1.1451044192200002	0.491207257698	-380.898818807	0.581121696897	10	0.6438	0.561250390902	0.633877329528	-338.430423336	0.682150744111	34	0.3145	0.994072985696	-6.044396347519999	2.41273523461	-298.785668653	0.9936407160070001	35	0.3093	1.01086959241	2.6178863456799997	-298.713386947	0.993995730351
12143	81	60	7	4.0	0.647	0.81	0.6988121559360001	0.476717720172	-46.3547366029	0.710458738364	5	0.7729	0.585021353075	0.436128892004	-44.4002693622	0.823387124638	7	0.6667	0.714764529152	-4.70740352334	1.9110768825400002	-42.7868875028	0.9951561453919999	8	0.6249	0.754473496191	2.93372207325	-42.8318209111	0.993421586001
12146	39	30	4	3.0	0.7567	0.8311	0.538692568923	0.448608968419	-21.0679615532	0.7299387404469999	4	0.78	0.5520112593150001	0.395670451224	-20.5525165144	0.855844036143	5	0.7141	0.638365216896	-4.24965496169	1.7654764339200002	-20.4345898874	0.952117161242	5	0.7141	0.638365216896	2.99513298292	-20.4304041809	0.952117161242
12149	53	22	14	8.0	0.4186	0.6434	0.610106855551	0.406194729663	-35.9689341053	0.7546401875990001	9	0.5711	0.469676158891	0.789807908237	-33.5832477001	0.841554432639	14	0.4028	0.595968494054	-2.8561264667699997	2.0517539235499997	-33.322804587600004	0.908338620598	21	0.2851	0.652290219009	2.0686493573	-33.503339486	0.925124452939
12232	33	19	6	5.0	0.644	0.7283	0.492857549568	0.450283330468	-22.4936063096	0.894350573508	5	0.691	0.43886762480400004	0.638841442764	-22.183656397600004	0.994112032553	6	0.644	0.492857549568	-1.1254205017399999	1.11751311999	-22.283352303	1.0	10	0.4547	0.6176228836100001	2.30150875552	-23.0411879444	0.868677391912
12245	61	51	3	3.0	0.879	0.8824	0.502429268326	0.5325336885999999	-27.214347515700002	0.885198717056	3	0.8584	0.542157025172	0.293910883367	-27.5058217598	0.845915884648	3	0.879	0.502429268326	-0.993131620723	0.053168842643300004	-27.006016487199997	1.0	5	0.7691	0.7078646717679999	3.23101108867	-29.1232604692	0.668763925568
12440	7581	1112	345	49.0	0.0853	0.5407	1.03335804803	0.470682809718	-3160.60317153	0.448293551699	104	0.3113	0.665332873411	0.954762765634	-2600.79764651	0.8167037670999999	1305	0.0299	1.34067863041	-3.0291205836799997	2.67852758571	-2474.31800255	0.9910002170350001	20519	0.0033	1.49439508445	1.73785310037	-2487.64510762	0.929819193383
12562	51	25	13	6.0	0.3503	0.6944	0.608412958152	0.40514468589900005	-35.3407016587	0.602081258882	8	0.6024	0.51028048034	0.724523939192	-31.013778550100003	0.711765528038	15	0.3178	0.703211429941	-18.3289883466	4.64222915197	-27.5725582945	0.9627978542290001	10	0.4682	0.631169979625	2.39434323863	-27.8593907477	0.905327071969
12569	57	12	32	14.0	0.2239	0.5959	0.53792240472	0.338570080037	-29.3352135473	0.31348896449	19	0.4569	0.449490891225	0.925996102393	-23.2718512717	0.54304115413	21	0.2603	0.578498005718	-25.8645814956	6.19738918681	-20.4505452655	0.916159989557	17	0.3195	0.565310243406	1.94863326084	-20.7912540102	0.869181849355
12774	1574	492	137	19.0	0.0805	0.5932	1.03153525236	0.47143268000200006	-977.6884876180001	0.423870523731	31	0.4368	0.6131825360050001	0.8649647748620001	-804.688219472	0.665769402754	154	0.1032	1.13812234073	-4.96644154637	2.595652894	-711.749009303	0.987077450665	290	0.0506	1.22609754512	2.1187654301400003	-711.8301700339999	0.979936482369
12791	53	41	3	3.0	0.8458	0.8455	0.438101849938	0.464691163145	-28.350136885900003	0.8998107346619999	4	0.8059999999999999	0.548269453808	0.389336578548	-28.758204016100002	0.882552519967	3	0.8458	0.438101849938	-0.6183392177679999	0.0210337000421	-28.089902335900003	1.0	7	0.624	0.684387303671	2.8719362617	-30.7077823335	0.598373247252
12882	1250	136	207	49.0	0.1202	0.5346	0.802946287295	0.44726876847900005	-429.99883698800005	0.314772935216	98	0.2914	0.63151139008	0.9698701679799999	-341.380977807	0.770697707599	961	0.0329	1.03552429095	-8.31358818069	4.18069903347	-322.555689114	0.968189259023	1945	0.0205	1.0678594938400001	1.6927370119299998	-323.454139176	0.951052629825
12884	1110	123	244	47.0	0.1173	0.5359	0.918181126568	0.443332634582	-386.509972048	0.37063439672700005	94	0.294	0.630332536631	0.969120277867	-311.40585313	0.7914135974140001	1423	0.0269	1.03377626411	-12.6618409696	5.0753720391	-296.743135887	0.926728174798	1968	0.0214	1.04957585619	1.6792300222299998	-298.086452473	0.915574618443
12903	7343	1183	658	45.0	0.0403	0.5447	1.2042140135600001	0.471991323763	-3241.92739367	0.20144633659800001	93	0.3223	0.662110513698	0.948476059021	-2522.41515086	0.628355762874	1119	0.0261	1.37867766986	-4.769667280299999	2.93545740199	-2269.07940363	0.9940732965629999	5077	0.0061	1.48049919402	1.85941417056	-2271.7468290999996	0.979428616185
12904	10458	1454	394	54.0	0.0713	0.5382	0.984434806928	0.472470682215	-4216.69664532	0.262540414497	118	0.3043	0.6719182307639999	0.957978626204	-3317.12450764	0.699399080476	2387	0.0158	1.44738372032	-4.8403948540099995	3.1099852343400003	-3057.40790267	0.9956342720379999	15632	0.0033	1.5414374792899999	1.78420391727	-3062.82343951	0.969553897388
12906	7257	1361	566	39.0	0.0536	0.5529999999999999	1.2153644262899999	0.472718915942	-3502.52357666	0.37099957065399997	77	0.3426	0.653516549996	0.93619996339	-2831.27231392	0.7234043154909999	794	0.0388	1.36685918535	-3.4730440266900002	2.56157116583	-2603.79444774	0.991593965792	5960	0.0054	1.5098643972999999	1.85967341123	-2612.75232143	0.958359517281
12908	6604	985	455	47.0	0.0724	0.5413	1.1141283275	0.470776139358	-2781.83839887	0.493760804221	100	0.3133	0.663951820821	0.953707075458	-2327.68540189	0.834692333723	569	0.0672	1.22368624063	-1.49700896027	2.15439351659	-2225.17076183	0.993939334852	22145	0.0034	1.4720745627200003	1.72089230308	-2253.90814909	0.88092473802
12909	8094	879	675	65.0	0.0573	0.5303	1.0867675317	0.468471126507	-2780.90468625	0.237508645196	149	0.2798	0.677829233831	0.969944811028	-2187.90398503	0.730515683402	1397	0.0293	1.30238387157	-2.9699319144200005	2.74668902246	-2048.07766285	0.989182689895	24236	0.0035	1.45118832246	1.70395500993	-2058.32893806	0.942294155729
13012	8016	1254	431	47.0	0.0762	0.5432	1.1372784811799999	0.47274192708499996	-3476.65390254	0.585706287676	98	0.3188	0.663546279264	0.950542889589	-2979.20762853	0.8808733440109999	574	0.0749	1.23873331328	-1.11653169431	2.0265055463299997	-2881.14014153	0.9975862101299999	39060	0.0025	1.5256841897	1.7057064376100002	-2929.46611087	0.841650288477
13013	1216	407	63	17.0	0.2116	0.6036	0.840556235623	0.46872147319799995	-775.151337656	0.641623769172	27	0.4541	0.60609560247	0.8500565301199999	-678.9482620919999	0.8219934877609999	151	0.1085	1.09581279219	-4.07548388765	2.4646169151599997	-642.2191196719999	0.987639834347	402	0.0378	1.21418178384	2.03243525735	-643.799801744	0.958790888986
13019	2442	674	149	23.0	0.1336	0.5821	1.0012149667	0.470654129177	-1438.67702598	0.565981643481	40	0.4096	0.626544354105	0.888072188562	-1226.18982994	0.796227477635	281	0.0747	1.19774082521	-3.8244457504900002	2.49408011231	-1147.71362932	0.9926253929469999	1089	0.0178	1.3363337986700001	1.9616596895099998	-1150.9860698	0.958939693153
13020	8363	1085	1222	56.0	0.0328	0.5357	1.38754183126	0.471447238029	-3227.18638823	0.314561471309	122	0.2976	0.670901769093	0.96177401713	-2577.09196857	0.7530281163249999	1224	0.0315	1.33150734987	-2.94868953935	2.6504729169599996	-2411.66937934	0.9976652398010001	19612	0.0034	1.4890566634	1.7387021189400003	-2424.5295631999998	0.937895074469
13057	167	85	14	8.0	0.5478	0.6811	0.735018222847	0.46531176352	-115.728631596	0.895726778317	10	0.6003	0.540001807397	0.70677100867	-116.03072873	0.795543827285	9	0.638	0.528346904978	-0.41190160446199997	0.8965169675329999	-113.71947153	0.857117219863	61	0.1464	0.8941564609299999	2.1164249071	-123.26944106	0.469502931179
13078	194	74	21	11.0	0.3215	0.6229	0.632664333341	0.44489993791500004	-128.964656827	0.704980647596	15	0.5083	0.5447890641309999	0.8162056729199999	-115.65501414299999	0.835711551215	40	0.2186	0.821801398499	-4.3165991326899995	2.4664216935799996	-110.873878242	0.983630569715	62	0.1435	0.8781716403919999	2.0820351167099997	-111.14091544600001	0.959115871802
13140	7234	1195	228	44.0	0.1431	0.546	0.893150345147	0.47225353516	-3242.13569149	0.507741128391	90	0.3255	0.66014754544	0.946642061204	-2712.03266936	0.835506706929	1596	0.0238	1.37642543536	-3.7002628959	2.84468470141	-2598.06289388	0.985289130015	17488	0.0034	1.5058938149	1.75641788002	-2608.80399197	0.929685236697
13158	2944	178	365	95.0	0.1168	0.5209	0.7976414657269999	0.45293626625699995	-671.928917909	0.260664614907	218	0.2419	0.665724704323	0.9860439150120001	-531.5178938519999	0.829900352636	3023	0.0235	1.09057285427	-5.327174327200001	3.9308149619699995	-515.174519656	0.9637179312880001	21467	0.0099	1.13968465111	1.55931228506	-517.409134475	0.9070352584739999
13170	7199	1266	612	41.0	0.047	0.5492	1.24273716714	0.472582337804	-3347.92325944	0.284164593224	84	0.3336	0.658102294129	0.941745716021	-2644.96979765	0.668257507332	1279	0.0227	1.4031719032700003	-5.240769053419999	3.03766685528	-2396.35311493	0.996514350202	4883	0.0061	1.49183355641	1.8707326189099998	-2398.88538314	0.9809665894580001
13173	11211	1089	386	76.0	0.0908	0.5267	0.8806064175370001	0.470908107698	-3573.45929529	0.222138985887	178	0.2696	0.685019614487	0.974101845513	-2785.39549162	0.7364270382350001	5415	0.0102	1.42165296058	-5.64085769917	3.5775948079300006	-2614.36803703	0.987172090368	44818	0.0026	1.4996034567899998	1.68440298787	-2620.08139379	0.956822220312
13175	5848	1098	487	38.0	0.0509	0.5529	1.18135276484	0.47223988907	-2824.31184444	0.34181480361999994	75	0.3429	0.653553036974	0.9360969075900001	-2257.34295578	0.698501516136	1180	0.0232	1.37785062278	-5.665871125700001	3.1273831239099996	-2055.81064494	0.9889725283499999	3792	0.0073	1.45973276208	1.87969465835	-2058.55285208	0.980912068696
13376	290	50	121	25.0	0.1056	0.5568	0.867259258779	0.425292800004	-133.310975791	0.607589244675	41	0.3614	0.568548658992	0.943344064057	-115.30914030299999	0.854549424535	51	0.2517	0.719026971046	-0.690993322558	1.7655964399000001	-110.851142299	0.964782958583	338	0.0587	0.862789138142	1.7262633224700001	-113.59803838200001	0.829462697255
13384	262	167	8	6.0	0.6099	0.742	0.615534794877	0.476848836529	-171.58298861	0.8057091524590001	8	0.6805	0.56986369015	0.569139249623	-165.959371895	0.9006111726330001	13	0.5584	0.744672546083	-2.44525479946	1.48301698427	-164.64011291100002	0.9795286075920001	29	0.3051	0.927894909936	2.5209133235900003	-166.583588955	0.88669027873
13399	6829	1160	337	42.0	0.0711	0.5479999999999999	1.0607256701799999	0.47012061060500004	-3111.77186651	0.34151052621699995	86	0.3292	0.65814828332	0.944516870015	-2488.91631783	0.7159286146320001	1399	0.022000000000000002	1.38722395875	-5.03980822731	3.0538840246	-2290.31528925	0.9959608679430001	6444	0.0054	1.4823161846000001	1.83504860283	-2293.96278575	0.974097790959
13400	6705	1046	427	46.0	0.0668	0.5434	1.09602285581	0.471728345598	-2903.14479485	0.387121328673	95	0.3188	0.661555991421	0.9507335266570001	-2354.34319107	0.766469263566	950	0.0357	1.31902305547	-3.17002114671	2.62644201068	-2204.12877354	0.99443382976	10776	0.0044	1.4729155075100002	1.78033664747	-2214.27018593	0.9461504183789999
13402	8048	1076	1134	54.0	0.0289	0.5372	1.3299739181	0.470414313329	-3165.73010944	0.211067298372	117	0.3009	0.669314583569	0.960172051654	-2470.36295214	0.6776108170640001	1306	0.0263	1.35344282597	-3.9242931412599997	2.8546257963599997	-2264.94228607	0.995561807541	10871	0.0043	1.4784088615900002	1.7825399999400002	-2271.39241532	0.962394959354
13415	43	41	2	2.0	0.9595	0.9595	0.71511924191	0.71511924191	-8.08885587883	1.0	2	0.9595	0.71511924191	0.0901829823852	-8.12035639408	1.0	2	0.9595	0.71511924191	-2.3645266972599996	0.112299247783	-8.05767751728	1.0	2	0.9595	0.71511924191	4.74753202582	-8.38464177248	1.0
13419	53	36	8	4.0	0.578	0.7882	0.7059600342219999	0.41379188576	-33.2541627849	0.696461351231	5	0.7159	0.515097288395	0.517804153264	-31.841205399	0.8659910148119999	6	0.6706	0.606772903697	-3.1116210703400005	1.5899936376600001	-30.9031039827	0.9678476716840001	8	0.5695	0.691721348492	2.68980273704	-31.182773914600002	0.916113679547
13425	7147	1255	254	41.0	0.0901	0.5491	0.960896050589	0.47232426049500004	-3320.87282149	0.35642938771300003	84	0.3335	0.657858974546	0.9418667699609999	-2663.73270527	0.717706429722	1670	0.0185	1.41529384871	-5.59923558638	3.17939119824	-2451.31625325	0.993683401955	6401	0.0053	1.49664786482	1.8442042434099999	-2454.39982414	0.976553381605
13426	9490	1485	876	47.0	0.0429	0.5434	1.30484757086	0.471873064645	-4116.64239366	0.32276653690400003	101	0.318	0.665759957905	0.9505238211570001	-3286.62401654	0.7218579985179999	1348	0.0261	1.41180439396	-3.66797493801	2.72843403764	-3036.15887284	0.996269971506	12308	0.0036	1.5412149334099998	1.80533025521	-3046.15035666	0.958725082509
13429	6115	1280	226	34.0	0.1096	0.5589999999999999	0.965852923459	0.473603967033	-3137.33810528	0.47101757862899996	66	0.359	0.648387325565	0.9253594933939999	-2594.77470001	0.773832106103	978	0.0298	1.3817852820299998	-4.3774357432999995	2.80469506925	-2419.68145571	0.9943337700429999	4942	0.0061	1.4941975366	1.8708089842500002	-2425.08633002	0.9639541771719999
13430	7601	1242	643	44.0	0.0374	0.5459	1.19198291232	0.470138659081	-3384.45441773	0.219203208931	92	0.3241	0.661008749118	0.947449465554	-2639.69865116	0.641743984201	1346	0.0219	1.40181322963	-5.27069776999	3.06312660626	-2377.09642913	0.996170322929	5272	0.0059	1.49026417997	1.8612055545	-2379.95894089	0.980406373729
13431	8006	1188	517	49.0	0.0725	0.5412	1.09601417404	0.471808019912	-3361.75084926	0.279016781914	104	0.3119	0.6663567300209999	0.954034290298	-2645.20722961	0.6982292322120001	3112	0.0113	1.4381987294999998	-7.30384804133	3.6603448207400002	-2425.72443396	0.989122343983	9053	0.0045	1.49364975446	1.80785689151	-2429.11794303	0.9782867863310001
13433	5734	1088	274	37.0	0.0976	0.5531	0.995770370576	0.472619138183	-2785.88425634	0.39757133312	73	0.3449	0.6509569479739999	0.9351335592899999	-2257.07126716	0.733223805753	1401	0.0204	1.3850815969799999	-5.90626043519	3.22149316715	-2082.53603099	0.989610291055	4527	0.0066	1.4625553962399997	1.86108392873	-2085.30792388	0.975261448338
13458	2798	439	244	40.0	0.1339	0.5455	1.00471752075	0.464081475171	-1215.70219766	0.579490134371	80	0.3215	0.648835689476	0.9503403005490001	-1040.15637182	0.8894596070899999	679	0.0472	1.1599794354000001	-2.70900027509	2.642788475	-1014.36862271	0.9751914533220001	8485	0.0071	1.3054172416299998	1.7086320888	-1021.47505503	0.890315080631
13465	2052	279	210	44.0	0.1178	0.5403	0.8792008996520001	0.45964993903800005	-815.814589511	0.511048893056	88	0.3073	0.6459068339490001	0.959244799246	-685.499465117	0.8607186406139999	381	0.0752	1.0501699551700001	-1.79887331699	2.36755687485	-662.328136479	0.994341872507	5958	0.01	1.21541627354	1.6865016271899997	-669.303081151	0.892697892785
13476	65	56	3	3.0	0.8672	0.8876	0.590604701993	0.553290196405	-26.140456666	0.8480370092530001	3	0.892	0.585518250513	0.252498142421	-26.0011658196	0.961257935745	3	0.892	0.585518250513	-2.56743852502	1.0115386712299999	-26.0814567604	0.961257935745	4	0.8291	0.6825655944939999	3.49237379615	-26.502297125300004	0.86727607535
13526	12216	1572	821	59.0	0.0442	0.5351	1.24403413361	0.47260292996200004	-4689.43874413	0.373549224203	132	0.2958	0.676333908127	0.962196846467	-3798.28651487	0.794618199084	1530	0.0298	1.39377386544	-2.40848972401	2.51808757524	-3590.93835693	0.9968768570000001	45182	0.0021	1.5714485759099999	1.7167270033000002	-3617.50854439	0.917434322923
13528	5818	1094	386	37.0	0.0883	0.5532	1.19064639391	0.47037028288099997	-2812.21307259	0.545349883596	74	0.3436	0.651089478734	0.9359613024500001	-2374.5494863000004	0.8443508081059999	817	0.0408	1.31369788388	-2.94734987597	2.5277766704299998	-2269.17541464	0.989629458502	9895	0.0045	1.47987516405	1.79188328067	-2282.16552052	0.924466641326
13530	4116	885	107	31.0	0.2001	0.5626	0.792101120415	0.46863786055	-2142.48197865	0.644364878111	59	0.3642	0.640947451135	0.922417340619	-1870.58968217	0.88200644809	529	0.0582	1.24241890873	-2.4846216605700002	2.35774665738	-1819.45933545	0.98587585358	7086	0.0056	1.43416978419	1.79749686618	-1833.26867638	0.896820646291
13599	4873	500	1008	64.0	0.0345	0.5299	1.23103657122	0.46421977693000005	-1611.85160124	0.295666685183	143	0.2767	0.671116568034	0.972142575423	-1285.22335234	0.7848573711910001	877	0.0431	1.1815416093	-2.3191406527200003	2.6099320226	-1216.73707461	0.994196673732	17597	0.0053	1.3386792864100001	1.67087957914	-1226.15289717	0.910256399154
13614	6937	1069	455	46.0	0.0591	0.5427	1.09202689826	0.47105205404600003	-2981.22816356	0.35241981087800006	97	0.3169	0.6630040121999999	0.951565558917	-2407.58720619	0.743223462394	658	0.0516	1.28231446036	-2.40240918903	2.3624800177200003	-2241.97018196	0.986868324342	10849	0.0043	1.47712314162	1.7820274635099997	-2258.04306601	0.931752316004
13671	45	14	10	9.0	0.4534	0.6648	0.33803765949299996	0.344196498546	-27.8994053568	0.602329261584	12	0.506	0.45466795084600004	0.8662277236579999	-25.3510942104	0.828190967183	26	0.2521	0.600281003862	-11.517618990999999	4.2593115026	-24.993610459099997	0.806116369914	23	0.2771	0.590576441922	1.9173072958200001	-25.129775728000002	0.823544790266
13679	7672	909	522	60.0	0.0609	0.5326	1.03048465252	0.46989006832099994	-2791.77272089	0.226183803249	134	0.2883	0.674674725884	0.966204974109	-2190.67010903	0.7058865982260001	1202	0.0311	1.30520636213	-3.14038614231	2.72627079911	-2035.08748235	0.9876767537819999	16471	0.004	1.45276292727	1.73397854773	-2043.84667762	0.948880123151
13680	6680	1187	398	40.0	0.0899	0.5498	1.1105762965200001	0.47165981454899997	-3125.43606947	0.471288458574	82	0.3352	0.657207728316	0.9408865001000001	-2586.58452705	0.803522640517	1046	0.0321	1.35285924414	-3.46703758804	2.67827777398	-2442.5322996	0.9941700239110001	9995	0.0043	1.4953599876600001	1.7994976212	-2452.5546039	0.94478183073
13691	1192	106	304	58.0	0.0953	0.5331	0.887405973954	0.442735995012	-357.655210857	0.44015602252400005	118	0.2762	0.63170426989	0.976958446155	-297.52268068	0.87704512249	299	0.0993	0.9002191139139999	-0.950048605266	2.3141556077	-289.526964155	0.9913761877130001	5311	0.0181	1.03107029681	1.58832540661	-294.095574461	0.856134593301
13702	1438	267	461	31.0	0.0333	0.5548	1.19362389626	0.459605075912	-690.081637482	0.350431883442	58	0.3471	0.632651657347	0.93709945906	-556.980003111	0.7148280715270001	156	0.1174	1.01101121916	-2.47807413273	2.23845183784	-510.098020268	0.988525456917	910	0.0227	1.17357106513	1.8578499926900003	-513.693228614	0.926595374924
13774	5585	589	362	64.0	0.1101	0.5295	0.9159725519320001	0.466815085328	-1881.69298183	0.45141167831	143	0.2785	0.6733003734	0.971102216549	-1557.13249568	0.8664443233329999	1387	0.0336	1.22473986746	-2.26718314165	2.7008782534500004	-1510.8390666	0.987542516604	41035	0.0039	1.3782811388499998	1.63444852771	-1523.07757556	0.889945089466
13785	1210	221	151	31.0	0.1025	0.5549	0.8921398494320001	0.458842989308	-575.209871685	0.44784060133299997	56	0.3466	0.623501404726	0.938547762012	-473.373442135	0.779488886547	288	0.0677	1.04823150015	-4.08404656479	2.82179641646	-444.23152783300003	0.984122549458	1017	0.0223	1.1434270291	1.81925283722	-445.56890808099996	0.9572475303389999
13827	4434	635	170	47.0	0.1324	0.5401	0.808658933437	0.468482517718	-1821.26910478	0.441208982817	97	0.31	0.6584374581920001	0.9562320681450001	-1495.79042825	0.810636673199	1218	0.0285	1.26169732635	-3.9332989645	2.9736240609299998	-1425.48756947	0.987960244505	10307	0.0055	1.37796273474	1.73246611268	-1430.69833081	0.937880942547
13835	31	26	3	3.0	0.8596	0.8596	0.5464576728399999	0.5464576728399999	-13.695903788299999	1.0	3	0.8596	0.5464576728399999	0.289681248367	-13.692844988800001	1.0	3	0.8596	0.5464576728399999	-1.7437438526700002	0.733893628253	-13.7117545472	1.0	4	0.7864	0.6712783494760001	3.29555028811	-14.1652894023	0.7507732280380001
13951	1453	375	203	23.0	0.0563	0.5766	1.03779718694	0.46650400829099997	-829.730063345	0.20844941076200002	39	0.3994	0.619356705925	0.898700589293	-648.876726185	0.5241023043990001	231	0.0621	1.15302889104	-7.94415935725	3.29746928352	-551.27977337	0.990042030062	247	0.055999999999999994	1.17849238921	2.10317584916	-551.181170003	0.9886848722759999
13955	42	34	4	3.0	0.7412	0.8674	0.6267259368770001	0.512465074952	-20.4503337975	0.645208196456	3	0.8674	0.512465074952	0.335497565567	-19.6078675399	0.645208196456	5	0.7206	0.684456662597	-10.9287220972	2.9987893413599997	-18.4709055386	0.969143453885	4	0.8105	0.652862735513	3.29481252639	-18.533615262	0.776315789474
13956	66	51	6	4.0	0.6888	0.8075	0.6868755560750001	0.515853412988	-35.3733526883	0.713327583918	4	0.8058	0.532860779543	0.39058735221600005	-33.9529146659	0.776828835572	6	0.7081	0.714243886901	-5.69140330134	2.08167745677	-32.5941368524	0.989061520406	6	0.7081	0.714243886901	3.0793810678400004	-32.5870458535	0.989061520406
13957	38	33	3	3.0	0.8752	0.8752	0.598151097213	0.598151097213	-14.796334979000001	1.0	3	0.8752	0.598151097213	0.241051547229	-14.7382893715	1.0	3	0.8752	0.598151097213	-2.4665386120700004	0.947658635739	-14.7782684488	1.0	3	0.8752	0.598151097213	3.54415635866	-15.057892776900001	1.0
13959	25	20	3	3.0	0.8446	0.8446	0.48681685778899997	0.48681685778899997	-12.510060588499998	1.0	3	0.8446	0.48681685778899997	0.350038535893	-12.580587084600001	1.0	3	0.8446	0.48681685778899997	-1.06329879711	0.470190931925	-12.5092251381	1.0	4	0.7622	0.61698862276	3.03513620089	-13.212780199100001	0.73722193375
13971	8569	1254	561	50.0	0.0649	0.5403	1.11092205221	0.472062493816	-3567.36159538	0.328423811586	107	0.3107	0.6669469058340001	0.954907893078	-2854.51504913	0.734926269571	1265	0.0286	1.3697337381099999	-3.3979965817799997	2.7071726809500003	-2655.89565852	0.993748364047	14191	0.0036	1.5117871834799999	1.7770015854799999	-2665.94422952	0.9517860842139999
14030	8354	1340	485	46.0	0.0487	0.5446	1.16699180671	0.472116511596	-3678.56879473	0.28846314213700003	96	0.3214	0.66339138358	0.948789487162	-2910.6496644000003	0.692462728702	1527	0.0212	1.41439810063	-4.74176313303	2.98614658977	-2663.66092141	0.996069133592	8171	0.0046	1.514019292	1.8293449524599998	-2668.31154903	0.972534222678
14101	93	43	32	8.0	0.1732	0.6552	0.836392603699	0.439753039318	-64.198997617	0.421572679195	10	0.5698	0.519555791988	0.7497634962199999	-53.5119127524	0.5522168424180001	22	0.2532	0.785615221654	-21.803864913	4.99229090989	-43.7761330991	0.9697443578560001	13	0.4201	0.738945413831	2.4805960974400003	-44.4101462976	0.890195975623
14175	7848	802	705	69.0	0.0614	0.5279	1.08792210779	0.46979110234399996	-2588.83535945	0.24850623231199997	158	0.2744	0.679486330356	0.972292645953	-2038.17350863	0.7478719317820001	1838	0.0238	1.30649036621	-3.3949740023799997	2.9345898686900003	-1917.97181736	0.9957109496269999	28067	0.0036	1.43505354266	1.6857491149700001	-1926.10497866	0.9429043307080001
14181	34	26	5	3.0	0.7171	0.8548	0.657461058245	0.44904692821099995	-18.550215515	0.8035287002529999	3	0.8234	0.448192780171	0.40221007913400003	-18.0708220079	0.7599618710680001	4	0.7666	0.548139934229	-3.2988669119400003	1.49183944324	-17.7797523524	0.94323791971	5	0.6947	0.629354858624	2.9787251782700004	-17.9299355606	0.8291122120759999
14185	5449	644	338	57.0	0.0867	0.5331	0.9183573075329999	0.46721743501699997	-1979.60387463	0.31034543873000003	126	0.2889	0.66954202685	0.966319033269	-1575.42097392	0.759889816873	1554	0.0244	1.27584933548	-4.14362601655	3.08417214958	-1482.80921394	0.991488194001	13512	0.005	1.38426885174	1.71399913792	-1487.53122033	0.951092281945
14194	7929	894	771	63.0	0.0555	0.5313	1.13909997415	0.469625145387	-2792.81498597	0.21671063193300003	142	0.2834	0.676176256023	0.968391267243	-2178.99038416	0.709921139593	1993	0.02	1.34224459245	-4.31421110179	3.10204840512	-2025.0399601	0.995277650564	17865	0.0039	1.45066217317	1.7265368002700001	-2030.40595956	0.960111306435
14209	140	66	14	8.0	0.4406	0.6699	0.5902573671	0.436206464335	-96.81190929450001	0.7387142921750001	11	0.5603	0.5470236908439999	0.741681791842	-89.9063278689	0.8487028415960001	23	0.3244	0.7742734088680001	-3.6772868034400004	2.15150424436	-87.80488977719999	0.967231252773	36	0.214	0.837747214261	2.19977389539	-88.1381176333	0.928747349191
14210	1230	171	146	39.0	0.1863	0.5443	0.821771807279	0.449594301571	-495.921867337	0.657882371684	76	0.3152	0.628844055508	0.9579819008050001	-436.879325416	0.935429173514	253	0.1081	0.944413378889	-0.926312749227	2.1338426503	-432.480977586	0.99033797657	5567	0.0134	1.1222563036700002	1.63780728729	-439.966376176	0.810619180095
14211	4304	316	888	85.0	0.0437	0.5221	1.0769915641399999	0.460411227399	-1129.35711608	0.225642320829	198	0.2515	0.6753716632510001	0.982069325245	-890.7568965339999	0.798312786058	1091	0.0411	1.12142054313	-2.07234229255	2.7377834734900004	-850.942061592	0.9876685687540001	26535	0.0064	1.25305146009	1.60199540959	-858.260327384	0.895598443614
14212	3657	240	509	91.0	0.0981	0.5213	0.8965762126960001	0.456040805884	-885.648806092	0.336249217813	213	0.2452	0.672817639061	0.98449284445	-720.027363075	0.8614803839399999	1038	0.0495	1.0641583899	-1.22688216334	2.5970275466999997	-701.2682214710001	0.989805514742	45367	0.0071	1.20213804196	1.54863662005	-710.066724085	0.8597596572249999
14213	3202	230	417	83.0	0.1019	0.5223	0.882184079252	0.45626046951800003	-827.2281939669999	0.327347685685	188	0.252	0.6673208473219999	0.982571853089	-665.7413210369999	0.8470864434540001	1531	0.0338	1.0974512626200001	-2.8072629663599997	3.0967484572500004	-646.133235098	0.9855331558830001	24573	0.0081	1.1904911141299999	1.5763691069999999	-650.3752388419999	0.899238665598
14498	6436	1112	509	41.0	0.0505	0.5483	1.16374381778	0.471668818379	-2962.25941848	0.24754894366799998	84	0.3316	0.6574524324759999	0.943175752779	-2324.58136648	0.644947739585	1044	0.0266	1.36802213873	-5.056817590530001	2.9828075106700003	-2095.19238611	0.9940841085050001	4041	0.0071	1.4636590243599998	1.87476207413	-2097.10567245	0.980340522692
14500	23	17	3	3.0	0.841	0.8374	0.38952046584600003	0.447760960006	-13.201183302	0.7862011668860001	3	0.8374	0.447760960006	0.438365198672	-13.4880025922	0.7862011668860001	3	0.841	0.38952046584600003	-0.448490082972	0.045161380472999994	-12.9719274469	1.0	5	0.6684	0.539237999041	2.70260054809	-14.572505267	0.596925185167
14503	42	19	15	7.0	0.318	0.6538	0.632563073753	0.40700676246399997	-28.921416397199998	0.590458827478	8	0.5938	0.474698714023	0.758518256247	-25.2683613522	0.7277463420970001	13	0.3558	0.633710382975	-15.319131931400001	4.31540490605	-22.734538640900002	0.994704406633	10	0.4547	0.6176228836100001	2.3084940792200004	-22.8924288373	0.9202238413670001
14504	25	22	2	2.0	0.9164	0.9164	0.49405043037600005	0.49405043037600005	-9.173124781819999	1.0	2	0.9164	0.49405043037600005	0.221543900669	-9.298249844639999	1.0	2	0.9164	0.49405043037600005	-1.36676658412	0.0714204510512	-9.044399926719999	1.0	3	0.8609	0.640415229544	3.56410293802	-9.89905737281	0.481965178956
14505	32	25	4	3.0	0.7877	0.8542	0.589574694804	0.48609543872	-16.8102822245	0.973741444237	3	0.8542	0.48609543872	0.378088019788	-16.6696966602	0.973741444237	3	0.8542	0.48609543872	-2.11852602086	1.06978266832	-16.6742993843	0.973741444237	5	0.6914	0.621207926325	2.99113651725	-17.0773338489	0.779600788792
14641	7379	1319	673	41.0	0.0552	0.5502	1.32548622089	0.473076189688	-3464.39271913	0.423362293248	82	0.3361	0.656345594161	0.940390477281	-2825.65184357	0.767202559161	1502	0.0217	1.40918570907	-4.65373502373	2.9706233340599995	-2635.61904	0.986254007556	8471	0.0045	1.5117960248	1.82452687271	-2642.14344423	0.962049576116
14645	6901	1534	1470	32.0	0.0135	0.5636	1.5700382610499999	0.473380410632	-3656.05918044	0.428563544696	62	0.3682	0.645740217627	0.918594015616	-2993.53778425	0.740764229611	500	0.0595	1.3540693458000002	-2.943704745	2.29203488701	-2737.21339719	0.993487925307	3808	0.0069	1.51964701675	1.9177783752900002	-2752.05340176	0.934576364644
14704	7475	1281	300	42.0	0.0957	0.5479	1.04404573434	0.471926436291	-3423.95242211	0.513571670369	87	0.3299	0.660028170297	0.943824659658	-2869.40314196	0.8361455046709999	932	0.04	1.3377741828799998	-2.57169457599	2.4546429708099997	-2738.87051488	0.9959908102060001	16588	0.0034	1.5183245250100001	1.76717555646	-2757.68015799	0.92029178441
14714	2453	700	209	22.0	0.1208	0.5851	1.22021247527	0.470879712838	-1466.76917477	0.679289890635	38	0.4165	0.623212361549	0.882338880283	-1294.41058595	0.8672524336049999	196	0.1175	1.1352675429999999	-2.31015700099	2.07386350594	-1244.72981494	0.994105411672	1617	0.0135	1.3560473552399999	1.91795393012	-1255.62716096	0.9072764220489999
14752	2093	189	489	63.0	0.0686	0.5283	1.01210750114	0.453628015358	-634.668097204	0.29757328964	135	0.2718	0.651585611938	0.9764872507719999	-504.656703365	0.7983952690680001	911	0.0394	1.06309615847	-3.82589600824	3.19930590296	-481.695375235	0.983644318386	6212	0.0123	1.14224058925	1.64109051523	-483.91705617400004	0.9361862674760001
