Site	N	S	NmaxObs	NmaxPred_geom	evennessObs	evennessPred_geom	skewnessObs	skewnessPred_geom	ll_geom	r2_geom	NmaxPred_mete	evennessPred_mete	skewnessPred_mete	p_mete	ll_mete	r2_mete	NmaxPred_lognorm	evennessPred_lognorm	skewnessPred_lognorm	mu_lognorm	sigma_lognorm	ll_lognorm	r2_lognorm	NmaxPred_zipf	evennessPred_zipf	skewnessPred_zipf	gamma_zif	ll_zipf	r2_zipf
2	513	158	35	16.0	0.2773	0.5968	0.73022429528	0.454597201264	-316.769678091	0.7662865789859999	25	0.4432	0.587523779919	0.867967449129	-290.117085896	0.9114198661399999	57	0.2386	0.85230789507	-1.4546575170299998	1.7695006811200003	-284.908960971	0.9739265831110001	366	0.0423	1.05930557812	1.8984078779799998	-289.831536411	0.8488700246950001
7	2643	288	1281	56.0	0.0145	0.5321	1.24230343204	0.462042227139	-910.1178708289999	-0.0255374143892	118	0.2844	0.657141067126	0.969808089029	-693.796104266	0.573197171	211	0.1111	1.0111876165	-1.5731771338999998	2.11776290904	-627.070669762	0.9731083212520001	2903	0.0127	1.2112943966399998	1.7487495866	-635.076259187	0.89412620545
13	6442	319	2862	128.0	0.0153	0.5159	1.25364063793	0.460054954341	-1269.69168597	-0.0988011524606	320	0.2256	0.690660850214	0.9891778157619999	-951.670963806	0.6916899125120001	1261	0.0404	1.12191503669	-1.7489471588299998	2.70947810765	-894.6564960589999	0.989009886117	44130	0.0058	1.25811334841	1.57544336037	-903.3291168760001	0.889001415935
17	4702	174	1770	156.0	0.0273	0.5149	1.0046451572	0.45273318731000006	-744.363754335	-0.6575951098830001	390	0.2141	0.682396892148	0.9924919637690001	-514.548349465	0.41728917368199997	1066	0.0391	1.05090015334	-3.40028120141	3.18881182334	-466.837374355	0.9853033438519999	8989	0.0118	1.12964333244	1.6077276864200003	-468.436599841	0.95810757044
19	929	161	233	31.0	0.0749	0.5531	1.01518546966	0.453174066518	-428.35040053800003	0.46898743501999995	56	0.342	0.61706791103	0.942932195961	-354.62286583400004	0.8033761195319999	172	0.106	0.959644933073	-2.57708280599	2.40938273114	-334.770906759	0.985578312616	902	0.026000000000000002	1.0854642810700001	1.78920215226	-336.989007791	0.9321909830990001
21	616	13	233	153.0	0.3532	0.5468	0.455074028098	0.34880563355099997	-63.01969269560001	0.727255634252	276	0.2597	0.51165970603	0.996834777296	-60.1798605112	0.9134882580600001	410	0.223	0.560008503733	2.3961984945299997	1.99231200692	-60.896012595500004	0.942134001654	23841	0.0826	0.620266594388	1.30652486077	-64.066803279	0.13052836040100002
22	7125	176	1654	235.0	0.0423	0.5114	0.888292189069	0.452152960466	-825.1631804819999	-0.9298209947310001	629	0.1955	0.695340240695	0.995438018684	-549.349199451	0.313063946558	1922	0.0296	1.07270469172	-4.07540929726	3.5276839302699994	-497.257130489	0.964127350948	15506	0.0106	1.1356110823999999	1.5761495142700002	-497.82522551	0.956985112934
24	1269	302	197	24.0	0.0992	0.5709	1.12766465426	0.461631341408	-696.355385179	0.729443579923	42	0.3839	0.619979403944	0.9100916430149999	-623.543614565	0.9063393859860001	86	0.2272	0.9040492664569999	-0.741005830824	1.6126399367200002	-603.829673704	0.985949088335	1720	0.0157	1.21007258188	1.8043153241999998	-620.250629676	0.786712514542
26	4415	388	800	73.0	0.0406	0.5256	1.0852906417700001	0.463083164015	-1313.95025094	0.294646182972	165	0.264	0.6728617567659999	0.9773142913539999	-1056.80436945	0.805479819686	543	0.0715	1.0845206402299998	-1.01030562086	2.22705784475	-1007.02419158	0.9937171984540001	26412	0.0056	1.2930970775700001	1.62151154877	-1022.84295857	0.851627702409
28	909	267	200	19.0	0.0672	0.5893	1.1789883849200002	0.465897602189	-550.360607846	0.647209933973	30	0.4295	0.59966405826	0.8771112188700001	-481.84176738300005	0.8167878566060001	51	0.2884	0.86678519455	-1.224487067	1.583180445	-452.078483165	0.959415829411	454	0.0348	1.15229799829	1.9487777048599997	-462.55816879199995	0.837524281187
32	3699	102	1264	191.0	0.0452	0.5153	0.874639410803	0.44083218808799995	-466.84675406	-0.5359753426739999	473	0.2056	0.669534762507	0.994780312889	-331.53416176400003	0.520456750636	788	0.0602	0.9411755843359999	-1.50510591185	2.8131190096599994	-309.338430186	0.957195039232	13769	0.0158	1.0291070092499999	1.52852701595	-312.198238905	0.9151004791640001
34	378	81	71	22.0	0.1675	0.568	0.7373161937430001	0.444543187139	-196.40117919099998	0.50189311015	35	0.3818	0.5806251162380001	0.92279651016	-164.765815885	0.776574552594	91	0.1392	0.8604966660160001	-3.4743420896	2.56421613273	-155.28510927899998	0.964129333263	227	0.0619	0.936556496786	1.8578638485599999	-155.83569711200002	0.936226919639
38	4137	139	1349	165.0	0.0397	0.5146	0.946547809658	0.446927213782	-608.300312734	-0.19720193056	411	0.2116	0.676673005119	0.993340500089	-451.453393927	0.6955531419050001	1033	0.0528	0.990205578046	-1.27453261081	2.75598976323	-428.199972422	0.9857963884190001	30465	0.0113	1.09290280427	1.51833447065	-433.051412191	0.891305362345
44	852	15	365	192.0	0.2686	0.5417	0.532701179592	0.360740080267	-75.46021682770001	0.664984513278	363	0.242	0.532794642781	0.997322373092	-70.2060160254	0.940876843978	499	0.2037	0.586778599619	2.3732814507900004	2.0391657840799997	-70.5815641988	0.973205488795	40266	0.0715	0.650313337269	1.30494735297	-74.25569480899999	0.25176227674199997
53	5855	334	2525	111.0	0.0156	0.5178	1.26665889667	0.46109614924099995	-1280.83297702	0.029734238838599998	273	0.2339	0.686782681541	0.987044929061	-979.456540647	0.73858973835	1158	0.0423	1.1234893175299998	-1.67977163539	2.65501688499	-926.1880577339999	0.986625703961	41989	0.0057	1.26687564812	1.58214422163	-935.7432804860001	0.8697710990430001
59	206	19	81	38.0	0.2774	0.5603	0.6387428117589999	0.377017868395	-63.3808387729	0.8443360249040001	62	0.3263	0.522898720674	0.9760260507459999	-62.144856741000005	0.8426944169480001	51	0.39899999999999997	0.514363634153	1.4917279551299998	1.2268289956799998	-60.9968584067	0.932274793503	1699	0.0705	0.69492115387	1.4561035536700002	-66.3689324779	0.051073077024400004
62	3002	123	1077	132.0	0.0316	0.517	0.9289141812080001	0.44579385851899994	-513.411550221	-0.6364547821800001	314	0.2226	0.665382770735	0.99147398699	-360.030173774	0.395253083066	447	0.07	0.954959293957	-1.9553069829400003	2.66692102487	-326.82737088	0.9603248224359999	4823	0.0168	1.05858934716	1.6112431921	-329.336452407	0.9267455890719999
69	3352	318	1555	65.0	0.0142	0.5282	1.25620475373	0.459986746013	-1051.3878884	-0.126021246019	144	0.2717	0.6656203374499999	0.974901131633	-787.3144285410001	0.532806568455	303	0.0852	1.0545829786499998	-1.8767382750900001	2.2821950390200003	-710.196132605	0.98052890093	4042	0.0107	1.2346895752200002	1.7317902454900003	-717.1570189619999	0.918124181866
77	1529	91	344	85.0	0.1127	0.5247	0.7559064407930001	0.43779664372500005	-344.994022724	0.16522926382	185	0.2489	0.640949131416	0.9863230692839999	-269.09877632900003	0.770940546259	654	0.059000000000000004	0.931498461214	-2.57558018974	3.04483542912	-258.30243526099997	0.9768762589650001	5416	0.0199	1.00211295741	1.5702440197299998	-259.878589029	0.922494499734
82	5159	355	2216	93.0	0.0148	0.5211	1.27824181508	0.462594527465	-1292.61068343	0.00224002909221	220	0.2459	0.6815266517120001	0.983514541801	-983.203445125	0.690666671261	801	0.0495	1.11895772455	-1.8341606064900002	2.5578251333	-918.005919563	0.992980800204	20548	0.0063	1.27378980853	1.62796393538	-926.878336032	0.8968056599680001
85	5660	389	2650	94.0	0.0114	0.5204	1.2996550329	0.462432954335	-1416.9015329000001	-0.056871757393300006	224	0.2456	0.682715042261	0.983540512658	-1074.70039983	0.660818648164	575	0.0662	1.09616795038	-1.2288349706200001	2.2950100560799997	-997.243445622	0.988254370961	22612	0.0058	1.29235472965	1.6309491322100003	-1011.11409446	0.862925176746
88	1088	254	86	24.0	0.209	0.5688	0.858416445721	0.463132210964	-591.239351639	0.756232761318	42	0.3817	0.618263380513	0.9125788729629999	-536.745969889	0.9309440180509999	116	0.1744	0.933457294583	-1.02134624075	1.81318998551	-529.8217573640001	0.9853675694499999	1826	0.0162	1.18024913786	1.77656107004	-540.264069215	0.8099971288339999
89	1149	170	158	37.0	0.0897	0.5445	0.809707904467	0.454494081936	-481.59750991199996	0.19723397323199998	70	0.3207	0.627358958968	0.954219957234	-374.56556573	0.630953979872	266	0.0678	1.01603412845	-4.73787458426	2.99596046446	-339.881811162	0.97407858567	700	0.0289	1.08926609305	1.8255300404900003	-340.125380859	0.961777277793
93	6877	401	3110	112.0	0.0119	0.5176	1.30732029214	0.463487546889	-1528.70719817	-0.11653222526799999	277	0.2343	0.6903821254379999	0.9866766327150001	-1139.50647994	0.656129082661	1233	0.0371	1.16257266922	-2.20876191408	2.74638276333	-1060.07226447	0.994383563407	31484	0.0053	1.3008592729600001	1.61447750886	-1068.46253266	0.9076273400589999
95	5403	156	2842	197.0	0.0223	0.5132	1.1058120115899999	0.450695158393	-706.7230904639999	-0.337573940055	507	0.2034	0.6860497986059999	0.994476944402	-512.614056053	0.657859130211	1537	0.0413	1.0265888839	-1.7953151990599998	2.9847123759900005	-483.79199819300004	0.993782854877	40033	0.01	1.11666283963	1.5159737976700003	-488.02957216	0.906126149072
96	3154	121	962	141.0	0.0596	0.5166	0.903787812351	0.445572946922	-513.1856979309999	-0.028406812160999998	338	0.2194	0.66728110778	0.992146920317	-392.94970482300005	0.7458938424410001	749	0.0667	0.950137955706	-0.7500708531270001	2.54989831926	-376.208551352	0.980701832851	27110	0.0127	1.06524580246	1.5110261726299998	-381.822230025	0.870613923372
98	2680	277	1256	58.0	0.016	0.5317	1.2295243652399999	0.45788259890199995	-890.831122305	-0.019241303089900002	125	0.2803	0.658066193747	0.971869691863	-675.714668062	0.5890495925370001	290	0.0842	1.04243748501	-2.09374513563	2.34703220886	-613.063011588	0.9863327373630001	3065	0.0126	1.20492692051	1.7393862613	-618.386054221	0.9172614851600001
102	164	38	53	17.0	0.2012	0.5755	0.769460562945	0.410863099056	-88.7782998177	0.764950349022	26	0.4058	0.548882462723	0.913532026112	-81.2285482249	0.91707810779	29	0.3483	0.645149562226	-0.362945183019	1.4964046160299997	-79.4328189566	0.960266806635	175	0.0846	0.804344151957	1.76283409902	-82.27137566350001	0.75644920227
108	8593	611	3774	97.0	0.0082	0.5208	1.39218810163	0.466214930349	-2203.98704473	-0.273832140238	237	0.2462	0.690524181506	0.9827998533840001	-1606.00870267	0.517852160305	1049	0.0365	1.22723801237	-2.70222654093	2.6961977444	-1451.89561874	0.9918263450679999	17943	0.0047	1.3775455624000001	1.68913643292	-1460.43936366	0.937867250835
109	48	22	7	7.0	0.6386	0.665	0.428282889897	0.435178148582	-33.104204561100005	0.9664299344949999	8	0.6011	0.48659410693599997	0.753317318857	-33.454726146599995	0.849255270154	7	0.665	0.435178148582	-0.060614077548199995	0.830813568986	-33.140744467800005	0.9664299344949999	26	0.2514	0.6654987742149999	2.00407218385	-35.8710506856	0.595658134942
119	1736	272	230	37.0	0.1035	0.5465	0.967617372982	0.456219565995	-753.6440152910001	0.569474884885	73	0.3246	0.639668317505	0.950435233204	-643.187384504	0.869703660587	233	0.1087	1.00368214971	-1.3151328359999999	2.1002332731999998	-621.34664467	0.994973037888	4173	0.0114	1.20611928592	1.7113880897999998	-630.493926504	0.86917782456
128	8787	229	2450	233.0	0.0233	0.5107	0.988708597617	0.456525412316	-1061.22294276	-1.1716072581299999	633	0.1958	0.7026613401909999	0.995129261662	-689.662826975	0.197961605134	2352	0.023	1.12934889344	-5.52812474215	3.7927796232699995	-610.831171965	0.985494129785	12915	0.0092	1.18524682074	1.6132014754700001	-611.339539231	0.977531298187
135	7430	365	1931	131.0	0.0207	0.5156	1.13318887705	0.461092761171	-1455.76921413	-0.298154591795	334	0.2242	0.694826246759	0.989286563137	-1062.08668532	0.574300485747	1141	0.0406	1.14061443677	-1.9366357588299998	2.68586184576	-981.678576835	0.9850243501070001	33153	0.0056	1.2828006700599999	1.6029231380700002	-989.9644441610001	0.909983378323
137	1847	152	746	67.0	0.0357	0.5273	1.0613042522799998	0.44825223436000006	-525.177026674	0.00110418934388	144	0.265	0.650224900611	0.9791899812579999	-394.66733625	0.640392091122	574	0.0482	1.0212847518000001	-4.32980506488	3.21386666163	-363.354911463	0.9856915066099999	2450	0.018000000000000002	1.09124193968	1.68682332856	-364.471281771	0.9627758089219999
138	5206	127	1083	225.0	0.0821	0.5131	0.798976363526	0.44648369616300004	-597.037429417	-0.217859322391	582	0.1982	0.683137064157	0.9955070970540001	-436.956978021	0.703810972342	3085	0.0314	1.02021275912	-2.81207046208	3.5323113859	-418.537964676	0.9778168391600001	54341	0.0113	1.0770835286700002	1.48409529675	-420.71523215400003	0.918907254889
139	780	250	95	17.0	0.1494	0.5968	0.9961099758349999	0.469396415989	-489.25921441800006	0.684254492584	26	0.4483	0.595925284095	0.8597003445029999	-433.187688121	0.8376566580679999	63	0.228	0.916611561338	-1.92984854135	1.83102352436	-412.17138409	0.977754214376	340	0.0429	1.13071522155	1.9820476532099998	-417.451472272	0.903486291522
161	7352	418	3376	115.0	0.011000000000000001	0.5175	1.3146349277	0.462609111391	-1604.39434381	-0.145591712489	288	0.2326	0.6921152387270001	0.9870999825769999	-1195.03130208	0.645629257179	1071	0.0426	1.1531332868100002	-1.7879985408	2.6002358401	-1110.72926766	0.993287729153	36552	0.005	1.31008120826	1.60990854595	-1121.49048495	0.896084202885
173	4842	252	1975	117.0	0.022000000000000002	0.5173	1.1831056443299999	0.457404057656	-990.150380692	0.0491194386766	285	0.2301	0.6820828476240001	0.9884732923370001	-772.504482537	0.75024448964	519	0.0869	1.00223199979	-0.19958674455800002	2.10360536436	-732.816550274	0.982320476738	53576	0.0067	1.21255878299	1.5449051642200002	-750.240424933	0.7938816139210001
177	1012	186	185	30.0	0.0721	0.5552	0.9249473791230001	0.45715086688600004	-482.823891807	0.359473065968	54	0.3482	0.6200517977350001	0.937999643385	-392.067303456	0.705143668815	114	0.145	0.941217891636	-2.12148917205	2.13498187069	-360.926439861	0.963881003161	672	0.0289	1.10357542685	1.8433635723900001	-364.14191632300003	0.916740702515
181	2976	150	1010	111.0	0.0469	0.5184	1.0232513294399999	0.45017494627	-594.309610513	0.15371875127	260	0.2325	0.6669829323300001	0.988932446083	-465.65918228	0.812160283099	875	0.0558	0.995134839184	-1.28045585504	2.6784905382499997	-448.535161098	0.987589265297	24968	0.011000000000000001	1.10698895696	1.53522447523	-453.916088802	0.868247090975
187	771	34	146	94.0	0.2913	0.5344	0.5182672156220001	0.406192397874	-139.364201637	0.680358033318	187	0.2503	0.593328119138	0.990658380091	-128.39773576	0.968927339086	395	0.1485	0.717849002456	1.20514927016	2.0928699435199998	-130.230069737	0.952824524278	25374	0.0354	0.81531351353	1.3949322935600001	-134.760183	0.428021221793
194	401	75	134	25.0	0.0776	0.5647	0.845702085891	0.43640273455	-193.238377509	0.21539242064800002	42	0.3617	0.592386596945	0.936446256936	-151.796329042	0.593900284525	79	0.1438	0.8522975205140001	-4.18434307927	2.6862363678	-135.758656416	0.9621691098909999	149	0.0802	0.910922440332	1.9091904023900002	-135.884166231	0.951526394303
200	1888	303	208	37.0	0.1042	0.5474	0.929626966952	0.46094248234800006	-831.620635707	0.530763489694	72	0.3268	0.639809764205	0.9487516272390001	-701.5642878089999	0.855151146626	304	0.0836	1.0529279841299999	-1.9855112637799999	2.3178238386000003	-674.412953571	0.9770236452850001	3657	0.0114	1.22422908483	1.7346676714400002	-680.718572804	0.900728149333
203	9049	244	1300	227.0	0.0491	0.5109	0.8237768814059999	0.45736804493999994	-1122.31126103	-0.6854720232529999	618	0.1967	0.7035962526909999	0.9949217406499999	-770.519537497	0.453140178591	2801	0.0245	1.1304912279500001	-3.5956428111000003	3.44497810964	-708.3208450289999	0.975859996281	38433	0.0072	1.20457038731	1.55837345956	-710.413669923	0.9462393858220001
207	2851	11	2344	800.0	0.1322	0.5499	0.576743484816	0.33675240491499997	-72.11140015550001	-0.25788359297200003	1559	0.2288	0.504082353573	0.999758105769	-53.7320368617	0.839359167442	1883	0.1316	0.5754509209800001	-0.134583065156	3.90174401699	-53.7444129359	0.9743840705910001	14307	0.0975	0.584595540704	1.30548226729	-54.3746749079	0.9013570636750001
208	2435	109	587	118.0	0.0973	0.5195	0.8461292412129999	0.442204609877	-445.115732579	0.129296366732	273	0.2294	0.657261939815	0.9904723792219999	-343.016218335	0.802192729447	2334	0.0314	1.0012757110400001	-4.92087662382	3.95188806359	-331.294807175	0.978188147422	15098	0.0148	1.04242036341	1.53027520512	-332.645832038	0.9256853584799999
209	2943	295	1439	61.0	0.0138	0.5299	1.24256218642	0.460843438239	-958.2563235639999	-0.20419111901700002	132	0.2769	0.660763278703	0.9729964495810001	-705.091691664	0.46939325768299994	340	0.0686	1.07750554473	-2.97015677625	2.57415432924	-625.724136245	0.982802544367	2248	0.013999999999999999	1.2111447231999999	1.7750975082799998	-628.675154345	0.947573441988
212	1137	282	183	23.0	0.10400000000000001	0.5738	1.13271833482	0.464256430678	-636.8912874490001	0.6409472353310001	39	0.3939	0.615080031701	0.9044743042010001	-554.004392333	0.8629622061900001	160	0.1148	1.02166416074	-2.60680499324	2.2641973223700003	-532.172969266	0.977583927578	888	0.0227	1.18222665424	1.86826037895	-535.893681068	0.9103430348360001
218	7898	227	4653	210.0	0.0115	0.5117	1.1536945418100002	0.45624141357000003	-1029.4233001	-1.68552772374	563	0.2	0.699365223981	0.994507836616	-657.1601199830001	-0.104427396914	716	0.0469	1.07183972664	-2.90105704152	2.8701944582700003	-567.3560349869999	0.9672302440330001	6769	0.0108	1.17781802343	1.65486934495	-569.6217732619999	0.944854563078
224	11140	401	2754	183.0	0.019	0.5118	1.09051595366	0.462848686583	-1726.75329865	-0.687626360626	495	0.2073	0.7077732658670001	0.992745836017	-1198.02551946	0.42331005936800004	1790	0.0295	1.1833960912100001	-2.57791576048	2.9422304039	-1089.14201165	0.9893499006759999	42259	0.005	1.30290888062	1.5982297089700002	-1095.50468712	0.9376867440559999
228	2412	379	279	39.0	0.0893	0.5461	1.03758564275	0.46096592567199995	-1048.93459069	0.580802473684	78	0.3231	0.645739746134	0.950237638747	-897.818998975	0.8770115481640001	273	0.1035	1.04475820574	-1.2046125663299998	2.0585895979299997	-868.0871661030001	0.9932621262100001	6897	0.0082	1.2749773556200001	1.70862369701	-881.8794568010001	0.85479139881
234	2882	278	1277	63.0	0.0178	0.5283	1.2306892918999999	0.45970532852799995	-914.2747417710001	0.135092178679	136	0.2743	0.6600571597129999	0.974340878531	-715.735369641	0.691577959704	267	0.1047	1.00542641698	-1.0723234089700002	2.08289682557	-664.5564314669999	0.97436670608	6737	0.0097	1.21617490105	1.6770256874	-675.839051242	0.8604380645290001
238	1053	55	188	88.0	0.20800000000000002	0.5266	0.555399897415	0.424430950184	-215.90153833	0.349555809702	183	0.249	0.6183622255210001	0.988420717932	-175.984713515	0.87217742783	983	0.0572	0.866002122457	-3.24109955128	3.5493961722600003	-173.974994863	0.946723924681	6329	0.0275	0.906262406802	1.5061579555899998	-175.068548558	0.858296124878
247	1271	315	211	23.0	0.0719	0.5761	1.09189035067	0.45898071212499997	-711.690887575	0.578186024691	40	0.3926	0.618481981316	0.904578950686	-609.795963567	0.8032691055940001	90	0.1968	0.954140293662	-1.53355505619	1.8121447894599998	-572.520146985	0.978903242024	822	0.0233	1.1989508783	1.8931015621	-581.428230556	0.8734665282870001
248	921	127	211	38.0	0.1062	0.5413	0.9403122497740001	0.446433557104	-369.432665181	0.6148571977489999	71	0.3174	0.620051840125	0.958450220525	-320.45911277	0.8974211594779999	136	0.1635	0.86025374248	-0.49230574837200003	1.8685265113999998	-312.066348878	0.984200760874	2862	0.0188	1.05973505003	1.65284811929	-319.640349215	0.809759914508
259	961	223	116	24.0	0.1245	0.5702	0.935684478036	0.459847693591	-520.61355943	0.645939691891	41	0.3834	0.614916795128	0.913345552981	-454.775322354	0.8640600394269999	104	0.1704	0.935396793804	-1.51764295628	1.92207327351	-437.427183459	0.986458684122	934	0.0233	1.1429601118500001	1.8300411511	-443.700292003	0.8706678195630001
270	1046	138	259	40.0	0.0691	0.5432	0.9306782622959999	0.446363185855	-407.983257956	0.30934434302200003	77	0.3111	0.625064111834	0.960889534152	-326.019892862	0.741361338661	214	0.0927	0.951780403199	-2.6558790545099997	2.5413506436200004	-304.715290196	0.990482544921	1149	0.0247	1.06257887558	1.7431762313799999	-306.52709584	0.943660711265
282	2796	61	1173	218.0	0.0779	0.5188	0.8530750867829999	0.426249441756	-293.659038131	0.023357569761299997	523	0.2034	0.6493882112870001	0.996078314585	-225.894754001	0.853277825385	1895	0.0529	0.8824859966799999	-1.42018192884	3.30011179764	-221.394296483	0.987195072846	39558	0.0211	0.931520898756	1.43181447018	-223.602937639	0.867296772795
283	1045	192	154	30.0	0.084	0.5564	0.885745490803	0.454398840635	-498.470906357	0.22811521429	54	0.3479	0.622337333282	0.9380294241830001	-388.432528496	0.6162493910869999	332	0.0486	1.06771504121	-8.63330736722	3.72861092046	-345.063216203	0.988681696136	401	0.0388	1.0944375898	1.91576637005	-345.26020964300005	0.9848424120829999
287	6137	127	3579	265.0	0.0221	0.5126	1.05843896145	0.445672020289	-618.170597331	-0.76885340736	703	0.1914	0.6873870670569999	0.9963216870620001	-423.190297024	0.490792715369	1860	0.0364	1.0107373938	-2.89008147393	3.37340561658	-392.241140332	0.986804916591	24613	0.0124	1.07434544051	1.52024715268	-394.353288239	0.939620291407
301	2445	398	186	38.0	0.1813	0.5468	0.963473865604	0.46447792388899994	-1086.19877572	0.744434836079	75	0.3274	0.645312264825	0.9477269413689999	-985.417854695	0.959538531656	242	0.1347	0.9967388798029999	-0.369096944116	1.81156691324	-979.741813715	0.986810749461	17119	0.0061	1.2943566748	1.65036367917	-1005.30582335	0.7271242388920001
308	37	12	10	9.0	0.4773	0.6234	0.39846351731299995	0.34430240272	-23.31318133	0.8242711296549999	11	0.513	0.46126782442	0.857836298645	-22.1658038905	0.9137979667049999	13	0.4426	0.496389585902	-1.14743894001	1.6915060020800001	-22.3757003347	0.9621208769249999	23	0.2771	0.559826223288	1.8679892999	-22.811535042600003	0.83163336754
309	1188	296	83	23.0	0.1984	0.5741	0.8758537101809999	0.463188455454	-666.953293167	0.720784733352	39	0.3955	0.614982137631	0.903829125665	-598.047968545	0.90746468683	137	0.1455	0.9872243490520001	-1.63437866928	1.9853110266299998	-586.369173874	0.9828898984119999	1403	0.0175	1.20210034144	1.82299296182	-594.030217302	0.861982791706
310	1595	23	580	264.0	0.2066	0.5299	0.545117040549	0.386337737573	-120.333466767	0.12955166632200002	557	0.2139	0.5842858547640001	0.997686279346	-94.9831017299	0.889598444944	1935	0.08	0.718665097429	-1.77983502738	3.90327998855	-94.98439877610001	0.9428559484550001	16623	0.0505	0.736955731482	1.3730531981099998	-95.77799591870001	0.8279136885449999
316	4125	314	1773	82.0	0.0167	0.523	1.25275110425	0.460899257992	-1110.41812062	0.0808481689555	189	0.2541	0.674482628732	0.981206280658	-857.9289277260001	0.718127974112	529	0.0674	1.0699955170200002	-1.36357907559	2.34676851476	-803.151350817	0.9938866812720001	15524	0.0072	1.24767993445	1.6332323723299997	-813.399906687	0.8765341174600001
317	982	202	113	27.0	0.1138	0.5597	0.8784485212559999	0.461452228225	-499.059332576	0.514489350515	47	0.3649	0.618290879417	0.9272062256929999	-417.363078181	0.802507618637	178	0.098	1.0003719558	-3.186496271	2.49998619438	-393.132361355	0.989051321065	734	0.0271	1.12009798771	1.8444700264900002	-394.922673425	0.945377199065
318	1142	316	245	20.0	0.0567	0.5862	1.18934865381	0.458125219765	-673.570735205	0.555331914889	34	0.4146	0.611357163396	0.8876451894349999	-573.7703522319999	0.768559707637	77	0.2091	0.954746224845	-1.90969822749	1.8495445341099999	-531.3938001719999	0.9717415613779999	487	0.0329	1.1818406772399999	1.96422257884	-538.1136089280001	0.897028757077
323	1330	294	156	26.0	0.0997	0.5651	0.9798732519460001	0.462854252112	-702.555232579	0.629435865694	46	0.3736	0.6226466463920001	0.9192479645730001	-610.81276495	0.854822752649	105	0.1866	0.9448170200589999	-1.1323770525399999	1.7795124185099997	-583.895662084	0.9821724752009999	1492	0.017	1.20231062169	1.8155779171200002	-595.426685607	0.844851082712
325	3063	271	885	68.0	0.0396	0.5267	1.1876658977799999	0.45817532991099996	-915.8249856110001	0.495835620832	151	0.2668	0.663614917746	0.9771123144670001	-778.134332902	0.899768905698	283	0.1342	0.947524255391	0.147198812961	1.79982567338	-753.154017428	0.9849320020360001	39639	0.0067	1.2253915570899998	1.5662928187799998	-778.8960984380001	0.70104172014
340	2089	109	513	101.0	0.0933	0.5212	0.864424917509	0.44218458301799995	-427.992626825	0.33644385357900003	228	0.2378	0.652909952621	0.988435755949	-350.282572261	0.8872448803399999	636	0.0765	0.9242087563770001	-0.45634640455	2.44278907369	-343.10195705	0.992178084048	26414	0.0138	1.04466862114	1.50248807888	-349.19228907300004	0.820743026389
348	951	254	135	21.0	0.1271	0.5820000000000001	1.0449596784	0.46351061997599996	-551.903538358	0.636914641597	34	0.4071	0.609489037093	0.8934176936750001	-480.087624569	0.844338299066	113	0.1462	0.98243511953	-2.42316360464	2.13283979012	-458.026856256	0.997172173319	584	0.0296	1.15240854184	1.90643094995	-461.67200807300003	0.9241161020049999
350	1451	47	781	138.0	0.0605	0.5254	0.8024220995260001	0.417870811772	-207.433896896	-0.331980241924	302	0.2263	0.62251588765	0.993636246551	-149.246833399	0.615526892391	617	0.0673	0.834907745596	-3.7216485359300004	3.54950385428	-140.118154239	0.9646636868100001	2585	0.0352	0.871910011656	1.5416035903100003	-140.70080269	0.950147275019
365	5288	205	2434	153.0	0.0206	0.5146	1.1282068115000001	0.455213017816	-867.262020433	-0.266972448899	386	0.2149	0.6866910684299999	0.992043831048	-637.241301413	0.647157244743	1012	0.0492	1.04613606812	-1.43772220181	2.68015258255	-597.461132125	0.990310642114	32353	0.0084	1.16945727155	1.55119812445	-603.94210798	0.8921587308230001
368	6781	199	2494	201.0	0.0231	0.5121	1.00188788849	0.453925297424	-898.237444748	-1.1907229919700002	531	0.20199999999999999	0.694254052255	0.994365235312	-587.034986559	0.145901996343	1151	0.0351	1.07845939144	-3.91229448845	3.2801122622600003	-517.85381313	0.969647792017	8031	0.0112	1.1543908067200002	1.62913591154	-518.620384385	0.966325971424
374	2141	31	648	283.0	0.1653	0.526	0.573130929687	0.400965567095	-162.06075468	0.08970752473789999	635	0.2043	0.611501111253	0.9976235841709999	-127.706338955	0.8928858399490001	1896	0.0745	0.7658929721789999	-0.64273754876	3.3932397684400004	-127.122604298	0.9623131819990001	35438	0.0376	0.7972986381470001	1.37451705442	-128.660155869	0.8253827069799999
384	4540	354	1366	81.0	0.0263	0.5233	1.2123182969700002	0.46110394838200003	-1243.01571407	0.161185236121	188	0.2555	0.675677731828	0.980607711875	-973.9019932089999	0.750570235143	624	0.0621	1.09221478102	-1.3251792688700001	2.3635679109	-919.4713121980001	0.988437105705	22288	0.0062	1.27389401978	1.6228287507700003	-931.363992112	0.879460176261
388	1829	36	560	216.0	0.1529	0.5244	0.604959188252	0.40879491059199996	-177.051565948	0.036367602538	480	0.2117	0.616771800537	0.9965454175599999	-135.28662509999998	0.840538843367	2521	0.0539	0.8078445809929999	-4.5419712816699995	4.44912644714	-133.169258173	0.963151800189	13688	0.0352	0.8256974124070001	1.4249268368	-133.83803979799998	0.9032136318
391	1004	126	254	42.0	0.0719	0.5377	0.897184462444	0.44853736761000007	-379.249059965	0.20836362197500002	80	0.3073	0.621647013001	0.9634646251799999	-296.60867043	0.6723289859720001	217	0.0871	0.9491874714309999	-3.22948377097	2.6991146277399998	-273.676026151	0.9721167548880001	885	0.0284	1.04191846609	1.7574535829799998	-274.712880116	0.9552031897650001
393	1046	284	170	21.0	0.0964	0.5822	1.1135282432200002	0.46553629963	-611.654203207	0.634830685409	34	0.4114	0.608818250685	0.8907797782200001	-532.35825028	0.837484223865	98	0.1717	0.969825969014	-2.0226517941499997	1.97334576477	-506.15611715800003	0.9866922939120001	622	0.0282	1.17300254199	1.9143491042400003	-511.51039574199996	0.8990372049590001
394	2487	350	425	44.0	0.0599	0.5408	1.0925850795	0.462008566235	-1010.44249205	0.47025035286300004	88	0.3102	0.64875749849	0.957271364465	-842.382032308	0.826429397995	253	0.1088	1.0281300979899999	-1.1453345098	2.03614668511	-803.0433917439999	0.988503745778	6295	0.0088	1.2588049833600001	1.7070082314300001	-816.133699223	0.864240191982
401	9270	503	4219	124.0	0.0093	0.5159	1.35170300073	0.464945588944	-1954.81568371	-0.24171614842099998	317	0.22899999999999998	0.697510316577	0.987845646577	-1441.44910022	0.596561821456	1027	0.0455	1.16870771511	-1.51650909969	2.4845717706799997	-1331.57675312	0.992215308636	48125	0.0042	1.34843061462	1.61144920401	-1346.45186222	0.894843202371
404	1115	243	109	26.0	0.1515	0.5643	0.8693256132780001	0.46106458006800005	-584.577489162	0.633643986061	45	0.3724	0.6194149727939999	0.920889545008	-508.174598016	0.871044533846	157	0.1237	0.987498100432	-1.99673856073	2.1545979206599997	-490.88414863800006	0.984889911049	1248	0.0196	1.16467845473	1.80964907463	-495.78195586	0.899265074654
407	2230	31	1134	295.0	0.1068	0.5254	0.728852593338	0.401825859859	-163.332383164	-0.06416952700709999	664	0.2023	0.612189803016	0.997737097817	-123.315634696	0.85354980334	2286	0.0639	0.775825543801	-2.61695132385	4.02294411073	-121.461199189	0.978842716602	18988	0.0389	0.7966280622149999	1.39706643971	-122.28845033700001	0.901799239155
411	1246	267	218	27.0	0.0863	0.5638	1.09078469525	0.462926683526	-647.396479557	0.618914275428	47	0.3706	0.61932426455	0.9227965110809999	-560.493376154	0.8615847940289999	132	0.1492	0.9675486666709999	-1.53021523836	1.97041818947	-537.990407366	0.9870480213989999	1418	0.0179	1.18410835206	1.8085244792299997	-545.5258060580001	0.8674510068260001
414	4276	376	1851	72.0	0.0137	0.526	1.28884224309	0.46163324994599997	-1273.08684852	-0.10739006006400001	164	0.264	0.6718704641009999	0.9772971343189999	-948.5812498460001	0.566410429646	563	0.0529	1.12937350108	-2.67813364371	2.6150633866	-860.375976879	0.991270374167	6147	0.0085	1.27194261721	1.71663561743	-865.402860564	0.939342893179
419	961	229	147	23.0	0.11199999999999999	0.5713	0.996162724234	0.458184848571	-527.689731987	0.613914674864	40	0.3865	0.614575117896	0.9099198356270001	-456.67814970800003	0.8372866056749999	97	0.1757	0.935650375871	-1.6651853332100002	1.93054744843	-435.105435875	0.9819545966240001	766	0.0258	1.1425519905700001	1.8570672399300001	-440.99883618800004	0.888983791964
421	7416	71	2973	516.0	0.0523	0.5136	0.7948863010189999	0.43188873770900005	-400.717818239	-1.30077583688	1395	0.1733	0.6776633648389999	0.998535134495	-256.977257372	0.271850147476	2114	0.0424	0.920069766098	-3.23051516732	3.72661890679	-237.01183506299998	0.938394012938	18287	0.02	0.959549830723	1.4788308963999999	-237.50034666099998	0.948796455054
423	4111	444	648	60.0	0.0444	0.5313	1.0958520032899999	0.463971573102	-1407.2753787000001	0.335199698234	131	0.2814	0.667180818902	0.9701657763220001	-1140.28266704	0.7886668087980001	400	0.0854	1.0818894751	-1.0673284991399998	2.1160061096900002	-1080.03763049	0.986862757972	16064	0.0058	1.31485154694	1.6652049079	-1097.71233811	0.8625549526109999
424	4860	477	2217	67.0	0.0098	0.5285	1.3418889139	0.464980008164	-1560.03512402	-0.23593169636300002	150	0.2726	0.672051878227	0.973742907641	-1141.50846585	0.46377541164999997	556	0.0488	1.17449236756	-3.3324268627499998	2.68765848587	-1010.30983781	0.9913033399510001	4097	0.009000000000000001	1.30983067733	1.7768627408900002	-1014.18551376	0.953131489583
426	936	289	107	18.0	0.1641	0.5951	1.06357693788	0.46541442968099994	-578.546720576	0.742534518613	29	0.4375	0.605492956672	0.8674665167929999	-520.975707228	0.887433989216	83	0.1974	0.948573087897	-1.8116445058700001	1.8695231160900003	-505.880991785	0.9855732723200001	571	0.0297	1.17305284326	1.92843054629	-512.245709956	0.881281937905
430	1102	264	64	23.0	0.2045	0.5729	0.782006896602	0.457106745204	-606.736221229	0.701919284715	40	0.3881	0.6127431131750001	0.909215834776	-540.639026299	0.90097760169	128	0.1515	0.967171838545	-1.55176697502	1.9668642980000002	-528.032487599	0.9927947905589999	1322	0.0186	1.18058771308	1.8144669072400001	-535.417274074	0.864974257382
432	1095	227	157	27.0	0.0932	0.5624	0.910396977795	0.45850436751	-558.849995971	0.34338138568000004	48	0.3645	0.618928457963	0.926390245864	-448.413442606	0.677471965328	229	0.0703	1.0586806098600001	-5.4079996890499995	2.99225018489	-406.03954534400003	0.9904662504389999	468	0.0346	1.1269211453799999	1.91992307343	-406.263667653	0.982166583678
436	1029	296	156	19.0	0.1093	0.5867	1.13517729896	0.462133355223	-617.44247721	0.7060534898399999	32	0.4199	0.610294395839	0.8809156327940001	-548.706677333	0.869544767871	74	0.226	0.926602096548	-1.41155404023	1.7305960289200002	-526.1370091059999	0.9881790752320001	670	0.0267	1.18217953559	1.9104114536	-535.540335515	0.861901468978
439	826	242	42	18.0	0.3197	0.5902	0.681395288245	0.458677488401	-499.56217922699994	0.794002326905	30	0.4263	0.606288680489	0.8775847479700001	-460.51010049900003	0.924572082244	88	0.1937	0.923866896137	-1.44237567003	1.83303050238	-456.757990375	0.977682616856	792	0.025	1.15292939838	1.8608044520299998	-463.988490829	0.829129940714
442	1502	269	174	32.0	0.0945	0.5536	0.9245915530769999	0.45807096723000007	-705.966607636	0.464095053592	61	0.3417	0.633126286828	0.940228520548	-584.641201001	0.790428574699	220	0.0947	1.03271320849	-2.49213068205	2.35262946479	-550.5352008909999	0.9903734320540001	1529	0.0172	1.18706809692	1.80161483804	-554.343868277	0.9335457082240001
444	4599	109	2465	225.0	0.0291	0.5137	1.00784959925	0.44286513960100005	-515.602823847	-0.69333907176	575	0.1984	0.6772592758239999	0.995662500339	-356.594096671	0.47749326949299997	1129	0.0477	0.969864875749	-2.2692586886700004	3.1065150830299997	-330.425582347	0.9741603487809999	14995	0.0148	1.0423980301	1.5306344693599998	-332.444095596	0.945757713282
446	985	180	173	30.0	0.0955	0.5538	0.931345556456	0.455157739397	-468.391750072	0.539474739474	54	0.3475	0.619063783172	0.9385018423200001	-396.06903934	0.826372933244	129	0.14400000000000002	0.929775355467	-1.58992091837	2.05798634885	-377.050035826	0.987113573941	1149	0.0224	1.11006434915	1.7786330073900003	-381.879795881	0.890574163047
447	57	19	19	9.0	0.3282	0.6404	0.591038289531	0.347020573515	-36.2813075911	0.701387961768	12	0.5229	0.453152431695	0.851022876799	-33.0328752212	0.843358015903	16	0.38799999999999996	0.5862400552179999	-2.13421537926	1.9467809025799998	-32.2888578831	0.977988366761	27	0.2518	0.6403358780039999	1.9561731423599997	-32.6453303452	0.943119810538
451	7040	477	3658	98.0	0.0076	0.52	1.3465621140200001	0.46434578662299997	-1744.47340685	-0.484716880651	239	0.2438	0.687819236722	0.9838408586380001	-1256.32509612	0.39461840130900006	456	0.07200000000000001	1.11844946219	-1.5481842560699999	2.2505305138900003	-1121.53993985	0.970411800122	11969	0.0061	1.32541470011	1.69232655104	-1135.00818264	0.8992615158059999
455	5563	160	1900	198.0	0.0378	0.513	0.9851046457960001	0.45063251805	-725.471740352	-0.446171196844	513	0.203	0.6871558210269999	0.9945031419079999	-523.6423957569999	0.566501811119	996	0.0545	1.00384710989	-1.03257667457	2.64305415806	-490.970191386	0.964678899511	38682	0.0098	1.12151749428	1.5198656267	-497.151906231	0.9006113996799999
456	8652	499	3973	117.0	0.0092	0.5169	1.3503783347100002	0.465378367906	-1907.94220546	-0.275193909124	294	0.2326	0.695307290314	0.986862082068	-1395.42312419	0.563489873931	1056	0.0412	1.18165875484	-1.9805391638099998	2.5959123732799996	-1279.74949821	0.990576912132	31755	0.0046	1.3437088468	1.6341561018200002	-1290.89038081	0.913406077606
457	4254	147	1258	162.0	0.0559	0.5147	0.9714817301880001	0.44917488355499996	-639.112197688	-0.126558267515	404	0.2121	0.67822342003	0.993104670378	-473.78498974	0.705328994796	2005	0.0342	1.0350986204000001	-2.81744106599	3.3320043787199998	-451.27217957	0.9787141843200001	30306	0.0108	1.1038696713	1.5237617446599998	-453.67387943800003	0.921267136829
458	789	245	67	17.0	0.2161	0.5955	0.8687840007780001	0.460761319586	-488.797975274	0.7034006347339999	27	0.4423	0.5964967942180001	0.866316772997	-435.53887191800004	0.865965550453	98	0.1566	0.976853224932	-2.6588266586900002	2.14477395444	-420.73255531	0.9878849825239999	410	0.0376	1.1344642902200002	1.9504715285299998	-423.635499536	0.922609309869
463	2925	307	1447	58.0	0.013000000000000001	0.5314	1.25520639608	0.45911887362099996	-982.333840656	-0.173927025728	125	0.2815	0.658819493961	0.971286693136	-727.2817748089999	0.47913276288999995	303	0.0759	1.07152631174	-2.6981990640099998	2.4701966302200002	-645.934634437	0.9805588768269999	2233	0.0138	1.21822267312	1.7806437972599998	-649.620876806	0.9392530263400001
464	929	253	216	20.0	0.066	0.5812	1.18748811105	0.46204741165700003	-543.992958305	0.633538405424	33	0.4133	0.6054943601439999	0.890284515917	-472.58590497800003	0.839604794717	87	0.1834	0.945593903305	-1.96669356857	1.9450420036700002	-448.217661884	0.975365581196	529	0.0316	1.14865299369	1.9192636440000002	-453.11675013	0.883143786962
471	943	202	106	25.0	0.1219	0.5670000000000001	0.8626980471310001	0.45397044247100005	-489.87096630400004	0.547826713213	45	0.3691	0.618359948525	0.9228358790279999	-416.46631768300006	0.811132548019	117	0.1469	0.947584848608	-1.9607009809400002	2.08640133203	-394.696804808	0.97770905862	786	0.0261	1.12172475218	1.836311065	-398.863463953	0.908915918699
472	1105	177	243	34.0	0.0801	0.5493	0.99281189892	0.45337159177299996	-486.166727726	0.43320052018700006	64	0.3315	0.624600871288	0.9488878954790001	-399.425743468	0.794462748561	212	0.0936	0.9822790304100001	-2.64900226579	2.47374076494	-376.83796082099997	0.996639782923	1211	0.022000000000000002	1.10801299502	1.7709288429599996	-379.229574437	0.939133002969
473	5007	115	2939	235.0	0.0242	0.5128	1.04282195266	0.44359072824600004	-547.640029994	-0.730785083329	606	0.1965	0.6805605770350001	0.995825310973	-378.422905538	0.46882345548199994	1106	0.049	0.974221599166	-1.9703492211099998	3.0094702071499997	-350.557030211	0.975182351259	17883	0.0139	1.05360589646	1.5267545255700001	-353.097132812	0.933754026938
475	6052	132	2333	253.0	0.0266	0.5124	0.930106637989	0.44650166874799996	-635.495058525	-1.42720219247	670	0.1929	0.6877414059170001	0.9960795305329999	-399.40484384300004	0.0832626574061	2081	0.0256	1.0448038902299999	-8.93218630266	4.58270577428	-348.49279799199996	0.9847216498549999	4715	0.0162	1.0717582806200001	1.62069292268	-348.431951491	0.986432419736
481	10822	362	1894	194.0	0.03	0.5115	0.978587444379	0.46204406001000004	-1585.84138473	-0.708114387637	527	0.2044	0.7074910939069999	0.993377029385	-1088.97832724	0.40672468062899997	2511	0.0231	1.1907492089	-3.54006015264	3.2768609035100003	-989.25216227	0.985315323157	37128	0.0055	1.2819371313299999	1.59596846012	-992.387113651	0.956568439707
484	1060	241	139	24.0	0.121	0.5695	0.9474259921529999	0.454088813917	-568.228712686	0.584046005512	43	0.3785	0.620195270335	0.915884047418	-486.926235401	0.830763089139	131	0.1362	0.978591123514	-2.14568116629	2.12950560569	-463.284250545	0.9932507013240001	857	0.0239	1.15428248025	1.8508264809000001	-467.608003014	0.91852361106
485	973	221	122	24.0	0.1305	0.5673	0.9139106301700001	0.45892150501900003	-521.322039321	0.586422352501	42	0.379	0.6148455826079999	0.9160055145620001	-447.311369198	0.8323042089480001	128	0.1361	0.968672766751	-2.19689833855	2.15310790009	-426.270010106	0.987558459244	790	0.0255	1.13736736208	1.8482723884599999	-430.113798313	0.915698634658
487	5341	138	2824	215.0	0.025	0.5131	1.082076223	0.447576601555	-640.71783195	-0.250001461503	558	0.1996	0.684978013652	0.995180303338	-469.921321619	0.7207126930419999	2028	0.0383	1.0160013486200001	-1.8444496079	3.13065701509	-448.169130856	0.990648825219	55882	0.0106	1.09359621047	1.4901793864700001	-452.085528179	0.888372959374
488	5689	133	3236	237.0	0.0224	0.5128	1.0731480028899998	0.44699882117299994	-630.973178888	-0.56569088575	620	0.1959	0.686475226868	0.995734260472	-450.219016613	0.563014282989	1007	0.0574	0.975785495732	-0.841576877355	2.65006616757	-422.24381808699997	0.976205997088	41499	0.0112	1.08535499543	1.49997041366	-428.027046139	0.887460924569
491	1083	302	109	20.0	0.1279	0.5857	0.9747314448280001	0.462629740465	-640.99378623	0.658754091154	33	0.4154	0.608195700061	0.88633881335	-562.375304801	0.8491084462559999	93	0.1829	0.966067476771	-1.84194739716	1.9020744137299999	-536.898031298	0.987358545481	661	0.0268	1.18512177595	1.9151330675	-543.425756452	0.890898422604
496	893	221	131	22.0	0.0911	0.5757	0.9698911053399999	0.457420567693	-499.67825485599997	0.530434477017	37	0.3957	0.605810133234	0.904780454934	-423.073272584	0.768379880494	83	0.1852	0.9322825442530001	-1.98403842537	1.9585033844599997	-394.23088588300004	0.970069158404	477	0.0344	1.12281702459	1.9130740616900004	-398.635478074	0.908515360554
499	10955	612	4854	124.0	0.0081	0.5163	1.3911005594299999	0.4660954212100001	-2360.08701752	-0.295779843016	319	0.2299	0.700436333362	0.98738604479	-1727.91777181	0.559491193626	1074	0.0434	1.20002538449	-1.6086963493200002	2.47442700933	-1585.81324583	0.990372511772	50819	0.0036	1.3874871105500002	1.6258416386	-1602.84706141	0.9010197878299999
501	758	24	157	121.0	0.3722	0.5332	0.401622952229	0.389850839445	-106.479087385	0.7237477981029999	236	0.2433	0.571774924342	0.993882454932	-100.84015675299999	0.943977868205	413	0.1803	0.655555296354	1.8938000397599999	1.9671683754499998	-101.859171315	0.9559514408159999	43064	0.0467	0.746205533264	1.34511260551	-106.882925246	0.18069877777100002
503	428	76	127	26.0	0.1029	0.5604	0.849925096072	0.43388699194700003	-200.170820037	0.47689425094	45	0.3548	0.593109479106	0.940944902599	-166.791717712	0.788871516021	78	0.1746	0.816668205353	-1.8853075011000002	2.15354989285	-157.457504694	0.980940672884	349	0.0506	0.935622893947	1.7890641510099998	-159.115088711	0.918880849024
504	755	161	178	25.0	0.0747	0.5651	0.995906391269	0.454453407691	-391.259482219	0.516734314791	43	0.3705	0.6125417937600001	0.923336617649	-329.16678846400004	0.794623613224	92	0.1683	0.90873268654	-1.90358099502	2.03913371491	-309.027017242	0.9751198095129999	532	0.0338	1.07344996296	1.8510661677400002	-312.29880392900003	0.897364205458
506	5523	202	2245	162.0	0.0243	0.5143	1.08881016488	0.454647368443	-866.558687802	-0.264604726104	412	0.2121	0.6878260831899999	0.992600703292	-639.664787273	0.654238286501	951	0.0541	1.03353630692	-1.0410730941	2.56714909907	-601.619424396	0.988387220677	42071	0.0082	1.16779609615	1.53687374412	-609.529785573	0.880882778347
507	557	17	138	114.0	0.4	0.541	0.369879795053	0.36788913254100003	-76.056875889	0.803505829344	210	0.2589	0.539102564952	0.994386814535	-76.3032199377	0.783412210659	198	0.3143	0.546052150583	2.55103455671	1.43373322778	-74.2937769727	0.931797067459	43421	0.0636	0.676171380661	1.31406671779	-82.0614771279	-0.687204395727
510	6136	459	2711	88.0	0.0109	0.5222	1.3356569153	0.463649752919	-1631.51860712	-0.0492323210099	209	0.2509	0.682765966077	0.9816284718080001	-1231.67946798	0.645081819367	741	0.0511	1.15027254466	-1.86493340585	2.48018170979	-1137.82738164	0.991112290669	19283	0.0055	1.32305333969	1.65666627324	-1148.85255687	0.8987822155480001
513	333	59	95	25.0	0.151	0.5619	0.800791502975	0.430346852341	-155.539638823	0.548910637554	42	0.3566	0.577649034988	0.941129021347	-132.65470353	0.83967785852	79	0.1744	0.788783091726	-1.8705050514400003	2.22110896801	-127.640204203	0.965198065739	332	0.0558	0.891871728071	1.7548273245700001	-129.063382967	0.911509341353
522	6075	425	3210	94.0	0.0082	0.521	1.31991692061	0.463678560061	-1540.20985118	-0.56531115991	224	0.2464	0.684712547785	0.9831580248109999	-1092.46628773	0.33598944573899997	482	0.0617	1.12766159594	-2.23382440651	2.4426460547	-963.7168881160001	0.977908445798	6797	0.0078	1.29635000636	1.72206333974	-970.964403279	0.932441423237
531	2786	260	1287	64.0	0.0175	0.5297	1.21654097969	0.45715195796499997	-864.108780775	0.0744318881182	140	0.2719	0.660409915527	0.975441160352	-668.116049701	0.671634330788	287	0.0952	1.01214460975	-1.33700872708	2.18428238685	-617.557036722	0.985688854202	5572	0.0106	1.2013770563500001	1.6838089050999998	-626.063573948	0.878828721152
533	1042	275	147	21.0	0.1319	0.5787	1.11693391591	0.46402829768700005	-601.351477143	0.788473122771	36	0.402	0.615645950012	0.895292315433	-550.935391847	0.929593871482	70	0.2588	0.870922524201	-0.639244935607	1.5339833730799999	-539.596685615	0.980678135755	1343	0.0183	1.18806761309	1.81811792162	-555.2395425130001	0.751348290846
534	4453	396	2227	72.0	0.0099	0.5262	1.30528157311	0.462679149988	-1336.13358151	-0.347002399122	163	0.2651	0.672562702277	0.9769575476819999	-978.1745818019999	0.4043792369	278	0.0949	1.06895703214	-1.63972302283	2.1540931083099997	-867.036050946	0.967036308195	4637	0.0093	1.27748600157	1.7451363441	-877.34744742	0.904182919042
535	7218	412	3487	115.0	0.0101	0.5173	1.31018371042	0.463088738608	-1579.69493732	-0.202997544714	286	0.2329	0.691797495261	0.987034980307	-1177.94244323	0.612396073892	648	0.0647	1.1027151672799997	-1.02160921811	2.27256849708	-1089.30865644	0.985355842853	35951	0.0051	1.3071244012999998	1.60951195879	-1106.09321369	0.861976326161
536	5599	356	2452	100.0	0.0142	0.5198	1.27954441332	0.460745379042	-1325.3613348	-0.0103029063846	242	0.2411	0.683312535809	0.9851122001520001	-1008.55874581	0.697338554904	803	0.0523	1.11113606444	-1.50242174819	2.4830298481999997	-944.34913298	0.9923928917489999	28101	0.0059	1.2767459404700001	1.6098903977599999	-955.179175706	0.882038351367
539	1041	259	153	22.0	0.1142	0.5742	1.04882615563	0.461803249776	-584.013613342	0.648113125995	38	0.3936	0.610246638306	0.9040330201029999	-509.99759154699996	0.8651055900929999	123	0.1448	0.979615923458	-2.0444716213900005	2.0703050170200004	-490.148100879	0.979881795443	838	0.0238	1.16608261819	1.86344817348	-494.99724115699996	0.897126238557
541	9090	500	3563	123.0	0.0107	0.5162	1.27855298268	0.465184657771	-1936.15036351	-0.427096008649	311	0.2299	0.696730110769	0.987632871495	-1397.46386461	0.487720219058	814	0.0506	1.15943622249	-1.6227639659	2.43720882711	-1269.80646718	0.987920686438	29138	0.0047	1.3433864513100002	1.63941390318	-1283.40852594	0.89906362752
543	6159	448	3100	91.0	0.0086	0.521	1.32961586627	0.464964448802	-1605.44901921	-0.439451078601	216	0.2489	0.683559229813	0.9822850605869999	-1153.74331657	0.404945456633	521	0.0595	1.13743082817	-2.1858303452200003	2.44467739509	-1026.47523418	0.9802620727820001	8113	0.0071	1.3086735974500001	1.71413665908	-1034.54065358	0.928949572667
544	5866	365	2983	103.0	0.0103	0.5187	1.2882207521200002	0.461517417558	-1367.01744174	-0.289315779137	250	0.2391	0.6851676296979999	0.9855201936579999	-999.845624315	0.542792682803	671	0.0539	1.11562433134	-1.8941335124400003	2.50834046675	-912.042842475	0.9916016480859999	14748	0.0067	1.27625375058	1.65139702725	-920.532307521	0.908310050988
548	6645	408	3039	106.0	0.0114	0.5185	1.30952061536	0.463124403354	-1533.67390732	-0.11978841124600001	261	0.2378	0.688794230308	0.985765727645	-1151.48003677	0.6410164157720001	735	0.0567	1.11885631877	-1.3349455931899998	2.38628920563	-1068.68551297	0.9895799707899999	30727	0.0053	1.30406615715	1.61746146033	-1082.20659452	0.881187271307
549	5270	317	2314	105.0	0.0159	0.5182	1.2566007404600001	0.46173821049099995	-1198.31899606	0.0338596831845	253	0.2376	0.6836443108679999	0.9861356137809999	-917.7469518519999	0.731571549519	915	0.049	1.10242130783	-1.52406423566	2.55717877655	-865.658455102	0.9847241297220001	32348	0.0062	1.2549921072299999	1.5913104022799998	-875.44537766	0.870925276224
551	5525	312	1033	111.0	0.0496	0.5178	1.0206609904100001	0.45975591804	-1199.71894269	0.0558840542442	272	0.2338	0.685495373287	0.98721130037	-915.281785635	0.741840935164	1847	0.0296	1.1490984988200001	-2.7581386134900003	3.0590732922400004	-868.205550331	0.995419606551	37006	0.0061	1.2527093606200002	1.5826348516100002	-873.505047164	0.925054873131
553	5247	150	1634	197.0	0.0507	0.5138	0.975218732669	0.449002885242	-681.051659447	-0.28267533081	508	0.2031	0.685312904808	0.9945439224189999	-489.37275520000003	0.661846207403	3610	0.0248	1.06142963153	-4.69419944571	3.9309293475900002	-462.08247765199997	0.9916834579639999	31951	0.0106	1.10805520153	1.5230737378499999	-463.469093942	0.9539494841339999
555	6154	235	2790	159.0	0.0162	0.5136	1.1058511652299998	0.456294793446	-997.793781299	-0.9525709655619999	406	0.2134	0.690883800983	0.992192188662	-682.7362549	0.250356261902	560	0.0623	1.0449814376200002	-1.68344134393	2.50755444929	-609.483278272	0.9647001838160001	10984	0.0094	1.18892070105	1.62599845126	-615.375099261	0.9101575127200001
557	847	235	106	19.0	0.1578	0.5876	1.00023860309	0.454840728518	-500.177735649	0.70686653068	32	0.4151	0.6053654009	0.887194372714	-445.987034853	0.885461791071	87	0.1878	0.931099367096	-1.70701824236	1.8989866881	-432.042270247	0.992386044532	630	0.0287	1.1415955362	1.88513350812	-437.806108998	0.882057259114
560	1058	11	681	296.0	0.1909	0.5518	0.5222462647689999	0.337259071759	-61.1710877164	0.290607482449	543	0.2511	0.49594056450499996	0.998967776908	-53.0969959196	0.899785324095	444	0.2228	0.538258533299	2.3810005966900003	2.12619374698	-52.66377350689999	0.9438516200560001	18253	0.0969	0.58466103707	1.2982826264	-55.491505915699996	0.485870913343
561	560	144	37	20.0	0.3085	0.5794	0.6730923420460001	0.45768040763000006	-319.226415481	0.8129573871349999	32	0.4058	0.596014341353	0.899248026311	-296.994897992	0.9522021148909999	66	0.2408	0.8247408478389999	-0.723378271665	1.64936434728	-295.661908402	0.9872652706139999	818	0.0281	1.06385717873	1.7844258388999998	-303.256263127	0.769779698483
573	845	197	107	23.0	0.1591	0.5698	0.911959112441	0.456820743899	-458.86714431900003	0.6994784585430001	39	0.3849	0.6090277934130001	0.912753485143	-408.245135633	0.897134303222	94	0.1872	0.901404675517	-1.20385502199	1.8363466847099998	-397.355701495	0.987355050404	1008	0.0231	1.1232390621200001	1.80464439789	-404.42126153	0.8471582720890001
581	1350	160	292	46.0	0.0751	0.5367	0.9208713776809999	0.45086669868199997	-491.349798531	0.36571334865599997	92	0.2977	0.634348411655	0.9661912012180001	-399.365792933	0.793212022552	240	0.0983	0.955499506547	-1.66457382799	2.31303289338	-379.219321689	0.983096593053	2621	0.0172	1.10158870789	1.6874357793099999	-383.325124919	0.9025109153409999
582	3155	438	335	46.0	0.1041	0.5398	1.04463671279	0.464018365241	-1270.92516049	0.5970821735230001	94	0.3082	0.653881509977	0.9580636868100001	-1095.85877054	0.9039523567509999	375	0.0911	1.07141032091	-0.942707246964	2.06922483082	-1069.6448642	0.993172822627	16611	0.0058	1.31256370611	1.6616832607499998	-1088.40156247	0.8280795342820001
584	5032	344	2074	93.0	0.0165	0.5206	1.27013506318	0.46166159045500005	-1254.89247038	0.0638410985149	220	0.2459	0.680808295001	0.9836535925200001	-963.401316478	0.726426392255	879	0.0473	1.11857586881	-1.82007055518	2.59157519001	-905.713482197	0.992586773679	23939	0.0062	1.2688682232	1.6158999950100001	-914.570901025	0.89002054783
590	3938	122	1653	175.0	0.0386	0.5159	0.98881977165	0.444265289067	-543.968064988	-0.213145975101	436	0.2087	0.67419970199	0.993976283278	-398.939497986	0.7064879827959999	1761	0.038	1.00199326634	-2.74806135033	3.33601441416	-378.82560131800005	0.9878104873810001	24552	0.0128	1.06647299124	1.5165804135699998	-381.226402184	0.919418772973
591	1008	229	212	24.0	0.0776	0.5698	1.10075261484	0.456387136205	-540.1362926730001	0.56020112695	42	0.3803	0.613475471461	0.9159786477680001	-459.02225885900003	0.818960752072	123	0.1395	0.972492322193	-2.2363406857499997	2.13990031712	-433.64524760300003	0.991895133438	724	0.0265	1.1412586964	1.86395109656	-437.40194539699996	0.919979920197
596	214	12	69	56.0	0.3462	0.5574	0.361503128175	0.345323910141	-46.2298605632	0.630973332654	89	0.3139	0.48421250455799997	0.988614298403	-41.740140247199996	0.9639449356309999	136	0.2179	0.5569885780730001	0.392681341739	2.33755983764	-42.4297575866	0.939855603619	832	0.1072	0.600052824376	1.43756242696	-43.4811002436	0.694871462496
598	737	222	71	18.0	0.2211	0.5925	0.8874591416200001	0.462239251189	-450.966943926	0.686953114432	28	0.4324	0.598972768898	0.872344516218	-400.415378184	0.865669591637	115	0.1321	0.986857664522	-3.1423167764200004	2.32239244352	-387.060466054	0.9812363097679999	401	0.0385	1.11818974703	1.9384835103599998	-389.065827036	0.9272354411779999
600	941	38	654	106.0	0.0528	0.526	0.824410577051	0.412661372614	-159.177754545	-0.655853240137	216	0.2428	0.602194815968	0.991631142795	-105.35375265200001	0.32228691549800004	619	0.0512	0.823449898576	-44.4773456353	9.2271465412	-91.1068419437	0.976193520408	344	0.0651	0.814580138926	1.68075431495	-91.89474984510001	0.9557602604500001
603	4136	170	1263	139.0	0.0376	0.5167	0.983860200486	0.450418404825	-709.044027246	-0.135429304814	343	0.2193	0.6787871683	0.9914401408	-531.262391741	0.697799853317	884	0.0549	1.01244979419	-1.2614697956	2.6425171139	-502.49265929800004	0.9890811716339999	27408	0.0099	1.13193175672	1.5422527777000001	-508.38233782199995	0.896550568997
606	919	162	153	30.0	0.1195	0.5547	0.8996218740719999	0.450515853041	-427.981357285	0.48748377332099996	55	0.3426	0.619330577285	0.941549293697	-356.083056725	0.816216174242	244	0.0778	0.993810359061	-3.6765817251699997	2.7656315743299995	-338.110873592	0.989986841411	916	0.0257	1.0868867360299999	1.78838527055	-339.43221836	0.9513207455700001
609	524	146	52	18.0	0.2355	0.5838	0.7961576448909999	0.453309358026	-310.02506987099997	0.7771728447130001	29	0.4203	0.593245816924	0.8864784762260001	-284.326709166	0.9225785130940001	53	0.2676	0.8143160310340001	-0.922119782127	1.62652474174	-279.150195237	0.986996873704	506	0.0356	1.05569027599	1.84286914488	-285.998565845	0.8122370174469999
610	6434	390	2782	107.0	0.0133	0.5184	1.29838376412	0.46172053778899996	-1471.18358114	-0.048901232285099995	262	0.2373	0.6877829495899999	0.985998475519	-1114.49264514	0.680938384936	868	0.0508	1.1248653587200002	-1.4305887916600002	2.47028889905	-1042.38926232	0.9827328526639999	35826	0.0053	1.29633147653	1.60470176921	-1054.8337216	0.8796189676
618	5543	290	2232	119.0	0.0195	0.5171	1.2094743075	0.458910749095	-1137.8969497	-0.0359235654319	293	0.2297	0.6856839787019999	0.988396275155	-866.103842352	0.715667901974	846	0.0552	1.07649102838	-1.10164562056	2.45451407866	-817.038883123	0.990487539456	41437	0.0063	1.23897620332	1.57012939569	-828.253475324	0.869662676047
619	838	206	113	22.0	0.1122	0.5744	0.938815469992	0.45785538260799996	-467.35258033300005	0.551302079996	37	0.39399999999999996	0.60951707696	0.9057161137459999	-396.58299224	0.797086116193	109	0.1419	0.9641810934999999	-2.66701112858	2.21919460892	-372.389841419	0.9907765653049999	466	0.0351	1.11055675635	1.90566891147	-374.76080445400004	0.938087690881
621	6169	72	4789	424.0	0.0228	0.5141	0.9640048971330001	0.43256391970200003	-392.023255965	-1.2902480239899998	1123	0.1792	0.673998719736	0.998148433809	-253.737253021	0.329820272352	1694	0.0442	0.919875317118	-3.38867937554	3.6745066691199995	-233.013818373	0.986396952264	13525	0.0205	0.9613039825480001	1.4946589584999999	-233.95383899700002	0.9588610008640001
630	6216	409	2724	99.0	0.0122	0.5199	1.30215604996	0.462565374418	-1508.19628743	-0.146577548006	239	0.2426	0.6849092370029999	0.9844409111	-1122.60565252	0.612593866507	809	0.0482	1.14084332819	-1.9333337026800002	2.54923055898	-1034.69916616	0.993834843049	20020	0.0058	1.3010476365799999	1.64318040942	-1044.07100481	0.909227392324
635	5907	163	2530	207.0	0.0215	0.5128	1.00106651707	0.45074827163599995	-745.92341793	-1.0688301015000001	541	0.2011	0.689141028644	0.9947758203389999	-489.71388497199996	0.25075236731600004	1732	0.0282	1.0676057188299999	-5.76397536334	3.85612927429	-435.480203214	0.9871317466130001	7578	0.0128	1.11580015216	1.6118173602099999	-436.07381175	0.975828995054
639	6040	116	2363	281.0	0.0306	0.5123	0.897892654477	0.443646720778	-573.376908045	-1.1760481531799998	746	0.1896	0.6858636619249999	0.9966393968989999	-377.749524819	0.271041337821	1254	0.0425	0.988112105412	-2.9545893636000002	3.2813436623500003	-342.828113515	0.963562656015	12521	0.0146	1.05360235396	1.54654662049	-344.379512895	0.933156817989
640	12274	201	4426	364.0	0.0212	0.5088	1.02584514671	0.454170795723	-1025.84379437	-1.03244592284	1047	0.179	0.7118530843080001	0.997226235769	-671.43932208	0.386448589878	6792	0.0169	1.12827191123	-6.38354152597	4.36342770145	-612.971633964	0.9925182899670001	48655	0.0081	1.16744394536	1.52951558277	-614.2096715480001	0.971525303383
641	8055	331	2052	155.0	0.032	0.5134	1.1124304877200002	0.460539998683	-1380.63288013	-0.21466334375799997	404	0.215	0.698314559925	0.9914427536239999	-1009.97166495	0.647945163848	2472	0.0257	1.1677784393700001	-2.8202825876700004	3.14871607778	-946.69304069	0.994613549126	56820	0.0055	1.2667957223200002	1.56595130278	-951.86624203	0.937762614734
649	2535	238	561	63.0	0.0533	0.5283	1.01481573188	0.457471286638	-789.491993213	0.142274237485	136	0.2727	0.657723880075	0.975245185161	-607.746976075	0.697603518761	762	0.0404	1.09472052242	-4.00784168927	3.1079024033700002	-565.4460395240001	0.995424326509	4453	0.0119	1.1820594064399998	1.6911252197100002	-567.258417114	0.961015012352
654	1114	269	118	23.0	0.1511	0.5745	0.9804526619480001	0.45651987988399995	-615.786825193	0.751385987016	40	0.3888	0.6151417041430001	0.908154879417	-556.468095187	0.918952688668	87	0.2199	0.8977813143979999	-0.782383387843	1.64872843833	-543.233329996	0.9906659627269999	1591	0.0169	1.18782726773	1.79754121315	-557.186437379	0.796450558177
656	5462	197	2828	163.0	0.0163	0.5147	1.10600949278	0.453225653351	-847.910079795	-0.7712995620559999	416	0.2115	0.687819300356	0.992728056248	-596.371192547	0.377168483287	466	0.0792	0.9928660972200001	-0.8553515106039999	2.28913956019	-541.940966515	0.960140820036	16557	0.0097	1.15788856871	1.58349743957	-550.747645469	0.861082048704
659	1475	275	287	31.0	0.0668	0.556	1.08216733603	0.45985266628300003	-709.5053166519999	0.43537997196	58	0.3483	0.631456617249	0.9367312191700001	-582.227400213	0.771406058929	242	0.08199999999999999	1.05617250657	-3.20761665907	2.53062111337	-543.176559112	0.9917145737909999	1178	0.0195	1.1850833205	1.8323850301499998	-545.6073859219999	0.948838150729
665	9452	231	4474	248.0	0.017	0.5104	1.1435701851200002	0.45566599512500006	-1085.525251	-0.8633893804389999	684	0.1929	0.7049813383429999	0.995497120151	-722.7175702960001	0.394994908051	5144	0.0165	1.15176155469	-7.22248688837	4.36685687512	-654.205695062	0.993562162639	25720	0.008	1.19161441742	1.5743063344100001	-655.3496992309999	0.9798362774609999
667	5094	145	2277	197.0	0.0275	0.5137	1.01034909287	0.449155883171	-658.98374547	-0.427910164309	505	0.2036	0.683491907634	0.9945727345450001	-485.068202728	0.601939149928	595	0.0835	0.9449632703280001	-0.06942617633989999	2.23976092763	-455.436864927	0.964898257159	48461	0.0103	1.10292298722	1.5007543576700002	-465.99236015199995	0.7996276992039999
670	374	73	120	23.0	0.1055	0.5715	0.878390933265	0.427246569855	-184.62793934	0.47631918982199994	39	0.3714	0.583929945815	0.932469762862	-154.36604780000002	0.768680190195	65	0.1929	0.8047705521140001	-1.95214623662	2.1101536217200003	-145.128749011	0.9655405721200001	258	0.0591	0.922404361608	1.82215253105	-146.655862372	0.92463212858
679	3245	183	1347	102.0	0.0269	0.5202	1.08402044102	0.452694439181	-703.935435205	-0.196347006545	239	0.2371	0.669882611202	0.987233296575	-521.558268121	0.60014047728	510	0.0663	1.00791847876	-1.6496562836200002	2.5314271451	-482.950049295	0.9832021273989999	8824	0.0115	1.13915499191	1.61417557102	-487.819750019	0.9190133770799999
682	6959	392	3349	115.0	0.0107	0.5172	1.30148026285	0.4621530793	-1508.34543894	-0.178104249037	287	0.2322	0.691150729669	0.987251931268	-1115.37248788	0.632064707972	1181	0.0381	1.1574849680500001	-2.1941490083099997	2.73515913991	-1033.48086752	0.9849348660349999	29459	0.0055	1.29592640238	1.61616303254	-1041.80175155	0.899157326462
689	3573	209	2250	101.0	0.012	0.5193	1.18192016816	0.455115061904	-796.079312101	-0.348866244323	237	0.2386	0.673299299087	0.9866228548010001	-598.021548344	0.485113763952	176	0.1664	0.8942759558769999	0.0161458894697	1.7235736778900002	-544.687352656	0.950833353604	12409	0.0098	1.1673231314899999	1.60645053188	-563.749141695	0.722601956209
690	1015	142	278	38.0	0.0724	0.5441	0.99319878245	0.449674878165	-410.85636742099996	0.355993030359	72	0.3163	0.623596965526	0.957617424428	-330.35134206099997	0.7618709127330001	296	0.0691	0.986133252549	-3.94537254644	2.9251427738499998	-309.862276042	0.986514695752	1070	0.0252	1.06645875916	1.7541536048299997	-310.917834729	0.9563861137399999
701	5910	467	2426	84.0	0.0122	0.523	1.32875890089	0.464582850908	-1633.32256028	-0.25508268438799997	196	0.255	0.680542562774	0.980267606768	-1188.98590642	0.492715507862	825	0.0394	1.1875977904700001	-3.2358918731800004	2.79614249712	-1067.28680291	0.986073386614	8064	0.006999999999999999	1.31642767202	1.7189824615400002	-1071.44347044	0.956071054984
704	7105	424	3292	110.0	0.0106	0.5184	1.31526709748	0.46275323408200003	-1606.26910442	-0.24577250899999997	272	0.2357	0.690715259937	0.9862758823200001	-1178.54674644	0.573338780651	944	0.0434	1.1560554037200002	-2.07696188332	2.62051968768	-1081.67370575	0.989624131568	23069	0.0055	1.3092759972499999	1.63793778493	-1090.63561254	0.914563046808
705	2866	250	886	69.0	0.0371	0.5265	1.16440514063	0.459131379252	-848.567586073	0.443639173789	151	0.2665	0.662249494617	0.9775359055480001	-710.568721594	0.870464823996	275	0.1306	0.9456184136660001	0.0163273953956	1.84009739912	-684.727177455	0.99020514835	27818	0.0075	1.20753553441	1.5774787296000001	-705.660902186	0.731096229603
709	5043	159	2578	180.0	0.0211	0.5137	1.0660525465200001	0.450150762148	-706.1061931139999	-1.17552909121	460	0.2069	0.6843123336020001	0.993844309068	-451.181154203	0.119717593377	2343	0.0205	1.08693272933	-13.2082388664	5.225403410969999	-388.385782719	0.993772835871	3091	0.0164	1.1024021538	1.6733483878	-388.55347786699997	0.9914481281499999
726	6750	259	2737	160.0	0.0205	0.5135	1.1590162476299999	0.45749398493	-1098.42789333	-0.628339689749	414	0.2129	0.6942526953	0.9921452923109999	-760.215120705	0.42310802445699996	1540	0.0303	1.12458142122	-3.5897171627699995	3.22879951347	-689.1014690439999	0.985193492719	15722	0.0082	1.21054686768	1.6134499206200001	-691.192329053	0.9649767308310001
734	684	162	115	22.0	0.1144	0.5719	0.9017199979359999	0.456531535925	-374.430128471	0.535737889291	37	0.3893	0.606231388938	0.910720996559	-317.274331757	0.785011101208	85	0.1709	0.910136879883	-2.21626842169	2.08633293522	-297.697107632	0.9721766359139999	402	0.0398	1.06627180326	1.8891451655400002	-300.394745021	0.9226548158299999
753	5680	449	688	83.0	0.049	0.5231	1.0206531991299999	0.464193215821	-1570.18635437	0.21721865316300001	195	0.2555	0.6806024130399999	0.980257595284	-1242.02715335	0.774792415615	832	0.0523	1.13916821375	-1.38780119574	2.41596094872	-1180.28885891	0.9908841349330001	37238	0.0048	1.3242533112600001	1.6153799314100001	-1194.77016808	0.885057684887
754	7253	298	2600	153.0	0.02	0.5142	1.13354548794	0.45985900183300005	-1243.03144797	-0.79223388144	395	0.2157	0.695530250636	0.9914443371539999	-852.137694647	0.30821122130600004	989	0.0396	1.12098161618	-2.76114082609	2.8715297232099997	-762.1017728180001	0.973969409409	13079	0.0078	1.2360983084200001	1.6388798107499998	-765.475555475	0.9531970832559999
761	614	100	197	30.0	0.0723	0.5551	0.9231960895569999	0.43906337936000006	-272.85710884	0.330239450137	54	0.3395	0.6039751545800001	0.94768872112	-218.645478013	0.7104016903139999	136	0.1108	0.903048466515	-3.4969660390300006	2.65699112997	-201.952001785	0.979075470809	399	0.044000000000000004	0.9853997072740001	1.81506574561	-202.65206658099999	0.955107242402
765	4117	162	1812	144.0	0.0285	0.5167	1.07962777959	0.449047315524	-682.886037121	-0.174226845679	356	0.2175	0.67798391596	0.9918943917630001	-504.479513212	0.6895615601389999	1329	0.0404	1.0353000566600001	-2.37331041397	3.0586758471599995	-476.025868049	0.9924122829909999	22222	0.0105	1.12147327752	1.54849681557	-479.434153985	0.9173892310070001
767	1056	11	714	296.0	0.1879	0.5518	0.561912105738	0.337259071759	-61.1501650467	0.49914461501199997	542	0.2513	0.495663258745	0.99896498519	-55.3149926031	0.901174753456	477	0.2412	0.529616436617	2.7708141297	1.9681440107400001	-54.936580751	0.979263012113	34350	0.0955	0.5847881407	1.28109326291	-58.3556237497	0.21591706338599997
782	921	198	233	25.0	0.0683	0.5635	1.11351193581	0.455986009458	-479.366953693	0.559630932052	44	0.3729	0.612656965988	0.922433413565	-406.813644759	0.8219171269750001	117	0.1451	0.947510738358	-2.0404808361400004	2.10986111313	-385.04427991800003	0.9924612391150001	739	0.0271	1.11682172688	1.84073834955	-388.87307119300004	0.90543328686
787	5613	328	1703	108.0	0.0251	0.5188	1.14413140076	0.46023690902	-1249.68746558	-0.5101533541359999	264	0.2356	0.6852779348360001	0.986639961344	-873.19483586	0.38794581096999997	1314	0.0273	1.17071494487	-5.0077600019999995	3.3858437202599996	-776.3023409780001	0.9859748896070001	6666	0.0089	1.24730094455	1.69563962026	-776.8917399710001	0.975572019367
789	4178	394	1549	68.0	0.0174	0.5271	1.28619379642	0.464214255127	-1305.13642013	0.097746300605	152	0.2698	0.670569416462	0.975099126647	-1007.00422436	0.6838525499429999	519	0.0617	1.1144859885	-1.9596585118799998	2.4236413677599997	-932.680237069	0.9893237151500001	9455	0.0073	1.2862298835400001	1.68942186341	-941.389909628	0.9084333689849999
796	1606	294	161	32.0	0.1251	0.5539999999999999	0.923160766439	0.460925915419	-764.4675349910001	0.6348611387659999	60	0.3442	0.6328353142140001	0.9383482945559999	-665.802691618	0.8880869486249999	170	0.1385	0.978292965703	-1.07479726887	1.9250562675099998	-645.616252026	0.9937142239360001	3364	0.0119	1.21738420097	1.7382985404700002	-657.2636581930001	0.846226350244
797	8419	176	4963	278.0	0.0158	0.5107	1.13117407191	0.45171054936300004	-854.873568437	-1.09329860323	763	0.18899999999999997	0.700293214511	0.996276194542	-564.042869998	0.303572963475	2021	0.0302	1.07031797452	-3.59649858455	3.44412380631	-510.862703509	0.9848279710269999	21461	0.01	1.1374773278799999	1.55824573708	-512.486932811	0.9596743680609999
800	7442	399	3553	122.0	0.0107	0.5165	1.30409579598	0.463543684128	-1555.55489525	-0.20052234025899998	306	0.2292	0.692912279205	0.988029602788	-1150.76196201	0.6271600058460001	1047	0.0437	1.1442099914700001	-1.7228028144799998	2.5898104647099998	-1067.41226721	0.9934162746999999	36778	0.0052	1.30099216694	1.60533491319	-1078.14496931	0.891747019114
817	918	162	142	30.0	0.0929	0.5539	0.866989820915	0.450538919335	-427.78731789	0.309578771192	55	0.344	0.619298799441	0.941459573805	-340.003525339	0.680282963586	231	0.0706	1.00946667197	-5.30874902705	3.0718359134099997	-309.953018214	0.981982587974	493	0.0353	1.0721691274299998	1.8618487133300001	-310.213954397	0.9742195968799999
821	4131	252	1510	99.0	0.0256	0.5198	1.15188873748	0.456565998341	-948.9575996839999	-0.0765410353564	235	0.2401	0.6763322153899999	0.985883820669	-707.024978516	0.661388952474	1213	0.0344	1.11102909085	-3.37169679936	3.1136053692299996	-657.881365805	0.988865306432	12512	0.0087	1.2034418441899999	1.62481809819	-661.021305831	0.940936379287
843	5213	357	2800	93.0	0.0095	0.5208	1.28532686572	0.46146243201700005	-1301.66631112	-0.514656941977	221	0.2459	0.6807131014419999	0.9836164305249999	-923.264161627	0.37430781322800005	587	0.0506	1.12720545001	-2.8590164056400003	2.6788557930900003	-817.8939646619999	0.9887180389929999	5742	0.009000000000000001	1.2612773369399999	1.7163039752399998	-822.0569013830001	0.9436221545010001
854	795	16	327	171.0	0.2693	0.542	0.5297504638880001	0.36472060837700004	-78.3299553316	0.509132171781	324	0.2438	0.53950943465	0.9967486783859999	-70.292116009	0.934306808727	489	0.1757	0.6104386515300001	1.75900935875	2.27253357913	-70.7461994576	0.92316591282	19629	0.0689	0.6633898346429999	1.3322031195	-73.6152914101	0.488981063251
861	930	278	91	18.0	0.2139	0.5926	1.0301144722600002	0.46107152576000004	-567.253941135	0.8011256866869999	30	0.4308	0.607204016752	0.8738141432400001	-524.5879516780001	0.932309087036	71	0.2416	0.89650722457	-1.0234635344299998	1.63412576134	-517.828397569	0.989305074552	887	0.0228	1.17971850536	1.8664585448299997	-529.4284811169999	0.798089328773
868	1065	136	298	42.0	0.0611	0.5407	0.938080950625	0.449368649699	-406.819450405	0.184550926548	80	0.3079	0.626949593326	0.962590059796	-314.879314422	0.6660884990820001	370	0.0543	1.00328032047	-6.02397974888	3.4267745379299996	-287.960926841	0.980729189374	800	0.028999999999999998	1.05342594343	1.77880300847	-288.442801778	0.971631428033
881	36	17	7	6.0	0.5606	0.6996	0.472919153082	0.39343148177599996	-24.8977143296	0.835696892157	7	0.6148	0.429361639801	0.7409760579469999	-24.360767421	0.94834100783	7	0.6296	0.484804858998	-0.897608954995	1.22944559516	-24.3881186248	0.9315413812729999	16	0.3389	0.602320943875	2.09023041352	-25.319383935500003	0.725457143521
890	1416	299	157	27.0	0.1114	0.5629	0.963206680352	0.45957584772699994	-729.9298063389999	0.619607485802	49	0.3666	0.622540624563	0.9244151546200001	-632.686460467	0.860550203609	135	0.1526	0.9758335132260001	-1.36259525151	1.9141437292200003	-607.325650981	0.9905421415819999	1763	0.0156	1.20885391483	1.8005362995900003	-616.998414101	0.869536614502
891	5378	48	2926	510.0	0.0621	0.5174	0.828035404666	0.419105671829	-274.29095348	-0.519399068778	1302	0.1785	0.6544161464639999	0.9986523728799999	-193.97536734099998	0.7024931331000001	3122	0.0511	0.8516722152789999	-1.695543545	3.6730589714599997	-187.48035532900002	0.979924083471	55366	0.0252	0.884606301971	1.39814206949	-188.89880317200002	0.921354166215
904	1000	240	120	23.0	0.1306	0.5721	0.920412706496	0.459535340203	-551.079928087	0.594117703593	40	0.3874	0.615523817703	0.908974044025	-474.430483306	0.823540530835	110	0.1554	0.9609113013510001	-1.9988226645900002	2.03973799105	-450.80393415099996	0.9806236464139999	733	0.0261	1.1495648526200002	1.86904112882	-455.653337543	0.912518303777
918	800	128	151	32.0	0.1026	0.5519	0.843195099578	0.444209383482	-351.735903521	0.36891180891	59	0.3343	0.6151590835890001	0.9489683583380001	-284.076421295	0.7437657144259999	219	0.0801	0.963317196439	-4.1813963527	2.8990449866400003	-264.956854474	0.983147504049	636	0.0327	1.03826505021	1.7959659548900002	-265.647428432	0.9571870588500001
924	2554	66	830	187.0	0.0945	0.5176	0.780731368548	0.42987478211900004	-306.420023282	0.0818770400419	443	0.209	0.649564160806	0.9951794245319999	-242.47593507	0.838718515126	803	0.0842	0.852410149491	0.22462689368500002	2.48258726819	-236.754023724	0.972176787466	47832	0.0195	0.947422032887	1.43152837976	-242.096819012	0.804256062334
930	834	167	139	27.0	0.1209	0.5599	0.92476511457	0.45962483889399997	-417.612730268	0.544640732845	47	0.3614	0.61507565819	0.9299597516660001	-352.831728123	0.825893451047	163	0.106	0.966791329416	-2.8525810389599995	2.44492964869	-335.79753683	0.993330249508	738	0.0283	1.08754418786	1.8167802240200002	-337.740492958	0.9391699098720001
932	1139	45	606	112.0	0.0707	0.5279	0.825585275601	0.416656775454	-189.50507494400003	0.046328575360699994	237	0.2371	0.614786740319	0.991854268653	-146.513633067	0.787480533496	393	0.0971	0.798636971965	-1.05295198449	2.71082412182	-141.213486091	0.9871642275650001	4185	0.0336	0.8658654373319999	1.50713737813	-142.97823112	0.894901028359
935	106	11	28	29.0	0.4949	0.5770000000000001	0.277474099972	0.33835873026999996	-35.3292918069	0.850460144962	42	0.3668	0.46614114966200004	0.973798908293	-34.7167352458	0.942130606656	48	0.3702	0.48166840525700005	1.17398259927	1.5001110303100003	-35.2495270632	0.919056566618	399	0.1253	0.5799748478419999	1.47375426617	-37.147991196599996	0.44311622614600005
939	662	245	156	14.0	0.0673	0.6156	1.18983801719	0.46882428640900004	-436.26058195699994	0.610823069996	21	0.4842	0.5882930461479999	0.824725650251	-377.90054331	0.7538117276620001	42	0.2907	0.901386022782	-2.38871723398	1.80830391972	-345.89888380300005	0.9665948523710001	145	0.0828	1.0877616704000002	2.1336523574400004	-349.19188508	0.9056740924259999
941	72	16	15	14.0	0.5176	0.609	0.33338308392	0.336073421356	-38.138846110500005	0.836777084338	20	0.4319	0.48345181053	0.9188804253939999	-37.0600656831	0.919342490755	25	0.3921	0.532055743904	0.0313832620775	1.52120430129	-37.9030338728	0.890152722432	102	0.1388	0.643261534574	1.67325917501	-39.1063212746	0.623129199617
943	5467	179	3406	177.0	0.0141	0.5138	1.14419918621	0.45196081138599997	-788.055892275	-0.839801284679	454	0.20800000000000002	0.6868363471619999	0.993550245522	-533.314250534	0.353946547532	1307	0.0339	1.066335779	-4.049214403030001	3.38532722626	-479.818066863	0.9929990329799999	9281	0.0115	1.1353309171400001	1.60865624808	-481.229022436	0.964746282402
945	785	174	107	24.0	0.1215	0.5685	0.915040563705	0.45205988053199997	-415.261854342	0.659736137666	41	0.3778	0.609325193145	0.9189284369349999	-364.82953014699996	0.8727765445960001	76	0.2175	0.8632984267910001	-0.9676974925470001	1.72987708678	-350.742627538	0.969776514637	891	0.0255	1.09870675883	1.80127065937	-358.74077559	0.826922549435
953	1191	251	360	27.0	0.0406	0.5613	1.1927548934999999	0.459544308235	-613.2995756319999	0.492838563028	48	0.3656	0.624893383154	0.9246268252680001	-512.118270712	0.7797550285250001	107	0.1643	0.953749574534	-1.7550588148299997	1.9665132070599998	-476.97908661699995	0.9864974799299998	847	0.0239	1.16105346003	1.85789181006	-482.874373775	0.891111497454
956	8818	173	4910	296.0	0.0174	0.5106	1.1116166800799998	0.45211603607199996	-851.3995190910001	-1.10208669265	817	0.1865	0.7015292726260001	0.996551727246	-577.916697962	0.30689309791200003	947	0.0568	1.00869595349	-0.857351797669	2.5603241245299997	-529.711823544	0.951238667237	44346	0.0091	1.13745145494	1.5204983359	-536.901797515	0.879297655685
961	6953	256	3372	167.0	0.0159	0.5129	1.20491101528	0.45810387454499996	-1096.47655604	-0.408885947494	433	0.2108	0.6948368833740001	0.9925391432709999	-787.139210697	0.570385714258	1366	0.0385	1.098372337	-1.9995339258400002	2.84951289288	-730.656078071	0.9829883882870001	36294	0.006999999999999999	1.21371009652	1.56565418671	-736.5229268610001	0.920684502635
974	34918	209	24511	1006.0	0.0093	0.506	1.16350276145	0.45476857231600004	-1278.12377649	-2.86766060921	3308	0.1501	0.738880020632	0.999154832108	-723.16037494	-0.331414877898	12063	0.0127	1.15134719953	-10.5819341207	5.28235799079	-626.454753266	0.986558245813	41846	0.008	1.17448754353	1.54019340343	-627.136361148	0.9828738048919999
976	993	262	145	21.0	0.1335	0.5789	1.1206231629999999	0.460865117471	-573.003050334	0.7828807372869999	35	0.4065	0.609590220508	0.8953327164049999	-523.263129814	0.9227867561499999	76	0.2369	0.885322008536	-0.802976835344	1.61162721692	-513.467676478	0.970594729631	1213	0.0195	1.17733250522	1.82271961411	-525.9761875519999	0.7757591463310001
981	3064	209	1154	86.0	0.0278	0.5226	1.09842381399	0.454955214133	-762.898798329	-0.123714325254	196	0.2486	0.66652316426	0.9837002464010001	-569.10554013	0.606050377113	489	0.0633	1.0309669043	-2.04684296717	2.57604663531	-524.7289489469999	0.983137718028	6485	0.0114	1.1617430405700002	1.6489789558	-529.00519881	0.929510234568
984	3412	358	1776	60.0	0.0101	0.5311	1.2889332467499999	0.46190337157399997	-1145.64346548	-0.260324815778	130	0.2803	0.6635963059860001	0.971298917438	-839.3320865310001	0.42934838702	324	0.0718	1.09860187093	-2.8591078034099997	2.48909549598	-737.9306094880001	0.984363375609	2284	0.013000000000000001	1.24645839585	1.79726336807	-741.79586429	0.936153473384
987	1241	202	304	34.0	0.0593	0.5504	1.0387096109799998	0.452140453275	-551.2993148119999	0.38044856435	64	0.3318	0.6260028111289999	0.9477310937379999	-448.726679345	0.7569553844920001	168	0.1144	0.9743954195990001	-2.15192693878	2.25292959132	-418.44310093	0.9871008526039999	1185	0.0213	1.13099399614	1.7907236876900003	-422.02005321	0.919491138545
988	926	218	110	23.0	0.1403	0.5713	0.9361338663269999	0.457616348664	-505.35919925900004	0.669465645477	40	0.3859	0.611742613751	0.911502547562	-444.278220334	0.87637552839	104	0.1697	0.930730339075	-1.52274276859	1.92938145535	-429.14831278199995	0.990809439982	935	0.0234	1.1389766423999999	1.82684845957	-435.45692509400004	0.877140713569
991	7138	163	4163	251.0	0.0173	0.5116	1.11164171344	0.450473779991	-777.172919718	-0.9107002344230001	674	0.1931	0.694606471978	0.995854545043	-524.440730507	0.39127054953900003	1593	0.036000000000000004	1.04556085885	-2.79980649647	3.2149735616500004	-479.471276274	0.987038445912	22215	0.0105	1.1226798385799999	1.54909934463	-481.863697498	0.9507664440979999
992	7271	153	4707	270.0	0.0153	0.5121	1.11153786771	0.44981886695900003	-742.1441498180001	-0.8761155233589999	728	0.1903	0.694523752886	0.996246509623	-510.81473557099997	0.444321886183	1115	0.0507	1.0056541369	-1.23578348882	2.74462491339	-471.986086413	0.981691686699	37243	0.0102	1.11255904905	1.5175935676899999	-477.278307405	0.905782319981
995	4540	141	2208	179.0	0.0274	0.5141	1.06051246724	0.448094805509	-628.328495344	-0.33799771791199995	453	0.2074	0.680145498063	0.993957782215	-455.162077254	0.637129459075	1252	0.045	1.0072939268799999	-1.90595223778	2.97210164812	-428.19288089199995	0.992025837627	25486	0.0114	1.0949686860799999	1.52837376851	-431.708235806	0.919018296217
998	872	181	70	26.0	0.2165	0.563	0.7523654755879999	0.454167046533	-445.345796766	0.690023486185	45	0.368	0.612122672262	0.926256127656	-396.009195245	0.9072227006389999	144	0.1354	0.936763791067	-1.5210792057299998	2.07577065071	-389.220151302	0.982658277798	1427	0.0204	1.11496555509	1.7574949902700001	-394.59749397699994	0.8543241883339999
1000	948	162	194	31.0	0.0783	0.5519	0.9126862043359999	0.447439892234	-433.509422981	0.294267148744	57	0.34	0.620073325709	0.944047786295	-343.456743243	0.676429779698	226	0.0738	1.00468933375	-4.94648644772	2.9943047196599997	-312.979102382	0.9914655069380001	526	0.0341	1.07392948213	1.8534233722799998	-313.34449395900003	0.9770850965200001
1002	4480	135	2660	183.0	0.0203	0.5143	1.0773410753100001	0.446989662589	-605.729193939	-0.6823723713779999	463	0.2067	0.679025465091	0.9941785275220001	-422.94897703699996	0.45239099462899995	758	0.0566	0.9830239103730001	-1.7258840101599997	2.7686131927099997	-388.885185384	0.977641195442	13039	0.013000000000000001	1.08319417936	1.5595463609600002	-392.287426882	0.926476219225
1005	7592	356	1923	137.0	0.0285	0.5148	1.09842478205	0.461450401833	-1436.85108991	-0.384127450591	351	0.2218	0.6954328217919999	0.9898983163539999	-1032.52506092	0.524418084228	1282	0.0361	1.14999766697	-2.36551182519	2.82277626181	-948.301980869	0.984488084047	27807	0.0059	1.27666761706	1.61048932076	-954.335165981	0.934210636874
1008	5944	223	2244	160.0	0.0269	0.5142	1.11870700469	0.455917275253	-950.864934401	-0.413427534886	410	0.2126	0.690364888941	0.9923625361489999	-673.941173948	0.555028185406	2050	0.0274	1.11092113878	-3.87210861125	3.4282019406	-622.37600148	0.995618265238	20860	0.0085	1.18346051863	1.58245846349	-624.460669701	0.9600749722600002
1013	3128	118	934	143.0	0.0515	0.5166	0.910734713389	0.445567309861	-502.486577516	0.05959689807850001	343	0.2187	0.667062172508	0.9923099895790001	-387.572634496	0.8089293634739999	1157	0.0515	0.9715474903360001	-1.34799422206	2.8636488752099996	-374.170774423	0.9848155937909999	31218	0.0127	1.06082907312	1.50206004194	-378.318803135	0.862379556426
1015	1246	174	218	39.0	0.0914	0.5448	0.907855234827	0.44964504272100003	-503.785129095	0.380594538178	76	0.3145	0.629210005911	0.957723332339	-409.124426025	0.779643803617	270	0.0802	0.9940179904399999	-2.75969162897	2.5844656671	-386.121560365	0.9860492810600001	1631	0.0196	1.1101365196200002	1.73956784222	-388.37211824699995	0.9417112013200002
1022	7097	182	4114	227.0	0.0158	0.5116	1.1401818261299999	0.452171896861	-846.38870622	-0.7433099537029999	607	0.1969	0.6953662713750001	0.9952243409810001	-594.147511903	0.457691979051	857	0.0596	1.01075439642	-0.825533218753	2.50558133584	-549.2050701740001	0.970634880846	41294	0.0089	1.14716417963	1.5283969329799998	-557.2130805080001	0.884488445145
1024	2087	51	746	187.0	0.1001	0.521	0.738891393175	0.421159068491	-239.666238864	0.243926660317	430	0.2124	0.635169621229	0.995498064997	-196.588408189	0.915039018141	698	0.1038	0.8005947775130001	0.8243625485230001	2.32279936604	-193.796309431	0.9865984418320001	58966	0.0238	0.8967008916500001	1.4012340602200002	-199.381068013	0.685439082791
1028	3977	118	1931	182.0	0.0305	0.5156	0.997560665026	0.444339634481	-531.30847293	-0.260131514047	454	0.2073	0.674255511648	0.994288580807	-393.20015260900004	0.694830344171	886	0.0616	0.954948779839	-0.85088561913	2.64269346387	-373.18517027300004	0.983523173434	31214	0.0127	1.0608270446799999	1.50206622929	-378.313701041	0.862200257563
1038	3300	156	1127	119.0	0.0443	0.5179	1.02727297126	0.450390470255	-628.337402711	0.124730507584	283	0.2279	0.67037303874	0.989794546105	-495.459631698	0.799413101432	589	0.0793	0.960361180307	-0.300777067357	2.28107643462	-476.02843022699994	0.985172642137	37887	0.0101	1.11644923434	1.51854996384	-485.790432016	0.8271591295209999
1042	5124	62	2507	396.0	0.0588	0.516	0.874571976852	0.42774658480800004	-335.325869551	-0.382521225837	1023	0.1825	0.664304154378	0.998067527524	-237.36257248599998	0.7367794877580001	7163	0.0318	0.9169293303880001	-6.13505899391	4.90015095262	-228.67749346099998	0.981629190113	46508	0.0205	0.935016980848	1.42704849049	-229.509286017	0.9390760627299999
1044	1163	153	223	41.0	0.0671	0.5416	0.8846265148899999	0.450812138995	-452.796063473	0.271257834659	80	0.309	0.632214591447	0.961041201531	-359.427632637	0.713246126708	212	0.0939	0.963112480886	-2.57747351899	2.49416288424	-333.992727703	0.983075711743	1211	0.0233	1.0819488568	1.75168937067	-336.069419809	0.9270402243279999
1049	61	14	39	13.0	0.1692	0.6079	0.6306824490699999	0.35267555002400003	-32.859564085900004	0.38494841831200005	18	0.445	0.46932852176600004	0.9152492955329999	-26.679541005900003	0.663852405692	19	0.3157	0.583608813591	-5.8205975417	3.04454975371	-24.2233633109	0.942938643258	20	0.3032	0.58865516947	1.9500587886	-24.2179279234	0.948249934032
1052	5379	412	2408	85.0	0.0117	0.5221	1.30963723098	0.464089259419	-1454.3271611999999	-0.144896662688	199	0.253	0.679861459551	0.981053969138	-1079.12347979	0.579231631665	716	0.0476	1.14813965265	-2.45067633565	2.62038765622	-984.359490944	0.994118650087	10807	0.0068	1.2962744100399999	1.6845605756400002	-991.103393472	0.9280692934899999
1054	1074	281	129	21.0	0.1342	0.5798	1.0085983840000001	0.457347542172	-617.296548585	0.6670526701039999	36	0.4037	0.611546041324	0.896629310698	-542.312199126	0.863190155458	104	0.1688	0.965997943355	-1.7984984698900002	1.9450922895700002	-520.750357161	0.9904459908329999	811	0.024	1.17917039482	1.87889891813	-527.329695452	0.895416954218
1055	2032	306	320	40.0	0.0689	0.5447	1.0361630452600001	0.461406411817	-861.0236116210001	0.561006710321	78	0.3195	0.6421951687640001	0.953088168397	-737.989817998	0.8652354681669999	161	0.1611	0.9502168385459999	-0.524776777623	1.76440723287	-708.042671207	0.974411099779	6220	0.0094	1.2333620458399999	1.69332821877	-727.179363647	0.7884800198399999
1058	1575	322	410	29.0	0.0424	0.5605	1.24276792979	0.46287813863300004	-797.741189084	0.577015883084	53	0.3595	0.631104482599	0.927844085131	-681.7731922319999	0.841771932584	132	0.1577	0.978306091622	-1.3376864880200001	1.88826345783	-647.606988624	0.9836753844399999	1796	0.0151	1.22248895022	1.8080352610400001	-658.283527709	0.849407342395
1060	5304	406	2304	85.0	0.0126	0.5227	1.30323403295	0.464029590737	-1433.41330288	-0.23689767557500002	198	0.2532	0.6794195894480001	0.981069491269	-1045.47605849	0.512174909194	817	0.0399	1.16659733453	-3.2607988419700003	2.8336081861	-942.38555893	0.9852193859880001	7716	0.0076	1.28941795798	1.70748583709	-946.15129946	0.952789180288
1062	828	207	116	21.0	0.163	0.5732	1.02098552593	0.45534202914399996	-465.613499744	0.7423435451579999	36	0.3964	0.606962947557	0.903350375593	-419.85398389999995	0.912973430475	94	0.1869	0.908282133456	-1.26594027163	1.84180295776	-411.912257909	0.9826722175939999	965	0.0234	1.13094518104	1.8162746495400002	-418.89175818800004	0.83786700361
1063	1215	245	163	28.0	0.1144	0.5618	0.955811837257	0.458348390503	-610.75126633	0.627536590511	51	0.3588	0.6275966339069999	0.9292548656919999	-531.6605622769999	0.8718351924690001	117	0.1711	0.932919333326	-1.0717687918899999	1.83586201215	-511.752793794	0.984328944939	1760	0.0167	1.17307514904	1.77559150134	-521.806324278	0.845114351119
1066	1205	311	249	22.0	0.066	0.5765	1.2153937831100001	0.46360772888499996	-688.116430646	0.6790880680060001	38	0.3993	0.6172974037610001	0.8986979561409999	-605.983835961	0.868678968259	86	0.2108	0.935130314575	-1.23880285349	1.729798021	-580.194840119	0.9846581096279999	996	0.0208	1.20215400992	1.8680453368799999	-591.140429043	0.830595695502
1069	973	241	115	22.0	0.162	0.5752	0.971557132801	0.45524049522	-544.666314776	0.7258619570970001	38	0.3934	0.612898540455	0.904663212597	-488.209106295	0.90413034657	91	0.1983	0.914179150907	-1.13276279304	1.7698508606	-475.54580589999995	0.993401634921	1115	0.0208	1.16080986907	1.8208440303400002	-484.940797415	0.8419827991500001
1072	1286	78	521	81.0	0.0649	0.5267	0.901517935933	0.434589659833	-294.186675866	0.136872106122	172	0.252	0.63180856506	0.9859873142810001	-229.362346966	0.774482458901	377	0.0837	0.8817319225839999	-1.60231153255	2.65534840605	-219.023188308	0.9908840826440001	3880	0.0235	0.9706105165819999	1.5743719225600001	-221.257480816	0.916273331698
1076	1214	253	83	27.0	0.1885	0.5625	0.8167008004590001	0.457830157116	-621.363681877	0.7388128698469999	49	0.3641	0.621973392096	0.925830397946	-561.156733335	0.929049471273	112	0.1915	0.90872688066	-0.6321249396999999	1.70689679736	-551.275607017	0.9880619927709999	2740	0.0137	1.1865373159200001	1.73844430104	-565.535858052	0.781559896602
1085	6058	370	2439	105.0	0.016	0.5189	1.2823275617899998	0.461337685431	-1392.84739715	0.0505251753916	257	0.2377	0.6869738582160001	0.985861827273	-1073.86540721	0.737384331885	819	0.0559	1.10511004483	-1.10053734769	2.38829024007	-1013.85295264	0.991139552068	45308	0.0052	1.28750421307	1.58732763579	-1028.15590091	0.862814917837
1091	940	260	114	20.0	0.1378	0.5849	0.996845141528	0.462225058359	-554.326755928	0.6909890677089999	33	0.4153	0.609266498511	0.88771302253	-490.787180439	0.8711336454009999	87	0.1908	0.9416652326080001	-1.6892241613699999	1.8735930432799999	-472.21584753900004	0.9893584522299999	653	0.0276	1.15988554483	1.8951778937200001	-478.72821995199996	0.880259159524
1094	9993	123	7605	445.0	0.0137	0.5104	1.0654261329799999	0.44544527440399995	-663.126954959	-2.21465833363	1260	0.174	0.699937720608	0.9980277434929999	-404.34921782	-0.18280153022	1025	0.0462	0.9894552682719999	-2.64207707354	3.1190282912800003	-355.357328045	0.956102462752	10844	0.0143	1.06414916088	1.5605756366999999	-356.82390009	0.9537545560189999
1096	897	247	138	20.0	0.1242	0.5831	1.0891762947499999	0.462351273459	-527.902153241	0.655128167452	33	0.4133	0.608349416536	0.8884602114560001	-462.579301148	0.857105422632	112	0.1456	0.979878585749	-2.48072295561	2.14721389106	-443.50717664900003	0.987353844608	550	0.031	1.1460570806	1.9103839810599998	-446.90825122900003	0.915200960362
1097	858	79	301	53.0	0.0867	0.5339	0.91415305094	0.437215180629	-263.673332282	0.421164735114	104	0.2834	0.616960982759	0.9758751466869999	-217.49803414599998	0.866525858389	262	0.0999	0.8679967311169999	-1.45721293125	2.48013491068	-211.05348599400003	0.99344484176	2544	0.0254	0.969876980034	1.6050141316799997	-213.57111264	0.8836633528929999
1100	2496	44	1210	252.0	0.0809	0.5208	0.7918360984489999	0.415798393678	-221.29310453099998	-0.215208903207	589	0.2022	0.6335318358500001	0.996971163311	-159.491312465	0.737072031805	5031	0.0372	0.857078641558	-13.2803024227	6.317281217710001	-153.34504970700002	0.951671545642	10890	0.0306	0.864606048134	1.4553204583000001	-153.925633537	0.928376836425
1102	1646	60	336	129.0	0.1539	0.5243	0.6395973491179999	0.42637978766900003	-257.598433902	0.21878677415	288	0.2273	0.634289836361	0.992631530248	-203.988602689	0.8665242835320001	1938	0.045	0.893037152702	-3.8944683335000003	3.9234733904400003	-200.881276147	0.962738864145	13848	0.0235	0.925838557979	1.47532205988	-202.038153585	0.885695241136
1105	7937	298	2438	167.0	0.0267	0.5131	1.12136877942	0.45935389365900003	-1270.42909058	-0.492759002233	439	0.21100000000000002	0.6985919037530001	0.992355214535	-901.7876876	0.500164310676	1408	0.0363	1.12424860496	-2.15800210026	2.8540836575200004	-830.817647587	0.977274068383	35266	0.0064	1.24339788498	1.5810049490399998	-836.42899744	0.935534554224
1106	939	224	116	23.0	0.1765	0.5717	1.00273662001	0.46116628041599994	-515.891001335	0.773494465623	39	0.3883	0.610685882777	0.9097769930959999	-470.72703314800003	0.939079808855	90	0.21	0.887304810096	-0.790695310678	1.6951593416600002	-463.87668027800004	0.993099214348	1520	0.0183	1.1542937413299998	1.77869167714	-475.177822493	0.7850589898729999
1107	154	37	59	16.0	0.1518	0.5870000000000001	0.762646284782	0.41685263052199995	-84.9123876325	0.5072823133519999	24	0.4225	0.535688011179	0.908829785883	-70.80160291930001	0.7312485056199999	44	0.19699999999999998	0.739227390944	-4.52961339708	2.7531798668700005	-65.7449695602	0.9695142355940001	63	0.1447	0.774995665792	1.9249933827599999	-65.8396733309	0.97433407052
1115	5752	359	2100	103.0	0.0188	0.5193	1.24546940043	0.461980288079	-1343.41522473	-0.00381952065885	248	0.2393	0.6846493731550001	0.985463335442	-1028.18596074	0.696913014461	695	0.061	1.09274397422	-1.09875760781	2.34229146088	-964.5608446	0.9821488672130001	34221	0.0056	1.27976584066	1.5996554214899998	-978.5697889630001	0.8732100138359999
1116	856	120	289	37.0	0.0575	0.5438	0.975309609444	0.448452923921	-346.939065459	0.286794348013	69	0.3182	0.618785614842	0.957498572767	-277.635786897	0.705219617438	126	0.1368	0.892725661275	-1.8688793911500001	2.2073978764200004	-257.531258116	0.96949780902	797	0.0303	1.03146600346	1.76171008377	-260.183354075	0.915449388867
1122	1010	157	330	35.0	0.0488	0.5473	1.0388763807799999	0.45502348002	-436.360180484	0.28570645408000006	65	0.3266	0.626382225757	0.950977943838	-348.700846987	0.6992686777320001	135	0.1273	0.934730828322	-2.19447967134	2.24648019696	-321.00803568	0.9671596958930001	783	0.027999999999999997	1.0780114766600002	1.8013357017200002	-323.653620428	0.910737942847
1123	779	150	148	27.0	0.0807	0.5593	0.9191738066859999	0.44871745126100004	-381.636750154	0.40603081460600005	48	0.3566	0.611356966166	0.933763571084	-314.508217435	0.718192597062	87	0.1761	0.8918806295239999	-1.7781024635299998	2.00684723824	-291.453979415	0.9452773506669999	538	0.0342	1.06167974611	1.83927693837	-295.105862306	0.901564093334
1124	814	180	90	24.0	0.1698	0.5665	0.851003953034	0.455880625461	-430.064467653	0.648600008198	42	0.3743	0.6127632845359999	0.9192068949339999	-375.63511725300003	0.8806277239820001	136	0.1298	0.948327186451	-2.1064982851	2.19720325755	-364.161057795	0.993033954445	868	0.0256	1.1041575022	1.8088443781799999	-367.613530896	0.9047695485130001
1125	26182	100	18651	1385.0	0.0182	0.5095	0.99567729204	0.440724456197	-656.574509981	-2.84787715833	4346	0.1469	0.7158223064129999	0.999497423039	-364.298416762	-0.269928784144	10022	0.0195	1.0155991411799998	-13.811648377200001	6.133412817280001	-318.639802552	0.989862156499	20853	0.0152	1.0269471356200002	1.5056103854499998	-318.58636803400003	0.9912119756029999
1126	4470	276	1792	100.0	0.0207	0.5199	1.20136760871	0.45884554084299994	-1035.8872178	0.145506731801	237	0.2402	0.6786641814959999	0.985662869384	-818.161879277	0.7800261765090001	478	0.0882	1.01181574928	-0.32424052477299997	2.09000659813	-777.563947073	0.989703173818	42066	0.0065	1.22931339034	1.56491248266	-795.0295412869999	0.7871478939059999
1130	1090	272	102	22.0	0.1669	0.5734	0.907026595795	0.461190580109	-612.39538962	0.645137643724	38	0.3947	0.613662799104	0.903611386198	-534.046664145	0.8653155271170001	172	0.1062	1.02818816549	-2.8380803602900007	2.34406112995	-514.444524102	0.9840299874959999	860	0.0233	1.17536479409	1.8671860926	-517.566028009	0.925622340834
1131	10650	346	2927	199.0	0.0221	0.5111	1.08782376443	0.462041176747	-1526.01688871	-0.6960027106919999	540	0.2032	0.7073236264280001	0.993611990271	-1056.5969157	0.42361656547	1806	0.0306	1.15921359269	-2.42973248393	2.95284562884	-964.765411299	0.9795574645239999	45123	0.0055	1.2742575481799998	1.5815539563499998	-970.371486605	0.944639428073
1132	6205	185	1875	196.0	0.038	0.5124	0.987296944744	0.453592272508	-832.073970625	-0.303870405357	512	0.2031	0.6915683857699999	0.9942544144869999	-607.375067	0.6571471788800001	1584	0.0409	1.04865005621	-1.51683243752	2.8771578436299996	-574.1292141719999	0.9894789578030001	56906	0.0084	1.1516591719	1.51501465088	-579.678571573	0.9103575751880001
1134	1044	246	76	24.0	0.23399999999999999	0.5707	0.8076876734890001	0.460731529284	-570.01639965	0.799496096594	41	0.3852	0.6166302914630001	0.911386659352	-526.2682327690001	0.948803957588	83	0.2375	0.866287710184	-0.451479100637	1.56336005524	-519.970463158	0.9787046700049999	2136	0.0153	1.1773335409799999	1.75761147469	-536.190093982	0.738662312938
1137	5945	513	2158	77.0	0.0141	0.5249	1.34812252126	0.464710077263	-1747.06610737	0.148135467071	179	0.2614	0.678790901443	0.9778534616419999	-1362.74251828	0.7356141915819999	688	0.0567	1.1506196769200001	-1.54019022902	2.36130805334	-1276.82940069	0.9940284572920001	24434	0.0048	1.3468344668099999	1.6524819602899998	-1291.86158865	0.879968978147
1138	850	146	222	31.0	0.0703	0.5525	0.976960189252	0.453919369289	-389.87236755699996	0.447052905855	56	0.3411	0.6187662296299999	0.943643443286	-324.11949914	0.7680750124019999	98	0.1722	0.881951579234	-1.3346423002399999	1.9435669989700002	-304.269988173	0.9532981931910001	870	0.0273	1.06744625271	1.7796197682	-309.331014913	0.879621345393
1139	899	290	117	17.0	0.1497	0.5975	1.1423564488	0.468115210459	-565.29065529	0.7842367595749999	27	0.4476	0.602093458597	0.858313269913	-519.52403297	0.913532286586	57	0.2777	0.880752204259	-1.07227941235	1.56411233974	-507.17348283	0.9895013499169999	611	0.0284	1.1758555347700002	1.91967213341	-519.166086841	0.799086652151
1143	1004	250	120	22.0	0.1285	0.5762	0.9506191886509999	0.45743841776199995	-563.483214509	0.606696935383	38	0.3958	0.614022146619	0.9039167538289999	-485.91266066099996	0.8361091855670001	136	0.1262	0.9971524730850001	-2.6294797391999998	2.2426228911200004	-462.900519406	0.9896911343529999	678	0.0272	1.15411583986	1.8846265974400003	-466.028959999	0.927403863844
1146	717	187	61	20.0	0.2187	0.5801	0.8071075082279999	0.452657616416	-411.487252889	0.748890866116	33	0.4061	0.601697353017	0.897114776075	-372.375724606	0.9146518791299999	81	0.2021	0.8881861822499999	-1.26543767763	1.8119166398900002	-365.325510557	0.990563131843	751	0.0273	1.1075096144	1.8307716648599996	-371.751860401	0.8450748327959999
1152	1035	239	117	24.0	0.1593	0.5685	0.939422517016	0.462957244796	-559.296449555	0.694409515202	42	0.3793	0.619382267934	0.913960910851	-496.14320107199995	0.90011715487	123	0.1554	0.9501266477500001	-1.48041038029	1.95741918646	-483.62951925	0.991129252838	1280	0.0195	1.1623491212200001	1.80479066132	-490.586342484	0.867590759912
1154	6907	384	2742	117.0	0.0157	0.5166	1.28638052486	0.46264979571000003	-1482.74698208	-0.127162840665	290	0.2317	0.690578979858	0.987463478649	-1099.01974274	0.6442135783640001	1585	0.0307	1.1749533928799998	-2.72719886206	2.94692449357	-1022.97055949	0.9859161561319999	31338	0.0055	1.2923475820299999	1.6107422944299998	-1029.0347556	0.926683617458
1155	3316	299	949	68.0	0.0361	0.5267	1.2024869947499999	0.460427303512	-1004.51047992	0.506667005124	151	0.2677	0.66564379282	0.976532676894	-852.1140592610001	0.9027924898819999	324	0.1213	0.97318798642	0.029535351180000002	1.8570964177	-827.060243555	0.9873610139040001	42285	0.0062	1.2451109354	1.5718358642599999	-851.6376698739999	0.703081885078
1165	2279	286	540	48.0	0.0484	0.5367	1.1324803509999999	0.46094337657300005	-860.845810572	0.33662492858599996	98	0.2988	0.6503836706449999	0.963466346983	-691.318763523	0.7724220404250001	445	0.0605	1.0813028570799998	-2.69079289518	2.60874480845	-650.883143981	0.991693101797	4012	0.0113	1.21489508411	1.7203038304	-654.95486336	0.93068663948
1166	6266	582	1813	73.0	0.0189	0.5263	1.35486458341	0.46653301561899996	-1937.17147121	0.22892760211100002	168	0.2668	0.678840880521	0.9755948388860001	-1531.73348027	0.7653936366680001	735	0.0547	1.17100081736	-1.5403311129600001	2.35427513767	-1443.56727124	0.994565106718	28531	0.0043	1.37282145359	1.65481791889	-1460.58361033	0.883810503837
1167	389	114	41	16.0	0.2189	0.5922	0.73374319192	0.45088648881399995	-235.29368969200002	0.690365094893	25	0.4308	0.583042458776	0.877533771098	-208.847755816	0.854517848065	53	0.2264	0.837922554031	-1.97886922021	1.9393479935599998	-200.911625432	0.9611159047799999	217	0.0606	0.9903158377519999	1.9230481639500001	-203.306704658	0.896859931168
1168	936	251	149	20.0	0.1189	0.5833	1.11145667815	0.45522008083099996	-544.2114940509999	0.678557932113	34	0.4078	0.606906594584	0.892779044807	-480.241109274	0.874905376654	113	0.151	0.973140782939	-2.16298292199	2.07747903118	-463.722203697	0.979193240141	683	0.0271	1.15502342011	1.8843349266299998	-468.06411258599996	0.894717189212
1172	8505	483	4135	118.0	0.0085	0.5171	1.34493174951	0.46456388840400004	-1854.45167721	-0.35482345595299997	297	0.23199999999999998	0.6946013551100001	0.987118854155	-1350.87609966	0.521970749436	765	0.0537	1.14764729729	-1.49937702093	2.39840433456	-1232.85729941	0.989628168514	29493	0.0048	1.33673143434	1.63548245824	-1247.02775666	0.898125474976
1173	20	12	4	4.0	0.6944	0.7576	0.38477018630099996	0.362431224943	-13.4602332082	0.8325348391699999	4	0.7337	0.396193337387	0.612288095057	-13.322649238299999	0.9753919820270001	4	0.7337	0.396193337387	-1.09591644829	1.06093005446	-13.470865973199999	0.9753919820270001	6	0.5747	0.5176622162919999	2.35386866015	-13.869797249000001	0.7836518209919999
