0 1143.0 330.0 52.0 20.0 0.2403 0.5862 0.74841651219 0.469170917005 0.689264337131
1 75273.0 4027.0 1647.0 164.0 0.0636 0.5141 1.09498444423 0.474678785942 0.29674070856
2 45136.0 1606.0 5085.0 223.0 0.028 0.5099 1.33749096163 0.471887390172 0.211112048139
3 6853.0 587.0 892.0 79.0 0.0538 0.5246 1.13531146695 0.465570862345 0.282310964788
4 31390.0 2345.0 949.0 109.0 0.0704 0.5203 1.04291728236 0.47272470099 0.416461911892
5 50103.0 3454.0 1870.0 124.0 0.0715 0.5183 1.27268844689 0.474268099178 0.397974813827
6 38004.0 3027.0 809.0 105.0 0.0828 0.5211 1.03290271296 0.474213952146 0.451455156623
7 57553.0 1891.0 3292.0 247.0 0.0668 0.5091 1.22204280937 0.472276131048 0.401230871094
8 37178.0 2749.0 1098.0 113.0 0.074 0.5198 1.07084233083 0.473802827202 0.408839699616
9 78572.0 3811.0 8435.0 180.0 0.0144 0.5128 1.59233190666 0.474451375978 0.302660824829
10 18984.0 977.0 1097.0 144.0 0.0679 0.5144 1.01069581369 0.46947460058 0.212154557245
11 27.0 24.0 2.0 2.0 0.9205 0.9205 0.514253719196 0.514253719196 1.0
12 47405.0 3281.0 1372.0 123.0 0.0862 0.5184 1.11753040492 0.474276369615 0.383594423306
13 21893.0 1402.0 914.0 120.0 0.0667 0.5175 0.998224298947 0.471305002136 0.212550871789
14 27241.0 2195.0 1289.0 100.0 0.0536 0.5218 1.19848116032 0.472769548249 0.367198199716
15 36737.0 2232.0 2088.0 135.0 0.0512 0.5161 1.23412288524 0.473537194725 0.325633857414
16 59829.0 3902.0 876.0 133.0 0.1116 0.5172 0.969068521955 0.474620633118 0.445237763688
17 240.0 163.0 11.0 6.0 0.5831 0.7551 0.733414169339 0.518907961748 0.766823518166
18 30.0 18.0 4.0 4.0 0.7813 0.7659 0.340025154529 0.364467624109 0.879201478363
19 35235.0 2791.0 1424.0 105.0 0.0744 0.5212 1.26801887498 0.473570125823 0.526283011478
20 51964.0 1540.0 3922.0 268.0 0.0571 0.5084 1.26173841974 0.471768860277 0.29569830798
21 17237.0 2158.0 761.0 63.0 0.063 0.534 1.16758794222 0.473729825997 0.393455177834
22 48599.0 3213.0 1188.0 129.0 0.1055 0.5174 1.05425437311 0.474470708572 0.425493182242
23 41656.0 3096.0 7226.0 114.0 0.0094 0.5197 1.68271218054 0.474103503966 0.388403193379
24 54797.0 3372.0 1201.0 139.0 0.071 0.5163 1.12169237104 0.474248551382 0.502588036796
25 39457.0 3133.0 1273.0 106.0 0.0712 0.5212 1.21346292475 0.474047719083 0.424145292076
26 50766.0 3326.0 688.0 130.0 0.12 0.5173 0.923199617357 0.474267094444 0.458259969263
27 32930.0 2923.0 598.0 94.0 0.1256 0.5237 0.978158566083 0.473929149735 0.527429720039
28 67940.0 3550.0 10579.0 166.0 0.0094 0.5139 1.67204905101 0.47420753285 0.291036086666
29 69696.0 4020.0 1900.0 152.0 0.0693 0.5152 1.14179378626 0.474574889141 0.304776729794
30 46156.0 3427.0 750.0 115.0 0.1127 0.5197 0.935345406978 0.474579115831 0.422081296992
31 27702.0 2559.0 623.0 89.0 0.086 0.5247 1.01820756717 0.473887353557 0.476456169323
32 30315.0 2573.0 807.0 97.0 0.0632 0.5226 1.05226105812 0.473963963293 0.31306320798
33 27963.0 1707.0 3665.0 130.0 0.0261 0.5165 1.48016528842 0.472464856909 0.227638398641
34 1044.0 180.0 231.0 32.0 0.0687 0.5513 0.973403572165 0.455806913989 0.256493120211
35 83248.0 4015.0 1084.0 182.0 0.0972 0.5128 0.931605481846 0.474414151259 0.322690211342
36 75585.0 3199.0 12369.0 203.0 0.0089 0.5112 1.6286056042 0.474109324157 0.215623352039
37 22820.0 1111.0 986.0 155.0 0.0736 0.5135 0.975096410093 0.470560784624 0.245986016602
38 23425.0 617.0 1394.0 267.0 0.1233 0.5087 0.956582883785 0.46653023744 0.456381286915
39 31.0 26.0 3.0 3.0 0.8596 0.8596 0.54645767284 0.54645767284 1.0
40 15.0 14.0 2.0 2.0 0.9454 0.9454 0.636307438832 0.636307438832 1.0
41 56877.0 4015.0 1494.0 123.0 0.0581 0.5187 1.12958661056 0.474332959808 0.239213265433
42 11211.0 1089.0 386.0 76.0 0.0908 0.5267 0.880606417537 0.470908107698 0.222138985887
43 1138.0 306.0 84.0 21.0 0.2523 0.5825 1.01939527177 0.46215824905 0.328037286316
44 19406.0 836.0 1508.0 169.0 0.0598 0.5123 1.04794194038 0.468711316286 0.226032580893
45 17372.0 685.0 1597.0 180.0 0.0698 0.5118 1.0718024152 0.467309351998 0.384895794014
46 2320.0 449.0 278.0 32.0 0.0709 0.5561 1.11791357343 0.465766812493 0.200289925209
47 64719.0 3125.0 2936.0 177.0 0.0418 0.5128 1.24641039912 0.47412535747 0.204492853845
48 48697.0 3601.0 4326.0 116.0 0.0219 0.5196 1.57709576533 0.474411038628 0.503495514791
49 37667.0 2733.0 1217.0 115.0 0.0607 0.5193 1.13143863705 0.473857266156 0.384859970313
50 54317.0 2893.0 2334.0 159.0 0.04 0.5142 1.23728493038 0.473848228473 0.240506196969
51 81213.0 3769.0 12559.0 188.0 0.0093 0.5123 1.6995655209 0.47416539627 0.252029413089
52 34697.0 2868.0 555.0 101.0 0.1271 0.522 0.89993132248 0.473900458758 0.484153604053
53 15056.0 1649.0 824.0 70.0 0.0575 0.5299 1.19141680301 0.47195289412 0.450711471496
54 24877.0 2307.0 694.0 87.0 0.073 0.5248 1.05419947723 0.473754885867 0.445125080071
55 50242.0 1439.0 3130.0 275.0 0.0642 0.5082 1.1411931144 0.471501560111 0.246167649457
56 20916.0 2370.0 867.0 71.0 0.0593 0.5305 1.1700796134 0.473908849147 0.396020212712
57 26758.0 921.0 1247.0 215.0 0.0851 0.5101 0.926127905354 0.469160748703 0.214678507396
58 60390.0 2778.0 7994.0 184.0 0.0167 0.5123 1.61752357168 0.473639882824 0.294367128884
59 42672.0 1604.0 1700.0 211.0 0.0667 0.5104 1.05505673119 0.471801879002 0.236506784616
60 392.0 48.0 44.0 35.0 0.375 0.5472 0.460035164831 0.413207518364 0.812277557255
61 78290.0 3634.0 5944.0 188.0 0.0252 0.5122 1.50443424649 0.47451733326 0.338304261107
62 34706.0 1174.0 2047.0 226.0 0.0781 0.5097 1.08729089018 0.470316898509 0.379557665666
63 38605.0 2071.0 2989.0 152.0 0.0291 0.5145 1.32972191228 0.472877269201 0.287311636487
64 32080.0 1585.0 757.0 160.0 0.0941 0.5135 0.905980814943 0.471892475628 0.302997841796
65 74195.0 4511.0 1774.0 146.0 0.0862 0.516 1.16537558505 0.474904961903 0.413418955577
66 40233.0 3147.0 575.0 108.0 0.1268 0.5208 0.901091338382 0.474034623921 0.483329625801
67 20376.0 1426.0 1469.0 110.0 0.0574 0.5189 1.1917287229 0.471510734849 0.283569796832
68 20670.0 2588.0 971.0 64.0 0.047 0.5343 1.2799894507 0.473167753282 0.472046656853
69 34771.0 2175.0 1614.0 130.0 0.0461 0.5169 1.16070561576 0.472570687669 0.23610857269
70 46863.0 2780.0 6048.0 142.0 0.0153 0.5158 1.56922433851 0.473924497312 0.315517115559
71 43261.0 1779.0 2448.0 195.0 0.0449 0.5112 1.22184137289 0.472467653343 0.401903037587
72 7150.0 1265.0 407.0 41.0 0.0721 0.5497 1.1090395001 0.471821590826 0.412919198479
73 28352.0 2521.0 730.0 92.0 0.0924 0.524 1.00395659524 0.473350725756 0.492685412475
74 1439.0 263.0 140.0 32.0 0.1285 0.5523 0.913007481876 0.463575428511 0.340228171463
75 107766.0 3831.0 3667.0 248.0 0.0518 0.5094 1.18667811033 0.474466580392 0.208766850941
76 32293.0 2511.0 969.0 106.0 0.0787 0.5208 1.05066570529 0.473662991424 0.456603200422
77 1344.0 261.0 122.0 29.0 0.162 0.5596 0.940333489319 0.453886637928 0.412315967369
78 35984.0 1356.0 1720.0 206.0 0.0977 0.5104 1.04040918349 0.471361817048 0.441936445034
79 8133.0 940.0 263.0 62.0 0.1291 0.5318 0.860361635077 0.470040599844 0.503309929277
80 18198.0 912.0 1425.0 147.0 0.0535 0.514 1.09913468943 0.469425948776 0.260515042953
81 65950.0 3328.0 7675.0 171.0 0.0136 0.5134 1.56497232809 0.474222187122 0.246681743185
82 25751.0 1664.0 1860.0 122.0 0.0491 0.5175 1.25990165105 0.472134720417 0.415847006223
83 27390.0 1234.0 1913.0 170.0 0.0401 0.5127 1.13025295578 0.470572169511 0.254797551523
84 18338.0 1404.0 652.0 100.0 0.0768 0.5209 0.927067721582 0.47139025183 0.254210535936
85 7429.0 1173.0 346.0 46.0 0.0831 0.5438 1.0474293004 0.471791949949 0.395276165364
86 6968.0 596.0 402.0 80.0 0.0954 0.5241 0.872498165231 0.466815856297 0.325004801263
87 41083.0 3475.0 423.0 101.0 0.1364 0.5225 0.901308270137 0.474618670499 0.525163968839
88 1577.0 288.0 184.0 32.0 0.1117 0.5537 0.98813822214 0.46104388867 0.265936875332
89 66511.0 4036.0 932.0 144.0 0.1049 0.516 0.961982288021 0.474548580361 0.396162951871
90 26542.0 2976.0 402.0 74.0 0.1396 0.5301 0.969126703669 0.474460793789 0.577737031541
91 79.0 55.0 5.0 4.0 0.7137 0.7826 0.526576178989 0.454838088764 0.846092165374
92 17667.0 833.0 860.0 154.0 0.162 0.5137 1.01522968707 0.468489889759 0.779816884885
93 13446.0 2205.0 338.0 47.0 0.1189 0.5454 1.08473936084 0.472908938575 0.649367200633
94 9283.0 226.0 1076.0 249.0 0.0895 0.5103 0.818095678661 0.456393943374 0.253629593591
95 53491.0 3114.0 10910.0 146.0 0.0064 0.5155 1.6617081252 0.473928747543 0.203095928327
96 1128.0 288.0 104.0 22.0 0.181 0.5779 0.984315544676 0.460492330039 0.207819485042
97 2231.0 592.0 183.0 23.0 0.1262 0.5792 1.10337236833 0.467058180544 0.62296591635
98 3473.0 628.0 386.0 36.0 0.0662 0.5515 1.1808676423 0.467807199095 0.365832288395
99 6881.0 1267.0 256.0 39.0 0.0912 0.5515 0.966783001369 0.472165516019 0.381565214028
100 2676.0 597.0 211.0 29.0 0.1143 0.5644 1.15119650564 0.469931314962 0.363790314535
101 27970.0 3192.0 335.0 73.0 0.153 0.5306 0.909678144276 0.475138253973 0.598866588622
102 17965.0 624.0 1619.0 202.0 0.0849 0.5106 1.0528138215 0.466608611537 0.576035395907
103 68432.0 3803.0 6983.0 157.0 0.0204 0.5146 1.680636349 0.474762944609 0.310063432149
104 133098.0 4837.0 11863.0 248.0 0.0203 0.5096 1.71325725859 0.47477546749 0.378091168302
105 1476.0 315.0 158.0 27.0 0.1271 0.5634 1.01115454028 0.460608997433 0.287800725499
106 19467.0 1798.0 1200.0 85.0 0.0465 0.5248 1.19410344251 0.473027933115 0.308768189918
107 62270.0 3887.0 896.0 139.0 0.1115 0.5166 0.942038524817 0.474204147578 0.384507324267
108 31017.0 957.0 2569.0 242.0 0.0625 0.5091 1.11993031374 0.469640196218 0.215504327804
109 6543.0 1158.0 291.0 40.0 0.0934 0.5497 1.03905289854 0.471218863802 0.509294874677
110 21755.0 1159.0 1253.0 142.0 0.0626 0.5148 1.10337690728 0.470411821458 0.366626555124
111 23950.0 2448.0 2156.0 79.0 0.0262 0.5277 1.42949592252 0.472960232302 0.345727000441
112 37898.0 3090.0 1150.0 103.0 0.0835 0.5219 1.14969700794 0.473642429754 0.436048045543
113 3018.0 670.0 198.0 29.0 0.1183 0.5646 1.12987844712 0.46829471924 0.389075337268
114 62534.0 3834.0 810.0 142.0 0.1229 0.5161 0.912915987896 0.474583381908 0.428658079877
115 18946.0 1045.0 1083.0 135.0 0.0667 0.5151 1.00891386931 0.470164846935 0.252539096267
116 27839.0 1475.0 1057.0 147.0 0.0977 0.5146 1.0402464329 0.471644797888 0.436934203833
117 25867.0 2468.0 796.0 85.0 0.0595 0.5259 1.14598776154 0.472814066446 0.499729801856
118 22529.0 1258.0 1425.0 137.0 0.0622 0.5152 1.07786337116 0.471458293768 0.250913533715
119 15296.0 997.0 1093.0 113.0 0.064 0.5182 1.0855366173 0.469331859107 0.33371694794
120 203.0 40.0 50.0 20.0 0.2716 0.5803 0.705092378581 0.399762964209 0.788338053719
121 38.0 23.0 6.0 5.0 0.6037 0.73 0.501663614773 0.441848667691 0.753975646203
122 54486.0 3755.0 643.0 125.0 0.122 0.5182 0.9156659135 0.474454071141 0.456210392442
123 2349.0 667.0 80.0 22.0 0.1921 0.585 0.824206393393 0.470107363366 0.630329795879
124 119249.0 4480.0 16620.0 238.0 0.0095 0.51 1.73060891758 0.474566271777 0.30870813728
125 2457.0 566.0 238.0 27.0 0.1016 0.5678 1.18449812304 0.46555032674 0.298713054667
126 36413.0 2283.0 1295.0 131.0 0.0634 0.5165 1.1015642134 0.474022209982 0.371268508656
127 77013.0 3258.0 7568.0 204.0 0.0244 0.5112 1.61779901265 0.474101199146 0.317493019949
128 21433.0 1298.0 1002.0 126.0 0.0873 0.5166 1.07111623275 0.470899696305 0.50331333517
129 21301.0 838.0 1375.0 185.0 0.0664 0.5115 1.00279830661 0.468440875002 0.306647518147
130 41099.0 1689.0 1229.0 194.0 0.1035 0.5112 0.944684097075 0.472189222954 0.381338656309
131 2798.0 439.0 244.0 40.0 0.1339 0.5455 1.00471752075 0.464081475171 0.579490134371
132 45015.0 2909.0 1247.0 130.0 0.0957 0.5173 1.07131045683 0.47356718954 0.379886090715
133 21.0 19.0 2.0 2.0 0.9284 0.9284 0.552969657477 0.552969657477 1.0
134 22879.0 1146.0 1491.0 151.0 0.0703 0.514 1.11481168185 0.470564953036 0.391717275335
135 21079.0 1267.0 2054.0 127.0 0.046 0.5164 1.29168276514 0.471012614264 0.484536978691
136 25161.0 1279.0 1068.0 151.0 0.1006 0.5139 0.978884052905 0.471232890355 0.449651429897
137 50655.0 3654.0 741.0 119.0 0.1167 0.5193 0.950731751597 0.473996169735 0.458178234588
138 34148.0 3160.0 454.0 91.0 0.1377 0.5247 0.909689492677 0.474290392256 0.527302080542
139 41281.0 2238.0 2446.0 151.0 0.042 0.5146 1.24002247777 0.472897248851 0.205219018149
140 20335.0 1537.0 1720.0 103.0 0.0442 0.5204 1.27145154856 0.472414066744 0.306300962898
141 18921.0 2447.0 215.0 62.0 0.1661 0.5351 0.825272021587 0.474232158434 0.582056319074
142 73171.0 3398.0 4841.0 186.0 0.0213 0.5123 1.39766652375 0.474068529703 0.220545261695
143 97412.0 3902.0 10760.0 220.0 0.0126 0.5106 1.57526412303 0.474447835692 0.251251454012
144 94567.0 3583.0 7698.0 230.0 0.0272 0.5101 1.55025903112 0.474258059758 0.228055154106
145 1860.0 486.0 52.0 23.0 0.363 0.5773 0.82652327028 0.468093556341 0.452472229476
146 1663.0 427.0 112.0 23.0 0.2326 0.575 1.09101641594 0.468026354053 0.411571752054
147 19065.0 1350.0 1653.0 108.0 0.0537 0.5193 1.27834769707 0.471013609993 0.346153211101
148 38091.0 3088.0 591.0 104.0 0.0992 0.5215 0.987158055212 0.474554342224 0.447256121741
149 5907.0 1566.0 205.0 27.0 0.124 0.5779 1.05823371873 0.473896601863 0.57953131009
150 40865.0 2794.0 1434.0 122.0 0.0683 0.5183 1.16866959398 0.473656887782 0.477487478876
151 23430.0 2061.0 676.0 91.0 0.0929 0.5237 1.02374522848 0.473014778399 0.503556153387
152 19386.0 1223.0 2577.0 120.0 0.0328 0.5171 1.37872867452 0.471006561213 0.327524372813
153 33161.0 1158.0 2753.0 218.0 0.0611 0.51 1.18986380468 0.470477307219 0.296607331254
154 4434.0 635.0 170.0 47.0 0.1324 0.5401 0.808658933437 0.468482517718 0.441208982817
155 20130.0 2055.0 385.0 78.0 0.1058 0.5273 0.947632748631 0.47390752334 0.52000995759
156 33946.0 1098.0 2458.0 235.0 0.0733 0.5092 1.13767872276 0.470495626258 0.27604329192
157 16853.0 1818.0 1049.0 72.0 0.0635 0.5293 1.25821305161 0.472741945984 0.43360515627
158 4451.0 1130.0 834.0 27.0 0.0232 0.574 1.497800116 0.472569112488 0.556694699206
159 3117.0 538.0 310.0 37.0 0.0645 0.5492 1.10055066867 0.466840812468 0.267300512799
160 1433.0 373.0 96.0 22.0 0.1711 0.5793 0.999926012863 0.461590568251 0.213477011532
161 30143.0 1348.0 2275.0 173.0 0.0524 0.5123 1.17741175188 0.471172974277 0.302783542957
162 13229.0 1265.0 425.0 78.0 0.1302 0.526 0.881978482254 0.471124482409 0.516703078715
163 48641.0 1514.0 3425.0 254.0 0.067 0.5088 1.25929114541 0.471455518313 0.34938159672
164 29356.0 2771.0 366.0 87.0 0.1575 0.5253 0.847761310046 0.473546148778 0.555664240845
165 3783.0 312.0 359.0 75.0 0.1067 0.5247 0.852371983509 0.460455438771 0.293154609348
166 8907.0 585.0 1041.0 104.0 0.0528 0.5192 1.07727383453 0.465836341389 0.345590221225
167 58177.0 2977.0 3101.0 166.0 0.042 0.5137 1.34942839255 0.473651398021 0.372589353966
168 6069.0 1193.0 286.0 36.0 0.0811 0.5553 1.07241319191 0.472582664029 0.454424551842
169 47269.0 3052.0 7299.0 131.0 0.0114 0.517 1.64752205361 0.474356587234 0.275514787589
170 66137.0 3342.0 5499.0 170.0 0.0218 0.5134 1.46232984562 0.474180208758 0.256930904941
171 1647.0 357.0 190.0 27.0 0.1148 0.5647 1.08703455856 0.461095388494 0.301062689013
172 24051.0 736.0 3113.0 235.0 0.0514 0.5093 1.222349288 0.467695506857 0.210156669866
173 4947.0 371.0 486.0 85.0 0.096 0.5225 0.902673166345 0.461505644011 0.220745459908
174 30906.0 2656.0 802.0 96.0 0.0923 0.5229 1.03340158427 0.473706925058 0.494368356408
175 47547.0 3208.0 707.0 126.0 0.1173 0.5179 0.914219456014 0.474155386206 0.43130563518
176 41865.0 1114.0 2884.0 286.0 0.0555 0.508 1.13003507862 0.470089041113 0.226404024336
177 96675.0 4753.0 4583.0 182.0 0.0544 0.5129 1.55268823258 0.474895656656 0.470358861428
178 2639.0 123.0 416.0 116.0 0.1579 0.5188 0.796226887788 0.446792944104 0.440117425241
179 9523.0 778.0 825.0 87.0 0.0781 0.5225 1.10263346864 0.468899061117 0.377572744368
180 5689.0 1092.0 644.0 37.0 0.0462 0.5545 1.3190497858 0.471145258913 0.364019461167
181 51.0 25.0 13.0 6.0 0.3503 0.6944 0.608412958152 0.405144685899 0.602081258882
182 21309.0 1913.0 802.0 88.0 0.0913 0.5241 1.04976947167 0.472944193532 0.438753319507
183 61851.0 3492.0 5964.0 153.0 0.0192 0.5149 1.57975332683 0.474380956678 0.37088729614
184 38525.0 3109.0 504.0 104.0 0.1276 0.5215 0.918881391957 0.473785741155 0.503186779297
185 18440.0 1162.0 2735.0 120.0 0.0276 0.5172 1.37877698398 0.471111627715 0.302084935726
186 23320.0 1512.0 1275.0 120.0 0.0601 0.5175 1.11413910076 0.47177544316 0.320793069271
187 81.0 60.0 7.0 4.0 0.647 0.81 0.698812155936 0.476717720172 0.710458738364
188 27402.0 1270.0 1767.0 166.0 0.066 0.5127 1.12053723825 0.471467743255 0.394410983071
189 52.0 13.0 17.0 12.0 0.4245 0.6047 0.426832747097 0.375037902661 0.763065218357
190 31166.0 2410.0 767.0 106.0 0.077 0.5206 1.04458175235 0.47375404764 0.464316690977
191 6823.0 660.0 524.0 71.0 0.0844 0.5272 0.974989836633 0.466742967204 0.23993436815
192 1793.0 508.0 106.0 21.0 0.2078 0.5862 1.13923583472 0.465851758535 0.236428045377
193 1334.0 444.0 135.0 17.0 0.069 0.6032 1.04829332036 0.467244577608 0.321213589992
194 32522.0 1893.0 1798.0 138.0 0.0521 0.5156 1.20516553673 0.472756927338 0.376641177502
195 36014.0 1475.0 3744.0 192.0 0.0405 0.5113 1.36991977027 0.471753015643 0.419972603374
196 27523.0 2314.0 2459.0 97.0 0.0332 0.5226 1.4375237926 0.4731754109 0.246103605878
197 25150.0 2860.0 355.0 72.0 0.1513 0.5306 0.931098547981 0.474252039272 0.595621919272
198 53896.0 3528.0 4786.0 131.0 0.0288 0.5172 1.65994154767 0.474507655785 0.3974206984
199 27166.0 1952.0 2035.0 111.0 0.0457 0.5194 1.32782301501 0.472473541249 0.375790227978
200 28228.0 2578.0 1295.0 90.0 0.0672 0.5245 1.25723745502 0.473729174093 0.493724189304
201 51596.0 3414.0 932.0 129.0 0.1064 0.5177 0.986008647449 0.473665825782 0.419181034755
202 41713.0 3625.0 1055.0 98.0 0.1032 0.5232 1.15351987408 0.47435574199 0.526276000098
203 44142.0 2665.0 3258.0 138.0 0.035 0.5161 1.40000152468 0.473462267013 0.305082213154
204 31322.0 1037.0 2334.0 227.0 0.0715 0.5096 1.14971826892 0.469852018982 0.536087181784
205 34880.0 2822.0 1150.0 103.0 0.0653 0.5216 1.11985073494 0.474005859848 0.402554041588
206 1961.0 508.0 113.0 24.0 0.2361 0.576 1.06802043579 0.470909624093 0.398271748378
207 34.0 25.0 3.0 3.0 0.7707 0.8257 0.425310967464 0.402063327866 0.69816543568
208 23573.0 1219.0 797.0 147.0 0.0731 0.5144 0.92439971504 0.470567553884 0.201764834534
209 66929.0 3477.0 6850.0 166.0 0.0163 0.5137 1.55883900292 0.474243202124 0.314282866181
210 77693.0 4098.0 1928.0 167.0 0.0638 0.5138 1.13566904116 0.474741080748 0.315469593818
211 2344.0 562.0 352.0 26.0 0.0556 0.571 1.23363466842 0.465703466346 0.450904593
212 7257.0 1361.0 566.0 39.0 0.0536 0.553 1.21536442629 0.472718915942 0.370999570654
213 75.0 42.0 9.0 6.0 0.5211 0.6939 0.561300063461 0.445578880898 0.755549483114
214 71010.0 4240.0 3252.0 147.0 0.0598 0.5157 1.48829297793 0.474702045647 0.526446736798
215 17474.0 1338.0 569.0 100.0 0.0882 0.521 0.919752800224 0.47126331887 0.325143064151
216 46657.0 3366.0 1447.0 118.0 0.0644 0.5191 1.22550141211 0.474279722573 0.554789507719
217 112935.0 4853.0 7053.0 210.0 0.0305 0.5113 1.57410255951 0.474881218755 0.383916447209
218 56051.0 3051.0 2851.0 156.0 0.0362 0.5145 1.3323371615 0.473822368968 0.215315076644
219 23.0 21.0 2.0 2.0 0.933 0.933 0.574929519894 0.574929519894 1.0
220 24186.0 1217.0 2355.0 152.0 0.0404 0.5139 1.24308640046 0.471004042639 0.383889475574
221 24606.0 2104.0 560.0 94.0 0.0919 0.523 0.974474124255 0.473460594062 0.463792912967
222 21511.0 1400.0 796.0 118.0 0.0878 0.5179 0.986671659381 0.471180874247 0.328364439699
223 7343.0 903.0 699.0 58.0 0.0592 0.5343 1.15695514455 0.469637850944 0.292230019033
224 45.0 35.0 3.0 3.0 0.8635 0.8385 0.410310693403 0.454874866531 0.829828061394
225 1282.0 295.0 122.0 25.0 0.1317 0.5678 0.980344595709 0.463472076438 0.207568733954
226 42.0 14.0 10.0 9.0 0.6 0.6221 0.420449731202 0.370985475653 0.965427778875
227 1399.0 307.0 166.0 26.0 0.112 0.5648 1.03801450426 0.461578650263 0.264807872167
228 68648.0 3839.0 7367.0 156.0 0.0191 0.5148 1.7058319194 0.474354506131 0.415956701118
229 2185.0 600.0 136.0 23.0 0.1605 0.5799 0.987118558593 0.474851682048 0.606821350528
230 26536.0 1342.0 3264.0 153.0 0.0339 0.5141 1.39066102177 0.47097040413 0.465396137347
231 33753.0 2673.0 765.0 105.0 0.0779 0.521 1.04078354989 0.474032767662 0.432995359919
232 14922.0 794.0 1761.0 135.0 0.0461 0.5155 1.17868753992 0.467798514092 0.476739908805
233 84053.0 3697.0 4648.0 199.0 0.0249 0.5116 1.35800659478 0.474473482948 0.258286278479
234 26000.0 980.0 1500.0 198.0 0.081 0.5109 0.981574707827 0.4693958666 0.309717582949
235 7379.0 1319.0 673.0 41.0 0.0552 0.5502 1.32548622089 0.473076189688 0.423362293248
236 194.0 74.0 21.0 11.0 0.3215 0.6229 0.632664333341 0.444899937915 0.704980647596
237 1531.0 361.0 120.0 25.0 0.1907 0.5697 1.02469058324 0.464873803477 0.405294974008
238 74676.0 3265.0 7827.0 197.0 0.0189 0.5116 1.57368220374 0.473980831529 0.309110269576
239 2474.0 80.0 1043.0 155.0 0.0503 0.5187 0.863154760084 0.435088542968 -0.691745376204
240 9165.0 82.0 5195.0 568.0 0.0365 0.5123 0.975710449633 0.43607054381 -0.21705186901
241 3871.0 83.0 892.0 236.0 0.1165 0.5146 0.74585894508 0.435508645264 0.250633592789
242 12362.0 106.0 8460.0 623.0 0.0192 0.5102 1.02184393466 0.442363483364 -2.37171908094
243 4747.0 87.0 1690.0 279.0 0.0737 0.5145 0.909327937049 0.436929513777 0.00674596979392
244 4900.0 92.0 2720.0 276.0 0.0232 0.5134 0.893247055951 0.439718767075 -4.77445923715
245 10109.0 45.0 4924.0 1009.0 0.0704 0.5172 0.752940114684 0.417045310117 -0.816631199916
246 28911.0 22.0 28863.0 4972.0 0.0456 0.5286 0.729517573337 0.384517966315 -6.7261043291
247 11005.0 177.0 1932.0 362.0 0.0663 0.5096 0.842273757675 0.451729579787 -0.726699559522
248 3282.0 80.0 498.0 206.0 0.1846 0.516 0.609786776056 0.435034625729 0.422407030083
249 3492.0 29.0 3418.0 487.0 0.036 0.525 0.78548807144 0.398519216071 -4.41175308766
250 4041.0 53.0 1200.0 354.0 0.1092 0.5172 0.718796444996 0.423462439372 -0.0860561227843
251 3463.0 221.0 639.0 93.0 0.073 0.5207 0.937872686065 0.455488431168 -0.0107996364639
252 6741.0 11.0 6729.0 1893.0 0.0912 0.549 0.585014862429 0.3368920735 -3.62888064833
253 5113.0 79.0 2333.0 326.0 0.0555 0.5151 0.944467689339 0.435541484374 -0.0393981845957
254 217.0 27.0 109.0 31.0 0.1356 0.5579 0.744334900487 0.408178927388 0.566081947374
255 9600.0 36.0 7033.0 1139.0 0.0484 0.5204 0.796937725909 0.408409424502 -1.52599712608
256 22864.0 36.0 12734.0 2715.0 0.0597 0.5197 0.703947025328 0.40829588708 -2.54482770617
257 2711.0 59.0 304.0 217.0 0.3627 0.5181 0.568070758185 0.425650902173 0.966268818604
258 4756.0 176.0 1154.0 156.0 0.0598 0.5148 0.943929939129 0.451097224309 -0.131355658214
259 1707.0 77.0 416.0 110.0 0.1131 0.5215 0.807692878953 0.435426086845 0.683926279294
260 18716.0 334.0 4249.0 362.0 0.0306 0.5075 1.03942539576 0.461234286007 -1.07623260418
261 1373.0 52.0 572.0 121.0 0.088 0.5237 0.80340287589 0.422437173761 0.0172267226848
262 3016.0 43.0 1704.0 311.0 0.0604 0.5204 0.78188196724 0.415381865537 -0.880059238667
263 1849.0 58.0 702.0 150.0 0.0938 0.5215 0.813558545488 0.42610124385 0.130317750626
264 3114.0 80.0 471.0 196.0 0.1587 0.5173 0.634864602211 0.43536100936 0.114602906302
265 1216.0 33.0 585.0 153.0 0.1103 0.5276 0.736081789168 0.403973099231 0.114867725538
266 1492.0 53.0 282.0 129.0 0.1961 0.5242 0.597823663531 0.421824683455 0.511577944218
267 2642.0 92.0 345.0 148.0 0.1857 0.5181 0.635092313663 0.438711922367 0.380608342315
268 3616.0 52.0 1851.0 321.0 0.0675 0.518 0.863795160634 0.421660456081 -0.175239885881
269 3995.0 62.0 1343.0 309.0 0.0847 0.5162 0.74566209532 0.428352154808 -0.473843520535
270 7054.0 186.0 1439.0 222.0 0.0535 0.5114 0.845619093861 0.453014076401 -1.02963882495
271 3280.0 47.0 1055.0 315.0 0.1189 0.5193 0.680077218538 0.418332070039 0.00727784964279
272 2431.0 26.0 1665.0 368.0 0.0774 0.5273 0.735233214335 0.393500041379 -0.504548492902
273 2311.0 92.0 276.0 129.0 0.2449 0.5183 0.718711770144 0.439232621168 0.90340375245
274 3783.0 27.0 3263.0 557.0 0.0492 0.5256 0.764347136556 0.394711785089 -2.31145131704
275 5901.0 127.0 1222.0 255.0 0.11 0.5126 0.860367270162 0.445913122486 0.327617707043
276 7241.0 102.0 2423.0 375.0 0.0418 0.5125 0.849958337241 0.441275904023 -1.58583852421
277 2532.0 50.0 1344.0 231.0 0.0626 0.5197 0.836251223292 0.420006078654 -0.258898689221
278 3368.0 27.0 2788.0 496.0 0.0531 0.5266 0.762302187952 0.395586386608 -1.55536299914
279 2545.0 70.0 1046.0 178.0 0.0688 0.5181 0.871770565634 0.431572934039 -0.0679665584939
280 2363.0 65.0 647.0 175.0 0.0954 0.5188 0.715348461248 0.42909545064 -0.0514381314387
281 6045.0 95.0 1878.0 332.0 0.0545 0.5128 0.854347783812 0.439693163804 -0.596153890368
282 1639.0 41.0 561.0 174.0 0.1003 0.5231 0.697254055934 0.411873952606 0.0579151480626
283 7066.0 153.0 1077.0 262.0 0.1279 0.5115 0.820997849524 0.449561755436 0.366845806405
284 9951.0 28.0 9618.0 1429.0 0.0382 0.5242 0.77831093054 0.397016975745 -2.83704087287
285 2902.0 89.0 627.0 167.0 0.1477 0.517 0.805873575355 0.437938065511 0.492093858502
286 1662.0 27.0 787.0 244.0 0.1307 0.5282 0.669287658586 0.394956172963 0.0151691073812
287 5072.0 99.0 655.0 269.0 0.2065 0.5136 0.640322926416 0.44092869626 0.389573948452
288 466.0 11.0 184.0 130.0 0.2811 0.5558 0.345410830073 0.33590085093 0.112238113887
289 4217.0 83.0 1189.0 258.0 0.0961 0.5153 0.841829733029 0.436305921384 0.62040390143
290 5434.0 50.0 2056.0 499.0 0.0958 0.5172 0.752120993513 0.421794185876 -0.341159893376
291 3001.0 86.0 733.0 178.0 0.0888 0.5161 0.782477965209 0.438315699379 -0.00656557687732
292 1883.0 69.0 201.0 132.0 0.3099 0.5205 0.501246671795 0.429982972419 0.663222322336
293 2518.0 47.0 770.0 242.0 0.1511 0.5197 0.720406470759 0.419234409381 0.336159604471
294 3544.0 11.0 3119.0 995.0 0.1161 0.5492 0.579191668868 0.337129689231 -0.888519069516
295 3279.0 25.0 1820.0 512.0 0.108 0.5275 0.676333008753 0.391516953472 -0.203149182299
296 3489.0 48.0 3065.0 330.0 0.027 0.5182 0.886500101464 0.419579758303 -1.40730413206
297 5587.0 69.0 1052.0 397.0 0.1147 0.5145 0.652320334036 0.43074892256 -0.232300045718
298 8448.0 240.0 2044.0 215.0 0.0376 0.5114 0.994649817761 0.457073206052 -0.808644439871
299 2692.0 103.0 926.0 137.0 0.0394 0.5176 0.87594604763 0.44155691421 -0.908497632178
300 3494.0 43.0 853.0 360.0 0.1588 0.5198 0.630510762113 0.415045855323 0.136777717441
301 5518.0 88.0 1051.0 322.0 0.128 0.5138 0.686563764658 0.437524539056 0.146653409483
302 2586.0 37.0 1254.0 299.0 0.0943 0.5221 0.746733170826 0.408402828291 -0.353633826976
303 6788.0 130.0 1301.0 288.0 0.0929 0.5118 0.778424596598 0.446210095563 -0.313108914844
304 6726.0 121.0 1127.0 303.0 0.0996 0.512 0.751858709143 0.445449029627 0.137041879891
305 2353.0 27.0 1538.0 346.0 0.081 0.5265 0.738250934289 0.394817097801 -0.344017338186
306 3727.0 78.0 944.0 239.0 0.1208 0.5155 0.77062194116 0.434564259368 0.094371782003
307 3553.0 39.0 1665.0 395.0 0.0925 0.5212 0.742123696738 0.411791774266 -0.669591928888
308 11186.0 122.0 1885.0 502.0 0.1031 0.5101 0.739947358031 0.445233134344 -0.356979920802
309 28384.0 188.0 15251.0 893.0 0.0164 0.5067 1.1083735596 0.453177015179 -1.42428095526
310 2630.0 21.0 1805.0 467.0 0.0869 0.5316 0.65358956265 0.382017549066 -1.27920397038
311 3329.0 80.0 655.0 209.0 0.1031 0.5168 0.679649144527 0.434146157609 -0.302864039557
312 1888.0 15.0 1781.0 427.0 0.0749 0.5401 0.650672650547 0.361415295655 -1.32978728435
313 3702.0 32.0 1161.0 480.0 0.1692 0.5234 0.581383390045 0.403762972506 -0.255431937829
314 4199.0 97.0 1062.0 226.0 0.1065 0.5142 0.844196168375 0.440144749224 0.0613892026393
315 12299.0 125.0 1888.0 541.0 0.1153 0.5097 0.71756916236 0.445699225706 -0.208570408352
316 5754.0 116.0 1309.0 268.0 0.0967 0.513 0.846906386661 0.444565866399 0.176411256179
317 2982.0 62.0 777.0 230.0 0.1336 0.5173 0.706238289336 0.427384647615 -0.0909771885468
318 3648.0 51.0 1839.0 329.0 0.0558 0.5182 0.766688114765 0.421148873476 -2.19487775352
319 1264.0 47.0 392.0 120.0 0.1621 0.5267 0.758858619544 0.416569855321 0.5247367695
320 5636.0 14.0 5589.0 1340.0 0.0726 0.5408 0.636301090166 0.355698420077 -3.06764823889
321 1687.0 28.0 1122.0 241.0 0.07 0.5282 0.716301253221 0.396361254554 -0.942453589233
322 9175.0 68.0 2163.0 661.0 0.1018 0.5135 0.695195849748 0.430817645075 -0.36897840393
323 5982.0 68.0 1523.0 430.0 0.1065 0.5148 0.700923267527 0.430503731572 -0.0563934787355
324 6035.0 49.0 3528.0 563.0 0.0543 0.5177 0.845203139092 0.420242198967 -0.845914130585
325 9220.0 128.0 2685.0 397.0 0.0637 0.5102 0.910445509182 0.44614487059 -0.693514365281
326 2464.0 35.0 1367.0 297.0 0.0848 0.5233 0.781660433331 0.407255210456 -0.189228687057
327 3808.0 121.0 637.0 170.0 0.1218 0.5157 0.754004897203 0.444724531912 0.140648107073
328 13975.0 85.0 3239.0 842.0 0.1108 0.511 0.723295576866 0.43670506405 -0.441245071054
329 5509.0 49.0 1918.0 514.0 0.0974 0.5171 0.690134599158 0.420041210975 -0.473334906951
330 577.0 21.0 241.0 101.0 0.167 0.5359 0.539565090096 0.378736095074 0.057913534313
331 3938.0 43.0 1179.0 406.0 0.1316 0.5201 0.63101423951 0.415101565796 -0.396257632518
332 4046.0 70.0 1268.0 284.0 0.0904 0.5157 0.772285569523 0.432151280898 0.0760692130277
333 6222.0 114.0 2033.0 294.0 0.0413 0.5123 0.824136011185 0.44395657165 -2.22626433322
334 7619.0 59.0 1891.0 614.0 0.1113 0.5151 0.645097782448 0.426454776794 -0.348721708397
335 8033.0 32.0 4520.0 1042.0 0.0652 0.5224 0.679994896706 0.402884475914 -1.87359616782
336 3200.0 119.0 918.0 145.0 0.0542 0.5165 0.887710183909 0.445085830566 0.045335483669
337 7203.0 86.0 916.0 429.0 0.1829 0.5124 0.573081134613 0.436868114837 0.0296530126416
338 13972.0 77.0 9535.0 912.0 0.0271 0.5119 0.968434780273 0.434075568641 -0.677135592955
339 7050.0 45.0 6884.0 703.0 0.0233 0.5176 0.873997187736 0.416907331074 -5.70101249711
340 6964.0 75.0 3262.0 463.0 0.0552 0.5137 0.930712811109 0.433222953093 -0.181567953182
341 887.0 40.0 456.0 95.0 0.0848 0.5281 0.801383002428 0.410666431404 0.215403550272
342 7169.0 166.0 1099.0 248.0 0.1006 0.5112 0.88822639253 0.450254967587 0.284273792969
343 4325.0 82.0 994.0 267.0 0.0954 0.5148 0.717124519125 0.435824146197 -0.235493181358
344 2539.0 59.0 1407.0 203.0 0.0504 0.5194 0.885006881435 0.426054928269 -0.367825928612
345 3767.0 57.0 3339.0 311.0 0.0222 0.5168 0.919374925571 0.425040873951 -2.85961719039
346 434.0 25.0 48.0 66.0 0.6632 0.5484 0.269310705246 0.390534187606 0.909728634549
347 3135.0 38.0 1766.0 356.0 0.071 0.5211 0.767807384029 0.410958044446 -0.578774136792
348 2544.0 83.0 404.0 155.0 0.1523 0.5191 0.650035817606 0.436774945517 0.256089457102
349 2763.0 42.0 1596.0 290.0 0.0603 0.5206 0.788247553413 0.414374191886 -0.479588674984
350 10092.0 87.0 1912.0 596.0 0.1285 0.5118 0.710370794794 0.43699339895 0.035747801698
351 5590.0 121.0 1047.0 251.0 0.0925 0.5124 0.744042667673 0.444711933715 -0.089400162786
352 4203.0 83.0 697.0 257.0 0.1586 0.5149 0.636247814184 0.436092633166 -0.107407100108
353 2495.0 61.0 707.0 195.0 0.1107 0.519 0.716875947698 0.427304840945 -0.0648929824881
354 11852.0 72.0 3023.0 816.0 0.0974 0.5125 0.69785529063 0.432280474671 -0.618738460087
355 2639.0 58.0 1864.0 214.0 0.0335 0.5182 0.910003886825 0.424907749598 -0.934480736495
356 8444.0 392.0 2504.0 141.0 0.0213 0.5143 1.16608474115 0.463163721525 -1.01808426916
357 2741.0 106.0 514.0 136.0 0.1175 0.5179 0.770489861074 0.4406607794 0.303361741511
358 7500.0 110.0 1577.0 366.0 0.1148 0.5117 0.809977956951 0.443430703865 0.0297698248021
359 4282.0 98.0 695.0 228.0 0.1345 0.515 0.680421587326 0.439676927347 0.0541880962289
360 2733.0 86.0 411.0 161.0 0.1539 0.5182 0.651870590271 0.436933456697 0.273655703987
361 986.0 58.0 287.0 79.0 0.1037 0.5284 0.743588547426 0.42759167361 0.224790977015
362 5050.0 85.0 1304.0 303.0 0.1165 0.5148 0.819322839442 0.436847959284 0.11592542498
363 4459.0 77.0 783.0 290.0 0.1621 0.5144 0.664307414382 0.434280256219 0.315554282548
364 4279.0 58.0 1850.0 349.0 0.0778 0.5168 0.847703510307 0.426007873183 -0.112187654778
365 10688.0 87.0 2547.0 632.0 0.0928 0.5116 0.773925685561 0.43753653675 -0.210325749257
366 4517.0 36.0 2026.0 535.0 0.0813 0.5212 0.685231381245 0.408263849325 -0.613440609025
367 2845.0 80.0 726.0 178.0 0.0978 0.5176 0.750436147213 0.434444346882 0.15202049521
368 38938.0 234.0 27818.0 1021.0 0.0082 0.5056 1.20067231995 0.456451668649 -2.46254662893
369 4097.0 24.0 2165.0 659.0 0.102 0.5277 0.624030247698 0.389120719241 -0.36784903609
370 8849.0 19.0 8419.0 1693.0 0.0581 0.5322 0.69883748524 0.375895354983 -2.55583767383
371 8580.0 42.0 3421.0 903.0 0.1154 0.5186 0.74352624339 0.414399730729 -0.178391828027
372 2752.0 135.0 530.0 112.0 0.1275 0.5189 0.898265390552 0.448330566802 0.414066313118
373 6398.0 67.0 4250.0 466.0 0.0332 0.5142 0.945516283944 0.430034668996 -0.129495491098
374 3487.0 65.0 3052.0 259.0 0.0201 0.5164 0.947710610297 0.429508963325 -1.74071418495
375 5915.0 74.0 1225.0 397.0 0.1398 0.5136 0.707812506967 0.432499570713 0.210671795072
376 9702.0 96.0 7309.0 529.0 0.0178 0.5111 1.01130504777 0.439567398393 -2.09628730037
377 6225.0 72.0 4796.0 428.0 0.0233 0.5138 0.966094691226 0.4326182572 -0.786460716563
378 10021.0 178.0 1180.0 328.0 0.0904 0.5103 0.745794674272 0.452017157578 -0.352116494007
379 1514.0 25.0 1419.0 235.0 0.0455 0.5303 0.754915694103 0.390917532589 -2.4441676183
380 1907.0 30.0 1233.0 259.0 0.0694 0.527 0.730943254859 0.401262985878 -0.98863186951
381 23765.0 138.0 4495.0 966.0 0.098 0.5081 0.82273907231 0.447708683901 0.168408079585
382 8550.0 107.0 5450.0 427.0 0.0225 0.511 1.03823655947 0.442179851778 -0.56798943299
383 7734.0 25.0 6474.0 1209.0 0.0554 0.5265 0.739577861826 0.391429997778 -2.5546305519
384 4002.0 92.0 994.0 225.0 0.0923 0.515 0.781678035416 0.439507611267 -0.131220803253
385 4086.0 95.0 628.0 224.0 0.1644 0.5149 0.729651971383 0.440235572366 0.549529917825
386 5201.0 35.0 4535.0 630.0 0.0374 0.5213 0.820698957422 0.40704682962 -1.71424159497
387 976.0 19.0 253.0 186.0 0.277 0.5375 0.389165005072 0.37622791792 0.347506421617
388 14255.0 38.0 13992.0 1623.0 0.0273 0.5192 0.839984459656 0.410605237865 -4.72891253318
389 4166.0 26.0 3550.0 632.0 0.0517 0.5264 0.75049256052 0.393553369139 -2.85599718592
390 1143.0 36.0 727.0 134.0 0.0653 0.5297 0.80606653189 0.409032553945 -0.0808861014942
391 1841.0 107.0 344.0 90.0 0.1183 0.5223 0.764416948983 0.442216621777 0.208839618074
392 5808.0 109.0 4649.0 285.0 0.0142 0.512 1.04983260879 0.443626131006 -1.99224187866
393 1940.0 35.0 597.0 234.0 0.1311 0.5249 0.577260562445 0.407531793664 -0.677063705208
394 3143.0 69.0 722.0 222.0 0.1224 0.5168 0.680922268684 0.430974195092 -0.0479854309321
395 3713.0 53.0 1561.0 325.0 0.0872 0.518 0.813883224818 0.422489707288 -0.0120534053485
396 3100.0 33.0 2558.0 392.0 0.0438 0.5235 0.803027807157 0.404858904862 -1.64366645215
397 7671.0 30.0 7476.0 1045.0 0.0351 0.5234 0.792308793986 0.400285745059 -3.6337954516
398 1243.0 33.0 297.0 156.0 0.2443 0.5281 0.535044701624 0.402631940451 0.529271984197
399 17934.0 686.0 1449.0 186.0 0.0316 0.5115 0.941451671582 0.467534925945 -1.23100583415
400 3260.0 80.0 1022.0 205.0 0.0728 0.5157 0.800871588807 0.435600630904 -0.239949652107
401 9093.0 104.0 3291.0 465.0 0.0362 0.5115 0.872980236402 0.442156342867 -1.25406484252
402 7642.0 83.0 2874.0 469.0 0.0674 0.5126 0.886248869268 0.436386756079 -0.384713643015
403 6420.0 44.0 3587.0 652.0 0.0579 0.5185 0.779795857138 0.41655244255 -0.560528507807
404 2963.0 33.0 2024.0 375.0 0.0584 0.5242 0.762296013208 0.405310501462 -1.44390049112
405 3276.0 49.0 1000.0 305.0 0.1099 0.5187 0.643683990187 0.420313302167 -0.726492207411
406 4658.0 27.0 4515.0 687.0 0.0394 0.5253 0.770861674975 0.395431563686 -3.91129288749
407 2418.0 42.0 2113.0 253.0 0.0308 0.5216 0.854019421729 0.414268602001 -3.28770691926
408 3018.0 31.0 1876.0 400.0 0.0644 0.5243 0.702051700194 0.401511693319 -1.64539816565
409 6088.0 147.0 807.0 233.0 0.1185 0.5124 0.714109995377 0.448776193491 -0.023719016311
410 4507.0 22.0 3961.0 774.0 0.0583 0.5295 0.724769297174 0.384405949146 -1.63814669674
411 3110.0 11.0 1886.0 873.0 0.2116 0.5497 0.512955962044 0.336948660754 -0.0364295959277
412 4349.0 70.0 2973.0 305.0 0.0287 0.516 0.930786004014 0.431654325865 -1.7001254865
413 8507.0 192.0 2098.0 261.0 0.0586 0.5105 0.995114347119 0.452897216533 -0.0670655136579
414 3783.0 80.0 1706.0 238.0 0.0516 0.5153 0.909810491316 0.435495190711 -0.373771092471
415 4669.0 83.0 1031.0 286.0 0.1145 0.5142 0.727208032546 0.436586282699 0.116927819545
416 2241.0 16.0 1446.0 484.0 0.1342 0.5382 0.611569118685 0.364294166533 -0.21258295302
417 5261.0 50.0 1235.0 483.0 0.118 0.5173 0.616073346467 0.421208435186 -0.342457790925
418 7193.0 61.0 3618.0 565.0 0.0575 0.5146 0.878029272511 0.427428265495 -0.67813483241
419 4830.0 67.0 2219.0 351.0 0.0531 0.5154 0.844567581743 0.429681093902 -0.625525122854
420 8191.0 97.0 1587.0 443.0 0.1005 0.5114 0.730637129311 0.440216724841 -0.302361290187
421 4718.0 92.0 486.0 265.0 0.1986 0.5137 0.591011275086 0.438502337273 0.349175996191
422 355.0 34.0 169.0 42.0 0.1186 0.5513 0.784594485172 0.402417609302 0.570674802847
423 7321.0 98.0 1465.0 392.0 0.1267 0.5119 0.750458027401 0.440491945947 -0.0910177361387
424 2207.0 73.0 945.0 149.0 0.0653 0.5201 0.907898039812 0.434206397088 0.0861288817674
425 7290.0 96.0 2017.0 397.0 0.0888 0.5124 0.838569328325 0.439748734443 -0.17744728032
426 2604.0 66.0 677.0 191.0 0.1202 0.5191 0.716517968202 0.430872517404 -0.0283974102488
427 3423.0 51.0 933.0 309.0 0.1335 0.5189 0.647233871413 0.421897894252 -0.256304197197
428 2871.0 45.0 2073.0 285.0 0.042 0.5201 0.867236832938 0.41657558203 -0.44384219742
429 6828.0 125.0 1052.0 299.0 0.0892 0.5117 0.739075199148 0.445400342193 -0.159093231066
430 7825.0 54.0 2847.0 677.0 0.1003 0.5156 0.763094145642 0.42370230007 -0.367486045128
431 9005.0 44.0 8712.0 915.0 0.0243 0.5176 0.869419219649 0.416443524524 -4.41069092899
432 4648.0 102.0 570.0 240.0 0.1672 0.5138 0.610266368834 0.441193512896 0.18479754022
433 6007.0 23.0 4453.0 999.0 0.0766 0.5281 0.723002527947 0.387044555622 -0.427501441742
434 10258.0 35.0 5901.0 1244.0 0.0593 0.5206 0.703744989102 0.407219405823 -1.98228851436
435 302.0 34.0 65.0 36.0 0.3147 0.551 0.55515012312 0.409872308224 0.747686200701
436 3681.0 68.0 505.0 264.0 0.2017 0.5156 0.568770241175 0.43126670521 0.357599085181
437 5456.0 93.0 1532.0 304.0 0.0633 0.5132 0.772991336702 0.438763192707 -1.01926958992
438 4088.0 45.0 3155.0 407.0 0.0362 0.5194 0.859100037245 0.417602844407 -1.36944228293
439 2950.0 101.0 1115.0 153.0 0.0535 0.5171 0.925266667517 0.441441659915 -0.207072303427
440 8765.0 111.0 2726.0 424.0 0.0606 0.5114 0.877540763443 0.44308318931 -0.761933979253
441 2462.0 89.0 502.0 141.0 0.1196 0.5187 0.736718695756 0.437433699212 0.191624262362
442 3338.0 108.0 1319.0 164.0 0.0505 0.5163 0.973973591503 0.442926321373 -0.0889775732455
443 6706.0 27.0 6517.0 989.0 0.0392 0.5254 0.77094493943 0.395256002128 -3.50993981606
444 7396.0 109.0 1033.0 363.0 0.1205 0.5117 0.659065002153 0.44268546009 -0.344988707744
445 5611.0 82.0 739.0 347.0 0.1862 0.5138 0.625828586822 0.436340420811 0.263112388148
446 5050.0 82.0 1355.0 312.0 0.0968 0.5135 0.769386169216 0.436332687016 -0.114058981965
447 2312.0 73.0 481.0 156.0 0.1554 0.5187 0.708415628207 0.432382578773 0.388897032968
448 4076.0 55.0 1635.0 346.0 0.1036 0.5175 0.884620958573 0.423336065616 0.59922746478
449 5324.0 81.0 1648.0 332.0 0.0885 0.5137 0.828359370257 0.435595710901 -0.085410770814
450 4022.0 150.0 471.0 151.0 0.1427 0.5162 0.741131260882 0.450149108377 0.362803662266
451 6295.0 74.0 852.0 423.0 0.1846 0.5139 0.606973040748 0.433124614568 0.339282259861
452 2926.0 30.0 2708.0 398.0 0.0389 0.5243 0.792050695024 0.399991370297 -1.77915265156
453 5234.0 53.0 2129.0 459.0 0.0851 0.5162 0.780822408186 0.422772381371 -0.338942087161
454 12910.0 26.0 12273.0 1960.0 0.0425 0.5254 0.763210161669 0.393231153549 -1.87948610172
455 3378.0 21.0 973.0 600.0 0.2904 0.531 0.458046542334 0.381343597689 0.384329283512
456 2788.0 68.0 597.0 199.0 0.1537 0.5183 0.673200449209 0.430513886864 0.140462591607
457 6859.0 37.0 4210.0 796.0 0.0644 0.52 0.783086278571 0.409114534639 -0.888694834312
458 3807.0 97.0 1095.0 205.0 0.0757 0.5149 0.858333841599 0.440265132672 0.386817272433
459 8905.0 57.0 4214.0 738.0 0.06 0.5151 0.807512591452 0.425010834832 -1.32671902825
460 22425.0 58.0 11092.0 1836.0 0.0543 0.514 0.817171154062 0.425980519601 -1.06868458496
461 5753.0 27.0 5363.0 848.0 0.0426 0.5255 0.770543053655 0.39498275321 -1.94725280559
462 3660.0 67.0 1491.0 266.0 0.0703 0.5167 0.844983860488 0.431041117282 -0.141740636946
463 6726.0 85.0 1026.0 404.0 0.1537 0.513 0.62528742749 0.436792177063 -0.0431776955809
464 6145.0 85.0 1219.0 369.0 0.1371 0.5131 0.715484068456 0.4364976184 0.00386038245151
465 3319.0 24.0 2708.0 534.0 0.0614 0.5279 0.737294404519 0.388957941186 -1.20972802892
466 14080.0 155.0 5270.0 519.0 0.0328 0.5085 0.979291631956 0.449710113673 -0.890887447029
467 2028.0 22.0 1527.0 347.0 0.0754 0.5312 0.699802649828 0.384219934545 -1.08730341374
468 1200.0 52.0 257.0 105.0 0.1784 0.5269 0.595904123756 0.422761600218 0.173692866124
469 6502.0 140.0 935.0 259.0 0.1083 0.5122 0.762926793065 0.447675825723 0.036702322352
470 7898.0 120.0 1648.0 358.0 0.0603 0.511 0.789311330488 0.444521965551 -0.823425069145
471 6370.0 131.0 1325.0 268.0 0.0865 0.5119 0.804663168129 0.446656034004 -0.332775918259
472 4194.0 119.0 648.0 191.0 0.1365 0.5148 0.767881750168 0.444625960427 0.424023060521
473 5625.0 17.0 3091.0 1166.0 0.1556 0.5355 0.57554740183 0.369023035137 -0.0167414896212
474 2784.0 21.0 858.0 494.0 0.2363 0.5311 0.47099647906 0.382060197335 0.214654778536
475 2098.0 68.0 460.0 150.0 0.1492 0.5199 0.705700229492 0.432673550437 0.397302677769
476 5495.0 72.0 3770.0 377.0 0.0286 0.5143 0.953728753936 0.43212405425 -0.576955473978
477 3064.0 147.0 898.0 116.0 0.0688 0.5186 1.05081625769 0.44838233979 0.333289230146
478 2143677.0 438.0 518565.0 33157.0 0.0265 0.5025 1.15031307282 0.463625720766 -1.32818459721
479 1105.0 177.0 243.0 34.0 0.0801 0.5493 0.99281189892 0.453371591773 0.433200520187
480 1614001.0 683.0 288573.0 17058.0 0.0259 0.5018 1.19285179754 0.467253602307 -1.24093257251
481 1434528.0 609.0 336902.0 16733.0 0.0168 0.502 1.19491537581 0.466416031133 -1.7744223962
482 5378.0 48.0 2926.0 510.0 0.0621 0.5174 0.828035404666 0.419105671829 -0.519399068778
483 4125.0 314.0 1773.0 82.0 0.0167 0.523 1.25275110425 0.460899257992 0.0808481689555
484 2935961.0 349.0 755798.0 55084.0 0.0248 0.5031 1.10323896228 0.461329070661 -1.2322226122
485 4815.0 99.0 1475.0 255.0 0.0581 0.5137 0.843652811694 0.440114541039 -0.299150095479
486 3109894.0 413.0 370984.0 50573.0 0.0461 0.5027 0.91426267653 0.463063109561 -1.54458929125
487 3051980.0 409.0 1219802.0 50044.0 0.0138 0.5027 1.26825766956 0.46296898349 -1.43773435217
488 3613878.0 456.0 904983.0 54012.0 0.0215 0.5024 1.15786528188 0.464002349893 -1.66505054179
489 2189119.0 485.0 320962.0 31039.0 0.028 0.5023 1.01415469879 0.464557586698 -1.71580780026
490 2882.0 24.0 701.0 463.0 0.2569 0.5287 0.447598495736 0.388335786965 0.361333126897
491 2312743.0 359.0 457041.0 42364.0 0.0331 0.503 1.00537038836 0.461629745177 -1.54788013517
492 2939735.0 469.0 586830.0 42894.0 0.0344 0.5024 1.13696594567 0.464258372661 -1.15615114568
493 8674.0 313.0 2104.0 176.0 0.0377 0.5123 1.09538155717 0.46037997624 -0.00416071363852
494 2563732.0 704.0 802389.0 26399.0 0.007 0.5017 1.27400060482 0.467462345561 -3.00700389381
495 27728.0 171.0 6016.0 944.0 0.0463 0.5071 0.826477129428 0.451734216384 -1.70217847402
496 2117529.0 307.0 428604.0 44279.0 0.0474 0.5034 1.04859771352 0.45987314869 -0.77533874664
497 10955.0 612.0 4854.0 124.0 0.0081 0.5163 1.39110055943 0.46609542121 -0.295779843016
498 1191789.0 426.0 205253.0 18874.0 0.0345 0.5026 1.04776476036 0.463357987464 -0.967416869453
499 941.0 38.0 654.0 106.0 0.0528 0.526 0.824410577051 0.412661372614 -0.655853240137
500 5680.0 449.0 688.0 83.0 0.049 0.5231 1.02065319913 0.464193215821 0.217218653163
501 1907045.0 379.0 303575.0 33361.0 0.0458 0.5029 0.96875995322 0.462198939189 -1.19822869434
502 2082310.0 429.0 391229.0 32783.0 0.0326 0.5026 1.02895516407 0.463430068428 -1.63569434976
503 897.0 247.0 138.0 20.0 0.1242 0.5831 1.08917629475 0.462351273459 0.655128167452
504 1949.0 24.0 488.0 313.0 0.3265 0.5294 0.468752521978 0.389442367148 0.590139369666
505 926.0 218.0 110.0 23.0 0.1403 0.5713 0.936133866327 0.457616348664 0.669465645477
506 2118309.0 480.0 1341130.0 30302.0 0.0051 0.5024 1.34299368615 0.464467397494 -2.20648625666
507 1925705.0 297.0 658142.0 41409.0 0.0245 0.5035 1.17340553639 0.459480245387 -1.02962649049
508 1885.0 68.0 305.0 134.0 0.1738 0.5221 0.66330711972 0.430846683588 0.442784110078
509 10209.0 43.0 6798.0 1056.0 0.0496 0.5178 0.837438820063 0.415574577228 -0.338890642541
510 9446.0 418.0 2328.0 149.0 0.0251 0.5141 1.13817146818 0.463124057195 -0.306066552439
511 27283.0 846.0 2476.0 236.0 0.048 0.5093 1.10903622931 0.468627746242 0.103627280928
512 2412.0 379.0 279.0 39.0 0.0893 0.5461 1.03758564275 0.460965925672 0.580802473684
513 3128.0 20.0 1119.0 576.0 0.1995 0.5321 0.517418460459 0.379041072866 0.096405934564
514 2186204.0 628.0 546588.0 24838.0 0.0113 0.5019 1.18636349216 0.466649318473 -3.00895292054
515 5442.0 32.0 2624.0 706.0 0.0927 0.5223 0.676183402362 0.40324310506 -0.156502634211
516 2032.0 306.0 320.0 40.0 0.0689 0.5447 1.03616304526 0.461406411817 0.561006710321
517 2532532.0 682.0 487185.0 26801.0 0.0171 0.5018 1.12205960413 0.467245165902 -2.47602974232
518 7511.0 396.0 3097.0 124.0 0.0143 0.5165 1.29729936928 0.46262489712 0.00200643328114
519 6355.0 87.0 2000.0 375.0 0.074 0.5133 0.826274118805 0.437616489006 -0.235414691001
520 980806.0 356.0 160775.0 18093.0 0.0481 0.5031 0.990505967947 0.461549581233 -0.863340528105
521 1324137.0 334.0 240180.0 25783.0 0.0388 0.5032 0.976321189885 0.46084228105 -1.18473359842
522 1708664.0 487.0 383398.0 24141.0 0.0284 0.5024 1.17626971446 0.4645929044 -0.968049045774
523 72526.0 181.0 11707.0 2358.0 0.0875 0.5058 0.862874378421 0.452512137803 -0.19837226275
524 2003269.0 355.0 297868.0 37045.0 0.0475 0.503 0.921032440148 0.461508913272 -1.11917759772
525 1784738.0 293.0 461489.0 38819.0 0.0347 0.5035 1.07955670729 0.459315783229 -1.02049015352
526 3977.0 118.0 1931.0 182.0 0.0305 0.5156 0.997560665026 0.444339634481 -0.260131514047
527 3213790.0 413.0 681832.0 52263.0 0.0141 0.5027 1.01892837991 0.463065991608 -3.92441451816
528 3184153.0 422.0 686264.0 50839.0 0.0281 0.5026 1.06240507323 0.463271592077 -1.63466481484
529 10631.0 437.0 2272.0 162.0 0.0273 0.5127 1.1055303098 0.46445890802 -0.122507653986
530 951.0 254.0 135.0 21.0 0.1271 0.582 1.0449596784 0.463510619976 0.636914641597
531 3439.0 115.0 650.0 160.0 0.1357 0.5163 0.821535087305 0.442913149798 0.350687399869
532 4137.0 139.0 1349.0 165.0 0.0397 0.5146 0.946547809658 0.446927213782 -0.19720193056
533 8652.0 499.0 3973.0 117.0 0.0092 0.5169 1.35037833471 0.465378367906 -0.275193909124
534 662.0 245.0 156.0 14.0 0.0673 0.6156 1.18983801719 0.468824286409 0.610823069996
535 1719309.0 388.0 319429.0 29483.0 0.0394 0.5028 1.02969688738 0.462440332093 -1.11645708905
536 1676186.0 568.0 265227.0 20758.0 0.0247 0.5021 1.08880238151 0.465876768738 -1.44183313211
537 1053.0 55.0 188.0 88.0 0.208 0.5266 0.555399897415 0.424430950184 0.349555809702
538 421862.0 479.0 38500.0 6043.0 0.0522 0.5026 0.902335323769 0.464430818679 -0.834432666242
539 2275303.0 432.0 481133.0 35610.0 0.0338 0.5026 1.12367462829 0.463499797233 -1.21281358839
540 3523886.0 740.0 516927.0 34759.0 0.0347 0.5017 1.15120508588 0.467803830451 -1.33596256023
541 1719232.0 353.0 246076.0 31945.0 0.0532 0.503 0.959866175532 0.461452832947 -1.04206625646
542 6830.0 142.0 1249.0 269.0 0.069 0.5119 0.81962707477 0.447819020556 -0.0973374423548
543 2114491.0 354.0 553275.0 39196.0 0.0316 0.503 1.15951821378 0.46148211039 -0.96266687845
544 9162.0 68.0 2551.0 660.0 0.0807 0.5135 0.729813308944 0.430523664792 -0.471298877757
545 14946.0 284.0 2961.0 331.0 0.0354 0.5085 1.0024875046 0.45879549249 -0.362173843976
546 6458.0 147.0 1469.0 247.0 0.0628 0.5121 0.84517641514 0.448847921831 -0.255494663353
547 2071352.0 425.0 273632.0 32872.0 0.0467 0.5026 0.977481319215 0.463341499733 -0.960388029066
548 5342912.0 1070.0 427304.0 38289.0 0.0228 0.5012 1.03918942309 0.469978357493 -1.97807385155
549 27046.0 152.0 10969.0 1015.0 0.0327 0.5074 1.02160700217 0.449444873918 -0.715989466426
550 7352.0 418.0 3376.0 115.0 0.011 0.5175 1.3146349277 0.462609111391 -0.145591712489
551 2146.0 39.0 573.0 238.0 0.1832 0.5233 0.613872023445 0.412042040506 0.463713772088
552 2586595.0 500.0 389855.0 35732.0 0.0316 0.5023 1.0543999806 0.464818571979 -1.40081671859
553 737.0 222.0 71.0 18.0 0.2211 0.5925 0.88745914162 0.462239251189 0.686953114432
554 2313800.0 470.0 353691.0 33699.0 0.0385 0.5024 0.98932877682 0.464272888028 -1.59569712682
555 678878.0 425.0 99855.0 10772.0 0.0461 0.5027 1.00783554982 0.463338463681 -0.979277216597
556 3527134.0 598.0 678297.0 41796.0 0.0198 0.502 1.132891807 0.466280188868 -1.68396950513
557 2622732.0 575.0 427111.0 32143.0 0.0259 0.502 1.09862849807 0.465970965301 -1.54096761734
558 2406231.0 384.0 358552.0 41629.0 0.0464 0.5028 0.934825395084 0.462337563554 -1.21740943521
559 3177057.0 715.0 636552.0 32280.0 0.0203 0.5017 1.22395144883 0.467568544705 -1.34129318065
560 10829.0 151.0 4809.0 407.0 0.0287 0.5097 1.04172787291 0.449464898742 -0.663556354546
561 5247.0 150.0 1634.0 197.0 0.0507 0.5138 0.975218732669 0.449002885242 -0.28267533081
562 5701.0 147.0 2255.0 218.0 0.0374 0.5127 1.04137000872 0.448472982439 -0.0395026446916
563 734238.0 778.0 114919.0 6933.0 0.0255 0.5018 1.14552065376 0.468127594751 -1.21652267858
564 1083.0 302.0 109.0 20.0 0.1279 0.5857 0.974731444828 0.462629740465 0.658754091154
565 3419284.0 400.0 740811.0 57139.0 0.0312 0.5027 1.07790982734 0.462750484892 -1.27924958027
566 18000.0 401.0 2134.0 297.0 0.0587 0.5082 0.944582342681 0.462844236714 0.0721292182639
567 16758.0 600.0 4428.0 195.0 0.0174 0.511 1.2706578358 0.466810092027 -0.175568531
568 2105600.0 411.0 426716.0 34382.0 0.0321 0.5027 1.05097603524 0.463019220063 -1.57030039263
569 2896860.0 515.0 871638.0 39019.0 0.0154 0.5022 1.23030202896 0.465072678471 -1.33796490877
570 7271.0 153.0 4707.0 270.0 0.0153 0.5121 1.11153786771 0.449818866959 -0.876115523359
571 2219711.0 489.0 634671.0 31252.0 0.0145 0.5023 1.13203825844 0.46462729895 -2.41010961856
572 803770.0 723.0 130493.0 8086.0 0.0313 0.5019 1.21158859866 0.46764747221 -0.3994052704
573 2992055.0 416.0 1009052.0 48358.0 0.0175 0.5026 1.23644645688 0.463134229199 -1.34944043704
574 3367301.0 437.0 829592.0 52187.0 0.0242 0.5025 1.14068354675 0.463605076031 -1.53997699357
575 378.0 81.0 71.0 22.0 0.1675 0.568 0.737316193743 0.444543187139 0.50189311015
576 3610.0 85.0 1362.0 216.0 0.069 0.5161 0.92413126606 0.437100565475 0.369195389671
577 3750042.0 501.0 1077921.0 51717.0 0.0174 0.5023 1.22010431793 0.464836499092 -1.5173821708
578 3249446.0 503.0 1211513.0 44661.0 0.0132 0.5023 1.32258630804 0.464872676082 -1.35622330276
579 3724.0 121.0 352.0 167.0 0.1769 0.5152 0.645328953971 0.445565762633 0.527248623351
580 1060.0 241.0 139.0 24.0 0.121 0.5695 0.947425992153 0.454088813917 0.584046005512
581 10844.0 134.0 3884.0 450.0 0.0369 0.5098 0.939501084375 0.446957506355 -0.553896651664
582 1518478.0 559.0 766098.0 19064.0 0.0066 0.5021 1.35267356534 0.465748437875 -2.39728365423
583 852.0 15.0 365.0 192.0 0.2686 0.5417 0.532701179592 0.360740080267 0.664984513278
584 26182.0 100.0 18651.0 1385.0 0.0182 0.5095 0.99567729204 0.440724456197 -2.84787715833
585 1657432.0 476.0 1117914.0 23879.0 0.0044 0.5024 1.3339790953 0.464390828291 -3.50707813333
586 29095.0 168.0 20296.0 1005.0 0.0117 0.5069 1.11765874225 0.451115629556 -2.42592785937
587 2100520.0 458.0 584728.0 31276.0 0.0205 0.5025 1.20388029338 0.46404079084 -1.32272236685
588 7111.0 414.0 1963.0 113.0 0.0267 0.5176 1.2384461414 0.464155433588 0.113210662906
589 220232.0 1003.0 47712.0 1666.0 0.012 0.5024 1.27155521798 0.469641365167 -1.45488062561
590 2940012.0 605.0 479412.0 34492.0 0.0248 0.502 1.05767310115 0.466364511975 -1.9542796897
591 120194.0 182.0 20706.0 3892.0 0.0711 0.5056 0.8573697635 0.452581742132 -0.310626501248
592 8787.0 229.0 2450.0 233.0 0.0233 0.5107 0.988708597617 0.456525412316 -1.17160725813
593 5798.0 139.0 1350.0 232.0 0.09 0.5126 0.928260458388 0.447311362091 0.352432733536
594 5007.0 115.0 2939.0 235.0 0.0242 0.5128 1.04282195266 0.443590728246 -0.730785083329
595 2257650.0 368.0 288508.0 40495.0 0.0454 0.5029 0.913621138743 0.461894066756 -1.50139599412
596 3322792.0 478.0 615951.0 47703.0 0.0265 0.5024 1.11129445755 0.464427255825 -1.37810495092
597 2180946.0 430.0 521537.0 34268.0 0.0204 0.5026 1.08005790166 0.463453026466 -2.07149129915
598 1860.0 58.0 740.0 151.0 0.0969 0.5206 0.877243708461 0.426632922478 0.632750604554
599 173664.0 849.0 27568.0 1518.0 0.022 0.5026 1.17694253722 0.46870662893 -0.571867012904
600 2763406.0 510.0 661022.0 37534.0 0.0148 0.5022 1.07524813013 0.464992658977 -2.83631323917
601 1644996.0 384.0 413896.0 28458.0 0.0292 0.5028 1.14639363245 0.462330549554 -1.04040477993
602 3750216.0 434.0 1387722.0 58464.0 0.0147 0.5025 1.26548513035 0.463542205948 -1.46133690741
603 4470.0 276.0 1792.0 100.0 0.0207 0.5199 1.20136760871 0.458845540843 0.145506731801
604 7890.0 255.0 3273.0 190.0 0.0202 0.5125 1.16751452652 0.457428657372 -0.23354393859
605 3108748.0 363.0 340541.0 56413.0 0.0548 0.503 0.857076330272 0.461748026312 -1.33162976933
606 2752683.0 697.0 251696.0 28590.0 0.0406 0.5017 0.992938716292 0.467398945256 -1.4324818507
607 3236.0 31.0 1413.0 429.0 0.1123 0.5246 0.666281545809 0.401549586245 0.0260000522609
608 55219.0 908.0 10454.0 453.0 0.0215 0.5055 1.3137019877 0.469088401584 -0.110334782593
609 1046.0 284.0 170.0 21.0 0.0964 0.5822 1.11352824322 0.46553629963 0.634830685409
610 2237349.0 682.0 273929.0 23677.0 0.0237 0.5018 1.02151080838 0.467247754262 -1.8544385267
611 3352666.0 444.0 1137038.0 51261.0 0.0155 0.5025 1.2252316324 0.463756870724 -1.89938389735
612 2253223.0 299.0 568322.0 48179.0 0.0368 0.5035 1.08251961922 0.459559642144 -1.21737990602
613 2788.0 106.0 868.0 139.0 0.0745 0.5177 0.929473758031 0.442524232796 0.349121110953
614 1550998.0 605.0 352115.0 18195.0 0.0186 0.502 1.19822855602 0.466368522071 -1.5247907357
615 1996409.0 401.0 239889.0 33289.0 0.0439 0.5027 0.899336271251 0.462769129305 -1.60666783114
616 2532625.0 465.0 316155.0 37225.0 0.0497 0.5024 0.935412952874 0.464178632217 -1.38109450271
617 19143.0 97.0 13309.0 1037.0 0.0207 0.5101 1.01403229121 0.440030080681 -1.74546658181
618 3316.0 299.0 949.0 68.0 0.0361 0.5267 1.20248699475 0.460427303512 0.506667005124
619 2610856.0 389.0 615884.0 44675.0 0.03 0.5028 1.11706362701 0.462466652562 -1.31748034705
620 3376985.0 490.0 701319.0 47465.0 0.0321 0.5023 1.16464387083 0.464648350052 -1.5837012652
621 3522280.0 422.0 734806.0 56238.0 0.0269 0.5026 1.10233695442 0.463273091664 -1.39185208932
622 3472453.0 425.0 1100848.0 55109.0 0.0194 0.5026 1.23117544851 0.463341059542 -1.57437670893
623 1359162.0 370.0 390571.0 24266.0 0.0138 0.5029 1.08149035584 0.461946942459 -2.69950802604
624 1860207.0 494.0 931013.0 25963.0 0.007 0.5023 1.29295569912 0.464711421618 -2.16754204581
625 3495961.0 471.0 799897.0 50826.0 0.0126 0.5024 1.08481731142 0.464294753919 -4.16781392096
626 3573.0 209.0 2250.0 101.0 0.012 0.5193 1.18192016816 0.455115061904 -0.348866244323
627 795.0 16.0 327.0 171.0 0.2693 0.542 0.529750463888 0.364720608377 0.509132171781
628 54681.0 257.0 27776.0 1326.0 0.0132 0.5051 1.16030683989 0.457665912926 -2.20128595507
629 2313362.0 604.0 402769.0 27178.0 0.0258 0.502 1.16658762654 0.466355883521 -1.31301687993
630 1000.0 240.0 120.0 23.0 0.1306 0.5721 0.920412706496 0.459535340203 0.594117703593
631 2637298.0 476.0 409637.0 37997.0 0.0357 0.5024 1.05781122423 0.464390870757 -1.33442753914
632 614.0 100.0 197.0 30.0 0.0723 0.5551 0.923196089557 0.43906337936 0.330239450137
633 2811564.0 431.0 532304.0 44090.0 0.0293 0.5026 1.01286505503 0.463473491379 -1.78902962437
634 26304.0 828.0 7561.0 232.0 0.0112 0.5094 1.35403883252 0.468526636338 -0.134921691127
635 4453.0 396.0 2227.0 72.0 0.0099 0.5262 1.30528157311 0.462679149988 -0.347002399122
636 38644.0 655.0 5177.0 420.0 0.0305 0.5061 1.12201852897 0.466721972325 -0.171373744982
637 2694915.0 381.0 923521.0 46935.0 0.0194 0.5028 1.23456685391 0.462255619753 -1.24467367751
638 1502.0 269.0 174.0 32.0 0.0945 0.5536 0.924591553077 0.45807096723 0.464095053592
639 1205.0 311.0 249.0 22.0 0.066 0.5765 1.21539378311 0.463607728885 0.679088068006
640 5525.0 312.0 1033.0 111.0 0.0496 0.5178 1.02066099041 0.45975591804 0.0558840542442
641 745803.0 928.0 190477.0 6045.0 0.0116 0.5016 1.32518347283 0.469196082432 -1.15701263358
642 2491406.0 338.0 806379.0 48028.0 0.0239 0.5031 1.19836356284 0.460973362544 -1.17782257582
643 1954736.0 455.0 458629.0 29268.0 0.024 0.5025 1.13392454655 0.463977399049 -1.35237078717
644 94829.0 823.0 4446.0 850.0 0.0603 0.5037 0.888209063544 0.468432645849 -0.187830233868
645 2210574.0 497.0 183997.0 30695.0 0.06 0.5023 0.876190429437 0.464768827429 -1.1915398644
646 2230.0 31.0 1134.0 295.0 0.1068 0.5254 0.728852593338 0.401825859859 -0.0641695270071
647 106.0 11.0 28.0 29.0 0.4949 0.577 0.277474099972 0.33835873027 0.850460144962
648 6959.0 392.0 3349.0 115.0 0.0107 0.5172 1.30148026285 0.4621530793 -0.178104249037
649 2602121.0 407.0 457349.0 42846.0 0.0412 0.5027 1.04253851474 0.462921090041 -1.03085912041
650 850.0 146.0 222.0 31.0 0.0703 0.5525 0.976960189252 0.453919369289 0.447052905855
651 2152613.0 355.0 270244.0 39807.0 0.0553 0.503 0.889537344722 0.461511583801 -1.22798092031
652 2515958.0 469.0 567500.0 36710.0 0.0261 0.5024 1.1510841783 0.464253674025 -1.43868454542
653 2498006.0 774.0 350376.0 23701.0 0.0272 0.5016 1.10304000282 0.468098326911 -1.81109705089
654 1990796.0 364.0 340528.0 36041.0 0.043 0.503 0.987866310593 0.461777528888 -1.24815455569
655 3634452.0 426.0 638668.0 57565.0 0.0399 0.5026 1.04289200844 0.463364323478 -1.34022853139
656 5094.0 145.0 2277.0 197.0 0.0275 0.5137 1.01034909287 0.449155883171 -0.427910164309
657 4480.0 135.0 2660.0 183.0 0.0203 0.5143 1.07734107531 0.446989662589 -0.682372371378
658 4599.0 109.0 2465.0 225.0 0.0291 0.5137 1.00784959925 0.442865139601 -0.69333907176
659 3339.0 105.0 648.0 168.0 0.1212 0.5159 0.762713100225 0.44189984737 0.217544109251
660 3235.0 54.0 1138.0 279.0 0.1202 0.518 0.816466286666 0.423783440052 0.515809787653
661 214.0 12.0 69.0 56.0 0.3462 0.5574 0.361503128175 0.345323910141 0.630973332654
662 2317861.0 418.0 291738.0 37308.0 0.0425 0.5026 0.914531629201 0.46318069032 -1.5957493472
663 5366.0 40.0 2091.0 586.0 0.1261 0.5198 0.732258931734 0.412541951071 -0.089402724521
664 1475.0 275.0 287.0 31.0 0.0668 0.556 1.08216733603 0.459852666283 0.43537997196
665 9090.0 500.0 3563.0 123.0 0.0107 0.5162 1.27855298268 0.465184657771 -0.427096008649
666 6132.0 312.0 2357.0 124.0 0.0205 0.516 1.24069048154 0.460228242013 0.0979166411839
667 873179.0 454.0 152579.0 13097.0 0.0289 0.5025 1.05381577936 0.463962560421 -1.0951480461
668 1852005.0 412.0 233000.0 30178.0 0.0556 0.5027 0.931510820746 0.46304226438 -1.07682194671
669 6470.0 115.0 2662.0 304.0 0.0477 0.5118 1.02952749065 0.444134026882 0.221933358854
670 7878.0 338.0 1717.0 149.0 0.0389 0.5144 1.07283881341 0.460692699912 -0.0838521544809
671 389.0 114.0 41.0 16.0 0.2189 0.5922 0.73374319192 0.450886488814 0.690365094893
672 1877380.0 408.0 277830.0 30847.0 0.0457 0.5027 0.968807476624 0.462943114205 -0.948649700579
673 7430.0 365.0 1931.0 131.0 0.0207 0.5156 1.13318887705 0.461092761171 -0.298154591795
674 4978.0 79.0 789.0 317.0 0.1387 0.514 0.652435939198 0.434717572672 0.326840006507
675 2603480.0 462.0 684441.0 38479.0 0.0143 0.5024 1.06165047176 0.464123349796 -3.84620150805
676 2049079.0 591.0 613364.0 24527.0 0.0162 0.502 1.31528075364 0.466192115504 -1.55209982748
677 2916907.0 479.0 679042.0 41801.0 0.0247 0.5024 1.15011613948 0.464446306786 -1.28658000404
678 3402129.0 553.0 838306.0 43114.0 0.0244 0.5021 1.2783434708 0.465662728975 -1.21334335003
679 62387.0 555.0 10678.0 785.0 0.0267 0.5043 1.09595747716 0.465658389949 -0.74265420277
680 5450.0 21.0 3304.0 969.0 0.1032 0.5303 0.629849515059 0.381860836731 -0.438115283546
681 1114.0 269.0 118.0 23.0 0.1511 0.5745 0.980452661948 0.456519879884 0.751385987016
682 1817841.0 348.0 385828.0 34188.0 0.0259 0.5031 0.996315118862 0.461300133195 -2.11152404371
683 2378235.0 381.0 358167.0 41419.0 0.0418 0.5028 0.970662720781 0.462256064873 -1.32730952265
684 2794.0 80.0 1024.0 175.0 0.0787 0.5171 0.917456546174 0.434165652858 0.492482096345
685 9463.0 120.0 2201.0 430.0 0.0863 0.5105 0.837466002778 0.444867400061 -0.142888132483
686 2304425.0 286.0 436192.0 51155.0 0.0436 0.5036 0.959028512833 0.459018247636 -1.10422671439
687 4686.0 106.0 1776.0 235.0 0.058 0.5135 0.98967871185 0.44262456642 0.37827585293
688 1191.0 251.0 360.0 27.0 0.0406 0.5613 1.1927548935 0.459544308235 0.492838563028
689 8379.0 32.0 1911.0 1087.0 0.1897 0.5223 0.499409369593 0.40305148909 -0.0181462546096
690 72.0 16.0 15.0 14.0 0.5176 0.609 0.33338308392 0.336073421356 0.836777084338
691 2805341.0 431.0 613727.0 43993.0 0.0359 0.5026 1.17924327606 0.463477265646 -1.01837561663
692 2933656.0 514.0 365797.0 39581.0 0.0435 0.5022 0.957435461378 0.465059818641 -1.45158664662
693 5270.0 317.0 2314.0 105.0 0.0159 0.5182 1.25660074046 0.461738210491 0.0338596831845
694 1695629.0 626.0 296731.0 19317.0 0.0222 0.5019 1.14800626152 0.466627000181 -1.42344357486
695 3346064.0 796.0 600576.0 30989.0 0.0171 0.5016 1.25103143976 0.468275840425 -1.72215964633
696 4008.0 18.0 1065.0 797.0 0.3013 0.5343 0.433527319516 0.373175795349 0.611339657724
697 936.0 251.0 149.0 20.0 0.1189 0.5833 1.11145667815 0.455220080831 0.678557932113
698 48.0 22.0 7.0 7.0 0.6386 0.665 0.428282889897 0.435178148582 0.966429934495
699 3229.0 47.0 1022.0 310.0 0.1338 0.5201 0.697940698224 0.41769387856 0.251469658317
700 2963210.0 393.0 687918.0 50266.0 0.029 0.5028 1.10296272201 0.462572164105 -1.43569040556
701 1669492.0 343.0 357873.0 31785.0 0.04 0.5031 1.06998434451 0.461135365842 -1.01236027986
702 6781.0 199.0 2494.0 201.0 0.0231 0.5121 1.00188788849 0.453925297424 -1.19072299197
703 3112463.0 521.0 472190.0 41510.0 0.0363 0.5022 1.02760953405 0.465171906036 -1.39338315974
704 961.0 229.0 147.0 23.0 0.112 0.5713 0.996162724234 0.458184848571 0.613914674864
705 2358414.0 436.0 566110.0 36622.0 0.019 0.5026 1.08675553111 0.463584709246 -2.07629615439
706 1873896.0 488.0 325907.0 26429.0 0.0373 0.5023 1.09400025946 0.464608108268 -1.14448059375
707 1930348.0 425.0 506495.0 30634.0 0.0275 0.5026 1.21866813303 0.463342099155 -0.933450520689
708 7289.0 387.0 3234.0 122.0 0.0127 0.5169 1.29573740283 0.461787851471 -0.0703112022407
709 4385246.0 964.0 263630.0 34407.0 0.0377 0.5013 0.944083611509 0.469416290138 -1.58996620776
710 2267631.0 497.0 614561.0 31487.0 0.0193 0.5023 1.20079600115 0.464768576883 -1.3913839366
711 6625.0 252.0 2894.0 161.0 0.0188 0.5135 1.17321318931 0.457315356733 -0.17246529281
712 2063.0 92.0 193.0 115.0 0.3582 0.5199 0.577544759769 0.43974624523 0.865934686847
