0 122834.0 999.0 11299.0 931.0 0.0269 0.5032 1.07246811656 0.469684388436 -0.946230693979
1 80786.0 227.0 57637.0 2175.0 0.0084 0.5051 1.18394748108 0.455950391962 -3.37231864867
2 121528.0 2329.0 4942.0 437.0 0.038 0.5054 1.0902437737 0.473123943168 0.033641938945
3 31846.0 1660.0 2528.0 152.0 0.0254 0.5142 1.18409282149 0.472070724811 -0.46519172491
4 28837.0 1578.0 5139.0 144.0 0.0172 0.5148 1.52842749221 0.472100771887 0.255547112866
5 73860.0 743.0 11377.0 723.0 0.0199 0.5041 1.08780219145 0.467883007381 -1.54854411845
6 24994.0 1174.0 2582.0 162.0 0.0359 0.513 1.1887053583 0.470742260288 -0.0648611742934
7 7185.0 683.0 702.0 73.0 0.0646 0.5263 1.08628933206 0.468154924055 0.389267876166
8 98070.0 1609.0 20023.0 489.0 0.0087 0.505 1.37750408106 0.471804935962 -0.959091471484
9 10795.0 311.0 3371.0 221.0 0.0249 0.5103 1.13653026789 0.460653451862 -0.398347976479
10 11009.0 206.0 2035.0 319.0 0.0551 0.5094 0.895456036657 0.454296078433 -0.342930121397
11 172270.0 5022.0 3505.0 312.0 0.0577 0.5077 1.12361135142 0.474909881889 0.216286175275
12 31803.0 446.0 14736.0 482.0 0.0094 0.5059 1.2861096934 0.464174810502 -0.999686813583
13 38656.0 483.0 4123.0 547.0 0.0538 0.5054 0.923108471996 0.464431614507 -0.364353159993
14 79016.0 1256.0 3753.0 489.0 0.0744 0.505 0.962297797743 0.470761223829 -0.225921900882
15 28114.0 1226.0 1458.0 176.0 0.0725 0.5122 1.04558121316 0.470969092368 0.428726137824
16 11075.0 415.0 2743.0 176.0 0.0305 0.5121 1.19583241655 0.46278384422 -0.354689818704
17 78040.0 903.0 10149.0 645.0 0.025 0.5043 1.1874844553 0.4690780171 -0.802066347077
18 29280.0 3023.0 1517.0 80.0 0.0428 0.5278 1.28973829041 0.473920393182 0.279344247122
19 22767.0 1180.0 2822.0 146.0 0.0237 0.5144 1.23347647467 0.470434742147 -0.267270092256
20 31209.0 2283.0 1554.0 111.0 0.0565 0.5197 1.22426613189 0.472899124883 0.391553993294
21 57068.0 668.0 4485.0 612.0 0.062 0.5047 0.991658055039 0.467083839337 -0.637592731976
22 7444.0 1372.0 379.0 39.0 0.1119 0.5516 1.26952741966 0.472220385848 0.582100318855
23 16853.0 1818.0 1049.0 72.0 0.0635 0.5293 1.25821305161 0.472741945984 0.43360515627
24 104818.0 673.0 79242.0 1119.0 0.0026 0.5033 1.42618382393 0.467096914415 -2.15516417522
25 40655.0 2254.0 4250.0 148.0 0.0223 0.5148 1.40548463923 0.473377070564 0.178675165332
26 16365.0 833.0 3187.0 142.0 0.0207 0.5149 1.28444765319 0.467907399962 -0.505771244368
27 19557.0 590.0 1195.0 231.0 0.0866 0.5097 0.859219630007 0.46623742354 0.0952835697749
28 2051.0 512.0 134.0 25.0 0.1668 0.5727 1.074331318 0.470583495885 0.338795588029
29 74347.0 3143.0 4173.0 203.0 0.025 0.5113 1.28168650849 0.473924132026 -0.290004024745
30 14079.0 488.0 3674.0 196.0 0.015 0.5113 1.16205421665 0.464593242986 -1.30486141227
31 26306.0 1197.0 8510.0 168.0 0.0051 0.5128 1.40386864239 0.470602194735 -1.38518899982
32 3843.0 722.0 236.0 35.0 0.1309 0.554 1.11479070061 0.467374402411 0.536255115861
33 29340.0 2328.0 1144.0 103.0 0.0705 0.5212 1.11050667842 0.473483750725 0.420413388341
34 17137.0 922.0 1639.0 136.0 0.0397 0.5153 1.06445684009 0.468818644819 -0.416189620478
35 35314.0 755.0 5454.0 339.0 0.0364 0.507 1.25440536269 0.467860204027 -0.170336649405
36 43741.0 1502.0 2400.0 230.0 0.0457 0.5096 1.10470557156 0.471673538699 0.0874041306578
37 74867.0 1613.0 18793.0 371.0 0.0084 0.5062 1.52691569056 0.471827172024 -0.86471619763
38 55604.0 742.0 9747.0 544.0 0.0223 0.505 1.15454950512 0.467642135342 -1.09383200124
39 179887.0 686.0 53345.0 1891.0 0.0064 0.5026 1.19561446873 0.467287315363 -3.66265440646
40 40495.0 2254.0 3778.0 147.0 0.0173 0.5151 1.28597834269 0.472764997441 -0.518401521922
41 201456.0 1224.0 38695.0 1281.0 0.0094 0.5026 1.25946678724 0.470674630391 -1.96536269999
42 18473.0 822.0 1373.0 163.0 0.0774 0.5128 1.09555106792 0.468359933833 0.603425922449
43 63443.0 1321.0 5521.0 375.0 0.0435 0.5062 1.17285731049 0.47093087427 -0.226964535193
44 4199.0 284.0 517.0 91.0 0.0731 0.5217 0.882797065423 0.458864681697 -0.0385507351325
45 46419.0 745.0 8107.0 452.0 0.0205 0.5056 1.13935513953 0.467854712129 -1.2679819915
46 6852.0 336.0 2012.0 130.0 0.0264 0.516 1.14918567024 0.46065214811 -0.870646228962
47 510.0 173.0 24.0 15.0 0.5864 0.6053 0.773147331548 0.464238786865 -0.033509710062
48 30310.0 2477.0 1389.0 100.0 0.0641 0.5219 1.19847464737 0.473328354543 0.421519534683
49 32487.0 1037.0 2687.0 236.0 0.0424 0.5094 1.09770800357 0.46971503143 -0.00196182635587
50 26343.0 1323.0 1626.0 153.0 0.0839 0.514 1.16593084197 0.470763804352 0.462124404806
51 47264.0 581.0 8922.0 571.0 0.0262 0.5052 1.13381456571 0.466026402285 -0.903265254846
52 73183.0 3941.0 9086.0 163.0 0.0139 0.5142 1.71444382227 0.474660735777 0.412164864739
53 61557.0 527.0 16035.0 810.0 0.0139 0.5042 1.15423458197 0.465324555708 -1.49873847952
54 34422.0 989.0 2236.0 261.0 0.0655 0.5085 1.04957258786 0.469628995998 0.166794564932
55 37712.0 2389.0 1781.0 130.0 0.0438 0.517 1.23314368666 0.473194706547 0.294038016747
56 42569.0 2807.0 1032.0 127.0 0.0729 0.5175 1.04913526534 0.47384383206 0.454880038243
57 13510.0 416.0 6821.0 215.0 0.0093 0.5107 1.31951007757 0.462539752416 -0.104801656583
58 25720.0 740.0 3908.0 251.0 0.0239 0.5088 1.12226573585 0.467862610541 -0.776356965127
59 33099.0 530.0 12745.0 432.0 0.0109 0.5063 1.29964811317 0.465263996329 -0.477387235675
60 23884.0 576.0 4284.0 289.0 0.0303 0.5082 1.16106140889 0.465743244191 -0.259245436702
61 12417.0 422.0 5562.0 195.0 0.0109 0.5112 1.28715712303 0.463051645506 -1.40796942289
62 1459.0 291.0 287.0 29.0 0.0565 0.5603 1.09309125049 0.45938269885 -0.110317810938
63 1201.0 269.0 138.0 25.0 0.1196 0.5668 1.00728143087 0.45958721392 0.199421682369
64 91737.0 1353.0 22049.0 532.0 0.0115 0.5047 1.51851448239 0.470953921566 0.149631790753
65 38540.0 1047.0 4710.0 278.0 0.0359 0.5083 1.24403791719 0.469663060933 -0.0932705425846
66 23554.0 596.0 3344.0 277.0 0.0293 0.5084 1.02645792167 0.466258504738 -1.18465294346
67 67545.0 3427.0 1973.0 170.0 0.0628 0.5134 1.20541926785 0.47418842563 0.517809357911
68 18131.0 553.0 3886.0 227.0 0.0277 0.5099 1.20695919294 0.465749475821 -0.494400502693
69 32818.0 1497.0 1472.0 172.0 0.0743 0.5126 1.09374504437 0.471347469835 0.437372843686
70 49906.0 1327.0 4982.0 293.0 0.0304 0.5077 1.18128261175 0.4710576144 -0.0955246871086
71 34410.0 1875.0 2022.0 147.0 0.0558 0.5147 1.18532679335 0.472672136223 0.207792838966
72 98.0 65.0 5.0 5.0 0.7243 0.7659 0.466430943323 0.476666478634 0.862746608681
73 47942.0 1333.0 3556.0 280.0 0.0489 0.5081 1.14728134692 0.4707618716 0.102908526795
74 7429.0 1173.0 346.0 46.0 0.0831 0.5438 1.0474293004 0.471791949949 0.395276165364
75 48504.0 575.0 26461.0 591.0 0.0058 0.505 1.39214443267 0.465860257769 -0.0138335405385
76 6144.0 171.0 3195.0 207.0 0.0209 0.5126 1.12827518907 0.45134721132 -0.453115332426
77 18123.0 546.0 1962.0 229.0 0.0441 0.5098 0.943788615144 0.465539195676 -0.54087796428
78 163564.0 940.0 16564.0 1309.0 0.0308 0.5027 1.09292362432 0.469333264544 -0.922590788264
79 59117.0 699.0 18830.0 609.0 0.0126 0.5046 1.37414181489 0.467429565557 -0.619209137208
80 1030.0 240.0 132.0 24.0 0.1225 0.5686 1.00111081333 0.462330817934 0.140350956341
81 34057.0 999.0 1850.0 256.0 0.0591 0.5086 0.983059262079 0.469794291761 0.0736054199295
82 50359.0 1235.0 2425.0 315.0 0.0443 0.5072 0.970613653535 0.470831229181 -0.408286141794
83 90603.0 3369.0 7780.0 233.0 0.0247 0.51 1.51908475781 0.474021575752 0.143899839442
84 66245.0 393.0 33410.0 1121.0 0.0084 0.5043 1.23042975229 0.462559612999 -2.86710558945
85 29956.0 783.0 3669.0 278.0 0.0257 0.5082 1.08320581595 0.468074022392 -1.35391711647
86 36488.0 793.0 11756.0 336.0 0.0104 0.5069 1.3839323338 0.468348590313 -1.07631203229
87 2150.0 464.0 182.0 29.0 0.1302 0.5623 1.06977158849 0.468823882589 0.362448138935
88 39601.0 1421.0 2150.0 218.0 0.0741 0.5101 1.11690244861 0.471351023348 0.349188879823
89 39641.0 815.0 5092.0 357.0 0.025 0.5067 1.12940432171 0.468713213524 -0.807904804826
90 2310.0 548.0 158.0 26.0 0.127 0.5716 1.085249855 0.462825007434 0.299587845054
91 1089.0 280.0 84.0 22.0 0.2025 0.5785 0.931381145457 0.462104560542 0.260145241071
92 36646.0 2832.0 1120.0 108.0 0.0683 0.5206 1.07304380924 0.473860097241 0.359696989283
93 87765.0 3645.0 5463.0 210.0 0.0273 0.5111 1.41393081178 0.474052227964 0.36381220604
94 31296.0 3021.0 1254.0 86.0 0.0874 0.5259 1.31982407115 0.473742134011 0.51108647079
95 51344.0 998.0 8289.0 388.0 0.0215 0.5061 1.26210135602 0.469681448433 -0.505084173677
96 27742.0 2332.0 3012.0 97.0 0.0244 0.5226 1.49311342399 0.473139785557 0.327055512087
97 6700.0 199.0 2429.0 199.0 0.0261 0.5122 1.03834808171 0.454189544802 -0.741857234521
