0 78.0 51.0 6.0 5.0 0.7274 0.75 0.560896550116 0.479020352052 0.934148790224
1 19626.0 900.0 4203.0 1869.0 0.0122 0.0276 1.24126002356 1.3027037628 0.988149178017
2 37984.0 2361.0 10471.0 2529.0 0.0053 0.0357 1.67181650132 1.38352599102 0.996206843898
3 6901.0 1534.0 1470.0 500.0 0.0135 0.0595 1.57003826105 1.3540693458 0.993487925307
4 22132.0 704.0 6963.0 6736.0 0.0124 0.014 1.36196501568 1.32063280233 0.995801887552
5 22.0 20.0 2.0 2.0 0.9308 0.9308 0.564271430439 0.564271430439 1.0
6 12505.0 302.0 2260.0 5731.0 0.0524 0.0206 0.983722428332 1.16870038243 0.989361050952
7 27279.0 2126.0 1024.0 5053.0 0.0537 0.0144 1.08662388789 1.49597840086 0.996052904557
8 5225.0 302.0 2031.0 2713.0 0.0207 0.0196 1.23399596951 1.18067768785 0.981948332226
9 43569.0 3459.0 956.0 7342.0 0.1008 0.0147 1.04472899141 1.55947595394 0.988771994482
10 24915.0 168.0 22440.0 4185.0 0.0073 0.0143 1.14046612881 1.1149596533 0.982455085181
11 31006.0 2437.0 696.0 3411.0 0.0846 0.0275 0.99433735089 1.42504749927 0.994758192785
12 28344.0 1301.0 4183.0 9240.0 0.0201 0.0079 1.30081840224 1.46470769841 0.993532068045
13 99205.0 259.0 72425.0 6544.0 0.0068 0.01 1.19768994416 1.20120329305 0.957469515434
14 27390.0 1234.0 1913.0 1487.0 0.0401 0.0672 1.13025295578 1.17866298522 0.986050609152
15 11267.0 563.0 529.0 4036.0 0.1134 0.0246 0.834237601349 1.23497638111 0.987692433719
16 12441.0 269.0 6915.0 7640.0 0.0111 0.0109 1.19667552873 1.20071950743 0.994026538818
17 28838.0 517.0 3290.0 12209.0 0.044 0.0148 0.960933660366 1.26597554976 0.99672490194
18 21239.0 1024.0 7335.0 1997.0 0.0066 0.0163 1.40499584486 1.38798278572 0.975204332374
19 33.0 26.0 3.0 3.0 0.8213 0.8562 0.486030511822 0.495251058951 0.947838715041
20 5671.0 828.0 246.0 98.0 0.1756 0.3617 0.99064336701 0.752231330509 0.792652437079
21 9231.0 280.0 577.0 3342.0 0.1713 0.0487 0.739644031087 1.06791476474 0.965721668773
22 24282.0 673.0 4964.0 5434.0 0.0246 0.023 1.25185465762 1.26097689093 0.995247820683
23 6592.0 813.0 1090.0 1064.0 0.0333 0.0331 1.31512371352 1.28397031698 0.996997582259
24 23332.0 1272.0 1259.0 2790.0 0.094 0.0437 1.09893535566 1.24921482623 0.986880046964
25 10868.0 483.0 2353.0 4205.0 0.028 0.0191 1.17996016864 1.24249353458 0.989440434996
26 11854.0 58.0 2729.0 14003.0 0.1132 0.0404 0.654983736319 0.891262997834 0.983846107275
27 23652.0 2648.0 1098.0 4518.0 0.0345 0.0099 1.17624357128 1.59882954682 0.996641865023
28 4919.0 907.0 289.0 616.0 0.0764 0.0474 1.05333021309 1.27380571095 0.996003256906
29 26648.0 399.0 6770.0 9345.0 0.019 0.0169 1.11447666681 1.2205842059 0.993515990333
30 42.0 19.0 15.0 13.0 0.318 0.3558 0.632563073753 0.633710382975 0.994704406633
31 21475.0 1843.0 1574.0 1516.0 0.0527 0.0507 1.32554425545 1.30211741355 0.995417095996
32 66.0 51.0 6.0 6.0 0.6888 0.7081 0.686875556075 0.714243886901 0.989061520406
33 9129.0 1068.0 523.0 1081.0 0.0499 0.036 1.0353167143 1.31384686229 0.986576493239
34 4401.0 119.0 490.0 11366.0 0.1405 0.0179 0.647602106832 1.04636982005 0.940743526879
35 12432.0 318.0 2178.0 5986.0 0.0491 0.0229 1.01231980041 1.16495212803 0.991400369676
36 38.0 37.0 2.0 2.0 0.9757 0.956 0.834632606336 0.694100809647 -0.0277777777778
37 16783.0 606.0 4545.0 6046.0 0.016 0.013 1.251748451 1.30801110496 0.995480458109
38 1251.0 36.0 320.0 1070.0 0.172 0.0684 0.568075620805 0.794277718215 0.956947214184
39 542.0 30.0 226.0 392.0 0.1468 0.087 0.677311653928 0.75619079744 0.971764740639
40 126724.0 1049.0 56633.0 11056.0 0.0041 0.0117 1.43803915226 1.38889512662 0.97899223915
41 25294.0 2751.0 536.0 3487.0 0.125 0.023 1.01676010679 1.48760666411 0.98462621188
42 10725.0 89.0 1770.0 15380.0 0.1344 0.0297 0.639544100794 0.971400887597 0.974816272242
43 3698.0 200.0 2084.0 1679.0 0.0153 0.0197 1.16279673758 1.12621175821 0.986811138384
44 25171.0 1384.0 12461.0 1301.0 0.0028 0.028 1.55295329265 1.39009892606 0.983902420607
45 21264.0 155.0 14892.0 13867.0 0.013 0.0172 1.1165911524 1.08745035307 0.987371639872
46 9114.0 285.0 1831.0 8495.0 0.0444 0.0122 0.9759361126 1.20134103643 0.990766273696
47 23.0 10.0 6.0 10.0 0.5568 0.4301 0.312094435389 0.53023901672 0.710133585851
48 1413.0 514.0 121.0 96.0 0.0797 0.158 1.06438229402 1.0996863579 0.97512178985
49 38.0 33.0 3.0 3.0 0.8752 0.8752 0.598151097213 0.598151097213 1.0
50 12477.0 48.0 1787.0 18795.0 0.2353 0.0538 0.475758634791 0.844933461901 0.954093020101
51 30664.0 2427.0 1072.0 3206.0 0.0663 0.0269 1.06904789288 1.43571278566 0.996892641706
52 6321.0 1123.0 337.0 814.0 0.0968 0.041 1.04585011167 1.31809633273 0.990757567411
53 2432.0 132.0 575.0 778.0 0.0792 0.0556 0.872996603315 0.981997365433 0.984042405253
54 5823.0 319.0 1458.0 3444.0 0.0381 0.0188 1.14340363757 1.18923929662 0.987257892834
55 22843.0 1221.0 1952.0 2198.0 0.0408 0.0463 1.23029600119 1.24349811476 0.993216125451
56 12114.0 527.0 1852.0 4610.0 0.0316 0.0172 1.08694300123 1.26405151471 0.990120133811
57 44224.0 332.0 32625.0 8220.0 0.0055 0.0163 1.27795408989 1.20013537127 0.993579943932
58 21548.0 1368.0 4867.0 1585.0 0.0074 0.0267 1.35431167232 1.38360221454 0.988452111066
59 31.0 26.0 3.0 3.0 0.8596 0.8596 0.54645767284 0.54645767284 1.0
60 9813.0 39.0 4445.0 14491.0 0.1014 0.0503 0.75680568725 0.821240590212 0.962676099216
61 4587.0 590.0 552.0 1697.0 0.0546 0.0183 1.08384810912 1.29276567359 0.993012590342
62 7906.0 298.0 953.0 4841.0 0.072 0.0197 0.865692069553 1.17240108177 0.989940705433
63 28537.0 1247.0 3638.0 2429.0 0.0186 0.0428 1.27796190623 1.25773687941 0.987908425791
64 7195.0 566.0 322.0 827.0 0.2048 0.0897 0.821015070824 1.06303329864 0.982322811707
65 38096.0 1058.0 6259.0 5402.0 0.0171 0.0247 1.25396901029 1.3075214987 0.986472362376
66 4257.0 333.0 720.0 3856.0 0.0573 0.0128 1.02137893657 1.22650529768 0.984205801648
67 112003.0 479.0 57528.0 2472.0 0.0055 0.0234 1.22426084567 1.22812055851 0.950510811517
68 22879.0 1146.0 1491.0 3759.0 0.0703 0.0306 1.11481168185 1.29333438506 0.99304780496
69 11076.0 55.0 2639.0 11428.0 0.1367 0.051 0.65734314545 0.867373567539 0.978650787763
70 25646.0 1059.0 3518.0 5024.0 0.0196 0.0148 1.19104762637 1.37920898507 0.996678372958
71 9642.0 407.0 2157.0 5450.0 0.024 0.0092 1.06995987005 1.27759755853 0.987487475722
72 22015.0 2541.0 224.0 2856.0 0.1888 0.0279 0.78081032164 1.44729383928 0.978204021303
73 22587.0 1217.0 1562.0 3500.0 0.0779 0.0334 1.18549895831 1.28790917087 0.989445395964
74 12624.0 758.0 711.0 4222.0 0.0807 0.0198 0.951373071707 1.30016595124 0.990351052183
75 1329.0 37.0 391.0 1097.0 0.1295 0.0472 0.585737896018 0.821390458696 0.925578251917
76 23181.0 774.0 2770.0 6300.0 0.0347 0.0149 1.07795510659 1.32846025391 0.993171988289
77 48697.0 3601.0 4326.0 2139.0 0.0219 0.0531 1.57709576533 1.34077658606 0.995215895679
78 5395.0 387.0 851.0 2427.0 0.0587 0.0195 1.04581402353 1.21746282562 0.990767404023
79 7949.0 779.0 629.0 2237.0 0.0667 0.0191 1.02095713172 1.32310907384 0.98914110712
80 6508.0 1367.0 287.0 933.0 0.0948 0.0328 1.0741011542 1.38330344693 0.994453243696
81 18575.0 1253.0 1780.0 3062.0 0.0338 0.0242 1.22656915601 1.35207946506 0.993757958463
82 24074.0 1161.0 3796.0 1486.0 0.0137 0.0569 1.30293096267 1.21316960379 0.993246525385
83 94.0 50.0 12.0 10.0 0.4485 0.5576 0.693281733408 0.613799476104 0.914200515032
84 42.0 29.0 4.0 4.0 0.7603 0.7798 0.490167487904 0.441341395217 0.952488279176
85 2183.0 72.0 359.0 4602.0 0.1273 0.0252 0.615401153051 0.953167615378 0.947474957004
86 10462.0 297.0 2842.0 8362.0 0.0331 0.0121 1.10098221683 1.20835906724 0.987161470319
87 12156.0 90.0 9357.0 6962.0 0.0185 0.0221 1.0058127915 0.993380753442 0.997422893538
88 49.0 31.0 9.0 7.0 0.5269 0.609 0.695702335403 0.628994688726 0.962000872101
89 47903.0 3131.0 2061.0 3984.0 0.0562 0.032 1.32807963482 1.40876003763 0.991896948967
90 19413.0 2515.0 288.0 2340.0 0.1745 0.0302 0.868349231851 1.44857237793 0.980595669633
91 7758.0 785.0 914.0 1868.0 0.036 0.0189 1.12272457117 1.3308604912 0.997246320117
92 10005.0 241.0 1708.0 9391.0 0.0543 0.0158 0.928170542268 1.15764931015 0.988391721748
93 6343.0 271.0 743.0 4357.0 0.0653 0.018 0.857032705948 1.16831815487 0.986445544305
94 44661.0 1258.0 3373.0 8650.0 0.0489 0.0239 1.20066109464 1.32180951911 0.987452419987
95 59376.0 2936.0 16708.0 4038.0 0.0039 0.0269 1.69166223875 1.44521766371 0.991669384114
96 5236.0 852.0 1599.0 657.0 0.0111 0.0322 1.41609848095 1.31926938031 0.995494745371
97 12270.0 41.0 5947.0 18304.0 0.0899 0.0464 0.789287399078 0.83319057593 0.975978212103
98 5578.0 291.0 648.0 2940.0 0.0872 0.0265 0.909925413144 1.14545903605 0.980595931879
99 9521.0 207.0 3107.0 4576.0 0.0321 0.0214 1.03046740063 1.11629263947 0.990086706318
100 12495.0 409.0 2809.0 2161.0 0.0309 0.0367 1.1213931281 1.15452584431 0.992660105932
101 31598.0 266.0 19952.0 12691.0 0.0089 0.0127 1.20667525444 1.18667753988 0.987577499786
102 11950.0 211.0 4517.0 8980.0 0.0279 0.0151 1.09882759064 1.14251572286 0.993191681389
103 18180.0 1136.0 2298.0 2783.0 0.0218 0.0195 1.20334675599 1.37260448604 0.991478334307
104 6919.0 1249.0 962.0 1017.0 0.0239 0.0258 1.3390697345 1.39451489106 0.997496769664
105 34526.0 850.0 4384.0 7129.0 0.022 0.0149 1.12018915038 1.33964902797 0.995023647363
106 6499.0 386.0 873.0 1306.0 0.0659 0.0481 1.0226889215 1.12019722806 0.990778770374
107 27845.0 2310.0 535.0 2868.0 0.1137 0.0327 0.922031189849 1.3900944517 0.994376182662
108 2010.0 102.0 442.0 1541.0 0.1172 0.0423 0.818682996793 0.96990030917 0.971188563427
109 3103.0 297.0 273.0 1630.0 0.111 0.0268 0.844901637586 1.1552085484 0.977418467063
110 102.0 72.0 9.0 8.0 0.5689 0.6297 0.747465752673 0.701961653032 0.973591502225
111 38894.0 2881.0 973.0 2762.0 0.0656 0.0377 1.0965005347 1.38974423389 0.995588259067
112 19303.0 262.0 6035.0 9630.0 0.0263 0.0193 1.0797323799 1.15255782771 0.992271133038
113 6918.0 1024.0 684.0 749.0 0.0488 0.0465 1.22255045623 1.28495682206 0.993396444987
114 5673.0 1081.0 319.0 961.0 0.0686 0.0291 1.09133089462 1.35470145666 0.995973561842
115 7276.0 105.0 998.0 14300.0 0.1301 0.0217 0.651567927771 1.01593429304 0.962026367243
116 19563.0 1554.0 1697.0 4081.0 0.0414 0.0166 1.26488654044 1.43062108461 0.994055405532
117 13764.0 379.0 1150.0 4672.0 0.1213 0.0375 0.884154674022 1.13223394856 0.983649969129
118 2877.0 200.0 490.0 2540.0 0.0742 0.0198 0.882431269363 1.12224576103 0.982671998987
119 54365.0 2835.0 7688.0 5572.0 0.0133 0.0208 1.58646371641 1.47239139242 0.995578008968
120 6987.0 460.0 2176.0 4435.0 0.0133 0.0088 1.19711367315 1.30146053525 0.987344563118
121 28315.0 2411.0 908.0 3053.0 0.0765 0.0282 1.06066223771 1.42765464327 0.994540373708
122 6775.0 796.0 429.0 987.0 0.0832 0.0417 0.971358023444 1.24758649701 0.995512872854
123 15829.0 384.0 5709.0 6514.0 0.0149 0.0114 1.17642097656 1.25184196574 0.995485770965
124 32795.0 2334.0 1229.0 4462.0 0.0754 0.0231 1.12744456716 1.43551310531 0.992552533837
125 3783.0 312.0 359.0 3724.0 0.1067 0.0163 0.852371983509 1.19793948125 0.958181745858
126 13273.0 553.0 2491.0 4371.0 0.0315 0.0171 1.16241648808 1.27202851747 0.991841256734
127 35460.0 2846.0 529.0 2726.0 0.1177 0.0394 0.926614445775 1.37630412352 0.993473274031
128 22256.0 1000.0 11548.0 1382.0 0.0035 0.0256 1.4811334984 1.34260462747 0.978409452582
129 30784.0 2430.0 1027.0 2670.0 0.0623 0.0327 1.08387041474 1.40569631382 0.997406864425
130 24001.0 2627.0 390.0 1827.0 0.1107 0.0426 0.964671817996 1.39360178746 0.995578389385
131 22108.0 1400.0 1280.0 3462.0 0.0731 0.029 1.13368360219 1.33177385473 0.988207299396
132 20847.0 440.0 5999.0 8781.0 0.0174 0.0136 1.16794897821 1.25477243741 0.996255833874
133 27.0 26.0 2.0 2.0 0.9668 0.9668 0.763427993563 0.763427993563 1.0
134 7693.0 220.0 1011.0 3364.0 0.105 0.0411 0.859638626677 1.06143183313 0.979236864513
135 6014.0 251.0 1001.0 4729.0 0.0635 0.0167 0.911023537385 1.16285842489 0.987567232667
136 24618.0 726.0 2959.0 9262.0 0.028 0.0122 1.0894115156 1.3345703237 0.996590584095
137 7153.0 78.0 1470.0 5706.0 0.1224 0.0435 0.675376925437 0.926721314507 0.986604672039
138 15929.0 509.0 1731.0 4901.0 0.0401 0.0154 0.946651986155 1.2693889609 0.981592597603
139 51.0 20.0 12.0 12.0 0.4661 0.4908 0.529064589684 0.540028653239 0.924067461198
140 14067.0 447.0 5438.0 5728.0 0.0141 0.0159 1.3118040202 1.24641516439 0.993217760119
141 6904.0 213.0 2112.0 2855.0 0.0294 0.0202 0.996562702884 1.12848813497 0.990918264145
142 25063.0 2135.0 1454.0 3173.0 0.0453 0.0228 1.26724509067 1.44787975285 0.998458711655
143 3862.0 345.0 461.0 1050.0 0.0633 0.037 0.954950344138 1.14719418719 0.992707437042
144 12216.0 1572.0 821.0 1530.0 0.0442 0.0298 1.24403413361 1.39377386544 0.996876857
145 8818.0 295.0 3938.0 2321.0 0.0145 0.0239 1.18270056028 1.16068625215 0.992322209525
146 29787.0 2945.0 1643.0 4353.0 0.0256 0.0115 1.2337956544 1.60991907099 0.995702269094
147 13821.0 365.0 1556.0 3272.0 0.0699 0.0376 0.910021756545 1.13137708554 0.994643762811
148 11321.0 385.0 2556.0 7745.0 0.0329 0.0112 1.11101857815 1.25269575142 0.986205334027
149 145.0 64.0 12.0 20.0 0.5016 0.3915 0.529720861284 0.702174485788 0.939036787772
150 5373.0 342.0 587.0 2533.0 0.1087 0.0301 0.95678846767 1.15407096842 0.963626733128
151 1935.0 609.0 161.0 223.0 0.1108 0.0817 1.10694678939 1.18448480265 0.993628453004
152 993.0 34.0 434.0 352.0 0.1252 0.1397 0.730549801249 0.725383154123 0.982697530618
153 33638.0 997.0 12562.0 1619.0 0.0065 0.0595 1.45995854418 1.18156190373 0.989929300919
154 8025.0 637.0 467.0 4405.0 0.0872 0.0129 0.875506765412 1.32008484432 0.987721618563
155 956.0 149.0 60.0 114.0 0.3588 0.2379 0.660609306177 0.793718751388 0.941213604467
156 7688.0 1184.0 927.0 2339.0 0.0336 0.0119 1.29506313033 1.44028918707 0.994553261543
157 18802.0 1171.0 2435.0 2131.0 0.0312 0.0376 1.31298554188 1.28261333355 0.994659729001
158 7870.0 405.0 2706.0 784.0 0.0171 0.0574 1.22882945286 1.11364786048 0.984103327515
159 5848.0 1098.0 487.0 1180.0 0.0509 0.0232 1.18135276484 1.37785062278 0.98897252835
160 10422.0 220.0 7618.0 2515.0 0.0083 0.0147 1.18349496416 1.15779207014 0.990978431142
161 14557.0 725.0 2400.0 3749.0 0.0321 0.022 1.25132185035 1.28340013734 0.995648054253
162 5238.0 216.0 676.0 6397.0 0.1054 0.0185 0.844889791629 1.13181995115 0.963434474101
163 6776.0 337.0 1506.0 3274.0 0.0395 0.0174 1.0875590778 1.20474336703 0.98997758177
164 10349.0 537.0 1396.0 2668.0 0.0475 0.0259 1.05704236383 1.22979496846 0.994256100107
165 2941.0 188.0 2426.0 147.0 0.0078 0.0921 1.16384665097 1.01638938739 0.933038619857
166 392.0 48.0 44.0 112.0 0.375 0.2102 0.460035164831 0.71766431137 0.963802794576
167 5637.0 241.0 3065.0 1120.0 0.0132 0.0323 1.18218447586 1.11385549119 0.985293635609
168 20435.0 726.0 3291.0 4003.0 0.0272 0.0235 1.1780676291 1.27339210228 0.993416360421
169 20322.0 1149.0 1357.0 3189.0 0.085 0.0339 1.14635947478 1.28146352424 0.990985556687
170 12413.0 697.0 1598.0 1962.0 0.0428 0.036 1.14606176932 1.22579546975 0.995610692174
171 30965.0 2188.0 2102.0 6039.0 0.0301 0.0127 1.27373938509 1.51130288119 0.996212765789
172 12265.0 223.0 1579.0 3969.0 0.0912 0.0492 0.852116275135 1.04033783398 0.983722984073
173 19289.0 1973.0 839.0 2883.0 0.058 0.0211 1.13207858943 1.45409971363 0.99454721414
174 18999.0 590.0 4024.0 6113.0 0.0174 0.0138 1.18415367734 1.29797045469 0.997098612872
175 8700.0 523.0 623.0 4950.0 0.0672 0.0134 0.887394391632 1.28631550122 0.98898518336
176 89.0 32.0 31.0 36.0 0.2107 0.1738 0.742301073582 0.753081378946 0.974690034847
177 18031.0 821.0 2378.0 3112.0 0.0344 0.0287 1.17863232602 1.26760657041 0.995472690284
178 33923.0 2137.0 4218.0 8767.0 0.021 0.0097 1.47990940831 1.52742704535 0.995070585835
179 12733.0 741.0 2360.0 2892.0 0.0221 0.0163 1.213021734 1.32730953958 0.985348934532
180 2676.0 597.0 211.0 48.0 0.1143 0.4846 1.15119650564 0.711771729112 0.529991915034
181 4137.0 893.0 208.0 60.0 0.1767 0.48 1.15909524989 0.728626041494 0.635410420165
182 10247.0 206.0 2219.0 6720.0 0.0522 0.0208 0.938460766467 1.11581424083 0.993273901789
183 8915.0 438.0 3372.0 5661.0 0.0152 0.0125 1.31236105921 1.26499305127 0.983463818891
184 85798.0 830.0 40603.0 2939.0 0.0034 0.0174 1.33597293641 1.33623165969 0.970201660714
185 22149.0 258.0 11725.0 7546.0 0.0127 0.0149 1.18359348955 1.17310160978 0.991216754234
186 60401.0 609.0 26704.0 4261.0 0.0063 0.0176 1.28713051069 1.28337018071 0.973936778612
187 437.0 45.0 65.0 567.0 0.2556 0.0489 0.459240744831 0.852236528463 0.84321751937
188 18310.0 1200.0 1425.0 3368.0 0.0542 0.0247 1.17786035656 1.33927359552 0.993929828786
189 14876.0 699.0 2986.0 3300.0 0.0231 0.0221 1.24533491652 1.28062598833 0.994765831999
190 18796.0 411.0 4321.0 6918.0 0.025 0.016 1.10286812398 1.23247968853 0.995740461741
191 54.0 10.0 33.0 18.0 0.2518 0.4065 0.551125393334 0.467549358029 0.882517554353
192 25013.0 871.0 4743.0 3288.0 0.0149 0.0253 1.23362296502 1.29267923329 0.996659015001
193 28774.0 1313.0 2585.0 2694.0 0.0294 0.0424 1.23871609638 1.26040938326 0.992716267989
194 2544.0 556.0 120.0 49.0 0.267 0.473 0.97364842824 0.675224365467 0.640825230893
195 29511.0 2656.0 2050.0 3911.0 0.0249 0.0151 1.33486056792 1.55206072521 0.996706547001
196 25916.0 1635.0 2896.0 4737.0 0.0174 0.0116 1.26356436536 1.47965313845 0.995733458847
197 20712.0 894.0 1220.0 10060.0 0.0689 0.0126 0.980692770933 1.35977227896 0.986299229477
198 9474.0 256.0 2647.0 6415.0 0.0363 0.0183 1.08124490694 1.15609624396 0.990148693466
199 6199.0 240.0 1067.0 2251.0 0.0673 0.033 0.921138375725 1.10064632074 0.993287924704
200 16312.0 677.0 2881.0 3911.0 0.0273 0.0196 1.18652609578 1.28682956462 0.996503643204
201 68.0 11.0 17.0 26.0 0.5321 0.4247 0.245725185457 0.467118240972 0.934780362591
202 23107.0 1631.0 3128.0 1374.0 0.0137 0.0364 1.28315774667 1.37183579628 0.980526333451
203 11050.0 288.0 1792.0 6927.0 0.0621 0.0193 0.944463121678 1.16690036662 0.992303607553
204 26694.0 1002.0 5003.0 2747.0 0.0104 0.0242 1.23558045231 1.32418106977 0.992267963654
205 560.0 325.0 59.0 34.0 0.1853 0.3145 1.14510441922 0.994072985696 0.993640716007
206 43244.0 3353.0 5758.0 6608.0 0.0153 0.0155 1.71940212267 1.55162340478 0.985026634661
207 23080.0 1227.0 3105.0 5926.0 0.0276 0.0163 1.3401445344 1.38411926325 0.989877829033
208 31786.0 2883.0 927.0 2119.0 0.0805 0.0437 1.14406499442 1.37995504543 0.997266782038
209 167.0 85.0 14.0 9.0 0.5478 0.638 0.735018222847 0.528346904978 0.857117219863
210 56025.0 2093.0 15466.0 1907.0 0.0038 0.0319 1.48036610306 1.41898154818 0.980406525503
211 16952.0 317.0 2830.0 11254.0 0.0449 0.0131 0.929013078892 1.20992068596 0.992033708326
212 12946.0 240.0 2097.0 15260.0 0.0491 0.0137 0.907261920222 1.16558856315 0.980979245103
213 4954.0 551.0 1257.0 1406.0 0.0228 0.0198 1.27684129354 1.27841688005 0.998536707125
214 6941.0 1009.0 534.0 914.0 0.0581 0.0372 1.10621253188 1.30825433083 0.993216663852
215 198.0 69.0 55.0 62.0 0.14 0.1196 0.84818136145 0.888623521636 0.986085022564
216 7601.0 1242.0 643.0 1346.0 0.0374 0.0219 1.19198291232 1.40181322963 0.996170322929
217 13004.0 439.0 886.0 4450.0 0.1041 0.0294 0.814535781285 1.18054083151 0.988672805194
218 27899.0 2422.0 592.0 2734.0 0.0891 0.0322 0.996583853559 1.40691261196 0.993089801465
219 5534.0 1072.0 289.0 989.0 0.103 0.0308 1.06416328793 1.34412645366 0.992255801031
220 6618.0 333.0 1776.0 3840.0 0.0357 0.0196 1.20299745411 1.19031981574 0.983775393182
221 17907.0 1344.0 875.0 3893.0 0.0666 0.019 1.04265546374 1.39041129062 0.994014886356
222 9864.0 81.0 2672.0 6568.0 0.0808 0.039 0.757831993796 0.940246279958 0.989052037093
223 5180.0 1008.0 265.0 482.0 0.1171 0.0716 1.07446655353 1.22817312001 0.993347268564
224 10265.0 74.0 5365.0 13345.0 0.0459 0.0292 0.937751971332 0.946954167806 0.981366029671
225 2968.0 183.0 859.0 1774.0 0.0514 0.0272 1.04457931053 1.08637519161 0.986901688476
226 2992.0 114.0 288.0 1903.0 0.1702 0.0449 0.601060014574 0.97695128926 0.973855085056
227 21725.0 520.0 2135.0 8800.0 0.0665 0.0207 1.00346832108 1.23493901552 0.992301012713
228 43931.0 1326.0 14523.0 2834.0 0.0062 0.0357 1.5127490911 1.29432574467 0.994116894466
229 5854.0 390.0 361.0 4274.0 0.1176 0.017 0.782154496744 1.22422483397 0.975699854701
230 34538.0 691.0 14357.0 6084.0 0.0074 0.0149 1.36747028552 1.31275418834 0.995245576582
231 30.0 29.0 2.0 2.0 0.9698 0.9698 0.785509238863 0.785509238863 1.0
232 22262.0 1147.0 1098.0 6057.0 0.0802 0.0176 0.989327934427 1.36355276097 0.992462095218
233 12826.0 217.0 2645.0 14553.0 0.0536 0.0151 0.926461345994 1.144328874 0.982482862398
234 44452.0 3576.0 2965.0 2576.0 0.0445 0.0447 1.59917416279 1.3761499599 0.991273197438
235 23.0 21.0 2.0 2.0 0.933 0.933 0.574929519894 0.574929519894 1.0
236 8036.0 1172.0 487.0 2640.0 0.0647 0.0127 1.05367730897 1.42854779556 0.993143657582
237 22473.0 259.0 8567.0 3246.0 0.0164 0.0326 1.08503345161 1.1076249577 0.980432804103
238 16400.0 796.0 1060.0 4002.0 0.0756 0.0245 0.973071674836 1.28021251849 0.994954661794
239 1373.0 52.0 572.0 1045.0 0.088 0.0535 0.80340287589 0.863434108194 0.985958720386
240 4310.0 49.0 1561.0 9881.0 0.1122 0.0345 0.745382775653 0.87669358283 0.95320704699
241 1252.0 45.0 493.0 798.0 0.107 0.0671 0.747792663386 0.827348356127 0.990907598629
242 4366.0 28.0 2382.0 2845.0 0.097 0.0493 0.687332938351 0.772681897825 0.888529543052
243 7730.0 157.0 1205.0 10828.0 0.1155 0.024 0.840943184905 1.06517332976 0.953520042207
244 5591.0 194.0 1326.0 3991.0 0.0446 0.0168 0.925383743983 1.12659838527 0.988767129001
245 8220.0 77.0 4058.0 7563.0 0.0477 0.0297 0.92699478689 0.952603451061 0.986145680739
246 2874.0 64.0 2401.0 635.0 0.0223 0.0541 0.943846478267 0.894241765859 0.969563904521
247 2297.0 11.0 2073.0 1023.0 0.111 0.1117 0.581959259542 0.58240774529 0.943107182363
248 2699.0 21.0 2608.0 541.0 0.051 0.0763 0.719948137572 0.710109115642 0.92731819369
249 3338.0 108.0 1319.0 1320.0 0.0505 0.0478 0.973973591503 0.967035575742 0.988946821642
250 11024.0 33.0 9898.0 1881.0 0.0373 0.0541 0.807978604108 0.795362224464 0.928374790106
251 5131.0 28.0 4674.0 99.0 0.0427 0.105 0.774395217938 0.748993218439 0.760675359555
252 8058.0 59.0 1349.0 11032.0 0.2438 0.0564 0.608935536109 0.86831776683 0.930779552885
253 3915.0 35.0 1329.0 8348.0 0.1241 0.047 0.652829551013 0.809522923342 0.942087921088
254 4136.0 19.0 4098.0 84.0 0.0536 0.1284 0.699567280538 0.677183542239 0.747761447545
255 2311.0 119.0 1283.0 183.0 0.0249 0.1427 1.02714812789 0.866254205129 0.924596205494
256 2431.0 26.0 1665.0 1047.0 0.0774 0.0856 0.735233214335 0.733105502614 0.960676121732
257 3402.0 40.0 3171.0 668.0 0.0288 0.0544 0.85004953715 0.826977690552 0.95360867113
258 1267.0 31.0 285.0 5412.0 0.2459 0.0439 0.459624968144 0.793426895181 0.839926503464
259 28.0 17.0 5.0 5.0 0.6782 0.703 0.466877722309 0.500915520038 0.981512736533
260 4449.0 95.0 385.0 6194.0 0.2422 0.038 0.52151973849 0.963334953918 0.92918799094
261 2827.0 26.0 1273.0 9344.0 0.1397 0.048 0.635838486192 0.760189114052 0.915807327089
262 4233.0 123.0 361.0 1083.0 0.2068 0.1083 0.634798057883 0.883086188077 0.988545442669
263 11754.0 52.0 11506.0 404.0 0.0201 0.073 0.903154696055 0.844567665712 0.845968796334
264 2203.0 70.0 492.0 6989.0 0.1473 0.0264 0.700638604997 0.945626740257 0.917444526593
265 5796.0 118.0 621.0 6252.0 0.1622 0.0327 0.628780754836 1.00382630951 0.965655419146
266 5194.0 88.0 581.0 2173.0 0.2028 0.0859 0.586215579371 0.876112291453 0.975406787706
267 5180.0 60.0 1085.0 7621.0 0.1516 0.0457 0.679028830609 0.887924994596 0.944410306048
268 6396.0 73.0 3348.0 9167.0 0.0453 0.025 0.922612065595 0.954320138275 0.982251407308
269 4172.0 70.0 2714.0 1681.0 0.0326 0.0482 0.94588404893 0.908914120911 0.989531020353
270 4487.0 135.0 672.0 7653.0 0.1445 0.0234 0.768335317781 1.04785432455 0.944046110326
271 12780.0 101.0 11637.0 968.0 0.0119 0.0505 1.03703997955 0.956310534757 0.963742999116
272 5638.0 58.0 3372.0 4743.0 0.0435 0.0305 0.8758817254 0.909814385553 0.984302138603
273 3016.0 41.0 1333.0 5420.0 0.0851 0.0353 0.717531181429 0.847984733025 0.96539598339
274 2770.0 23.0 2637.0 239.0 0.0479 0.0859 0.737932438029 0.722356167389 0.889500681711
275 4926.0 69.0 2301.0 5280.0 0.0552 0.0352 0.878718603951 0.926627660654 0.974013331436
276 3758.0 15.0 3588.0 420.0 0.0731 0.099 0.650205007345 0.643274306129 0.885807843197
277 15053.0 27.0 14222.0 1590.0 0.0414 0.0549 0.770138498114 0.763226126913 0.937528514659
278 6719.0 107.0 1468.0 6148.0 0.0936 0.032 0.772956760415 0.992874717555 0.981022271105
279 5216.0 138.0 560.0 4104.0 0.153 0.0365 0.697674421465 1.01587597934 0.971511943041
280 2732.0 65.0 1195.0 2142.0 0.0591 0.0309 0.820337477678 0.928457968252 0.973698191817
281 2765.0 82.0 484.0 2123.0 0.1376 0.0437 0.658283781762 0.936758104128 0.972979757074
282 4893.0 70.0 1675.0 6035.0 0.0593 0.0236 0.772029424208 0.951296482892 0.974117076453
283 1492.0 53.0 282.0 535.0 0.1961 0.1218 0.597823663531 0.787576937196 0.972405926145
284 4686.0 67.0 1960.0 1329.0 0.0579 0.0694 0.804139916767 0.871199215533 0.962366552703
285 4063.0 84.0 878.0 6078.0 0.1175 0.0287 0.70718366704 0.967651127347 0.970878466086
286 2551.0 122.0 716.0 1536.0 0.0726 0.0365 0.920411268634 1.00679048836 0.987283073277
287 9731.0 88.0 8449.0 2521.0 0.015 0.0277 1.00681714425 0.979831009355 0.976746611014
288 2994.0 35.0 2014.0 1393.0 0.0596 0.0659 0.79525661723 0.792359229487 0.988292517835
289 16170.0 91.0 10183.0 13499.0 0.0266 0.0224 0.994787685479 0.99308734021 0.988506501031
290 7619.0 59.0 1891.0 17266.0 0.1113 0.0293 0.645097782448 0.912941177379 0.963026714652
291 4268.0 162.0 574.0 5581.0 0.1277 0.024 0.800832399477 1.0721914127 0.944998258543
292 6205.0 54.0 4476.0 364.0 0.0332 0.0491 0.875516935227 0.883662350255 0.848453170082
293 5544.0 83.0 1317.0 2408.0 0.1119 0.0713 0.768854833179 0.890231123456 0.991051289714
294 3831.0 20.0 1809.0 1132.0 0.1135 0.0707 0.56301657347 0.70374420085 0.870591041654
295 3681.0 80.0 2073.0 1516.0 0.0374 0.052 0.964816538055 0.919977637746 0.991429242455
296 2724.0 17.0 2512.0 1089.0 0.069 0.0807 0.675090135305 0.671144506516 0.982964448528
297 3571.0 76.0 952.0 2220.0 0.1007 0.054 0.772044228468 0.908134075127 0.989818036884
298 2566.0 54.0 545.0 1696.0 0.1863 0.0762 0.633100648337 0.835026097259 0.976596908255
299 3921.0 71.0 1505.0 1645.0 0.0573 0.0292 0.771114633195 0.946307365472 0.949345953233
300 3100.0 80.0 488.0 3318.0 0.1623 0.0409 0.628093611208 0.936913071586 0.966836957784
301 11577.0 106.0 2030.0 4890.0 0.128 0.0673 0.767799004599 0.921389818959 0.988869175446
302 16410.0 32.0 15839.0 665.0 0.0335 0.0568 0.805024900665 0.791052493699 0.869863690282
303 7828.0 63.0 1946.0 4095.0 0.1194 0.0713 0.730541458935 0.856746643882 0.993223735652
304 4241.0 37.0 3859.0 730.0 0.0326 0.0714 0.834044353576 0.796569818785 0.956194837342
305 258.0 27.0 46.0 88.0 0.4093 0.2609 0.423125151015 0.629977718159 0.95862441587
306 6146.0 35.0 5864.0 321.0 0.0314 0.0643 0.822899025861 0.80182962863 0.893805076805
307 1239.0 63.0 285.0 417.0 0.1622 0.1208 0.722585868207 0.809216393932 0.986841856265
308 6118.0 91.0 1205.0 9084.0 0.1263 0.033 0.767958966135 0.967875029472 0.956055335008
309 6762.0 45.0 3163.0 11124.0 0.0587 0.0303 0.735312564005 0.868430132387 0.955527510321
310 3956.0 27.0 2113.0 1802.0 0.0991 0.0723 0.654482772101 0.748552746911 0.931727296718
311 3211.0 85.0 727.0 1992.0 0.1391 0.0595 0.78933250075 0.912632557852 0.97588711759
312 2168.0 62.0 1625.0 400.0 0.0282 0.0754 0.929397476824 0.864497032519 0.959922402205
313 3512.0 83.0 1062.0 1193.0 0.0778 0.072 0.822608457041 0.893135756078 0.988670524407
314 2731.0 255.0 724.0 501.0 0.0447 0.0651 1.11891571548 1.05173578228 0.991724266865
315 2227.0 54.0 600.0 3283.0 0.1197 0.0352 0.65095797316 0.892145477921 0.965244219114
316 2868.0 152.0 277.0 985.0 0.1825 0.0696 0.681397145944 0.967419100194 0.979597403481
317 4307.0 57.0 2816.0 1205.0 0.0349 0.0425 0.853256676908 0.892063402742 0.95197569741
318 6202.0 58.0 1905.0 7086.0 0.0854 0.0358 0.741412549091 0.900108290164 0.975315847928
319 989.0 25.0 810.0 112.0 0.0594 0.2762 0.754442869101 0.606175593949 0.784772073357
320 7877.0 86.0 7058.0 288.0 0.0145 0.1486 1.00453214387 0.816086645098 0.89889859569
321 5987.0 97.0 4336.0 2050.0 0.0194 0.0377 1.02355789438 0.971603768252 0.97933907427
322 4108.0 56.0 1280.0 2231.0 0.0836 0.0321 0.67723222261 0.903491720407 0.930006019687
323 1576.0 47.0 903.0 453.0 0.0609 0.0954 0.853103282994 0.804237440931 0.945151118624
324 126.0 18.0 41.0 52.0 0.318 0.2562 0.504334322051 0.602168998866 0.975306237929
325 3565.0 93.0 633.0 2140.0 0.1373 0.0524 0.721043238011 0.936003957056 0.986535881888
326 5026.0 103.0 661.0 11117.0 0.1634 0.0249 0.643361489309 1.00483810819 0.942422074314
327 539.0 63.0 202.0 89.0 0.1008 0.2261 0.898536828895 0.738704601281 0.961603708641
328 1815.0 23.0 957.0 363.0 0.1275 0.2718 0.658129330756 0.596868521907 0.900243942711
329 2400.0 32.0 671.0 4299.0 0.1566 0.0524 0.57018494923 0.790981243737 0.952250355686
330 2090.0 46.0 1619.0 436.0 0.0348 0.0515 0.857842712225 0.854818484022 0.956940440439
331 2844.0 90.0 965.0 682.0 0.0537 0.0732 0.851172534149 0.905696209188 0.982338229643
332 4925.0 26.0 4796.0 516.0 0.0406 0.0735 0.763379957926 0.745666234346 0.904713756842
333 3637.0 117.0 1317.0 4556.0 0.0378 0.0183 0.917142566138 1.04505103567 0.982143773489
334 6523.0 22.0 6225.0 1684.0 0.0499 0.0765 0.729332906735 0.714771650461 0.925676649006
335 4146.0 153.0 858.0 4996.0 0.0871 0.0207 0.869892101559 1.07637943995 0.971497338114
336 4963.0 96.0 621.0 3952.0 0.1575 0.0471 0.668542486364 0.946971619555 0.970975798396
337 5394.0 85.0 957.0 7167.0 0.1893 0.0411 0.716968734019 0.941995375859 0.944641661819
338 3784.0 103.0 910.0 2584.0 0.0822 0.0386 0.795895793854 0.976004061513 0.980487687921
339 5640.0 193.0 1361.0 6934.0 0.0636 0.0178 1.00943714808 1.1187585394 0.975860441133
340 4768.0 44.0 2154.0 10704.0 0.0891 0.0316 0.764939965155 0.863273460998 0.946976860413
341 2975.0 28.0 1667.0 3524.0 0.0979 0.0588 0.709977443099 0.764744336559 0.975646315234
342 7221.0 80.0 2525.0 1487.0 0.071 0.0958 0.83834729807 0.854425336964 0.967460661085
343 6513.0 130.0 1435.0 5298.0 0.0857 0.0284 0.8299565809 1.02913193542 0.985070790293
344 2257.0 82.0 370.0 1769.0 0.1344 0.0426 0.642417897117 0.939864211669 0.97809880073
345 9533.0 69.0 1666.0 23144.0 0.1729 0.034 0.620340508622 0.926448079667 0.936181982863
346 6361.0 61.0 2448.0 10221.0 0.0753 0.032 0.791203753747 0.913590682497 0.976668833799
347 4527.0 138.0 1362.0 2237.0 0.0517 0.031 0.918355548909 1.03469927737 0.986867003419
348 3291.0 86.0 1366.0 946.0 0.0583 0.0773 0.935049037349 0.891271247006 0.990874666207
349 4107.0 38.0 1600.0 3387.0 0.0963 0.0392 0.642237755842 0.831830597167 0.935561563136
350 2589.0 33.0 250.0 681.0 0.5245 0.3169 0.285040938576 0.603569157673 0.927219617841
351 5869.0 19.0 5813.0 366.0 0.0536 0.088 0.699566251845 0.688528963937 0.813593108374
352 2119.0 99.0 697.0 814.0 0.058 0.0444 0.843250910772 0.967658021317 0.983597446775
353 4222.0 77.0 553.0 3278.0 0.1936 0.0586 0.610362372417 0.900146370501 0.96338425771
354 6035.0 84.0 1765.0 3076.0 0.0976 0.0636 0.847725327665 0.902566518614 0.985701250518
355 115.0 11.0 53.0 64.0 0.306 0.2508 0.456440037847 0.539134241069 0.95853610311
356 6961.0 112.0 1723.0 5144.0 0.0631 0.0297 0.820263407614 1.00563087355 0.9874397404
357 2912.0 74.0 1774.0 2908.0 0.0347 0.0275 0.9499280478 0.95384422676 0.976977540079
358 3166.0 88.0 665.0 1715.0 0.1192 0.0593 0.764232395814 0.918352951999 0.985983022954
359 2749.0 71.0 796.0 4716.0 0.1131 0.0317 0.792726093586 0.937816893233 0.956350041259
360 2321.0 71.0 545.0 6637.0 0.1262 0.0262 0.709800939702 0.948126012246 0.93114665906
361 4584.0 167.0 710.0 2967.0 0.1298 0.036 0.852322826617 1.04318199764 0.975361431725
362 3623.0 169.0 1462.0 4768.0 0.0316 0.015 1.07249647626 1.11258304878 0.976350050552
363 1858.0 104.0 374.0 765.0 0.1319 0.0664 0.795598144417 0.933376187309 0.987838398952
364 17890.0 81.0 17227.0 616.0 0.0133 0.0665 0.992615491118 0.905382095331 0.906358468684
365 6721.0 29.0 5670.0 6132.0 0.0479 0.0459 0.779816143101 0.78059349633 0.975907409515
366 1339.0 41.0 536.0 616.0 0.1059 0.0987 0.729573085323 0.781442700798 0.983828984564
367 5296.0 49.0 2748.0 593.0 0.051 0.133 0.768705623158 0.767675716202 0.899539656333
368 1066.0 20.0 813.0 274.0 0.0849 0.1958 0.705696155245 0.626696781885 0.94564293178
369 5405.0 81.0 936.0 8469.0 0.1554 0.0341 0.667096180977 0.949681395576 0.958346793179
370 2711.0 59.0 304.0 377.0 0.3627 0.3516 0.568070758185 0.626430388776 0.991960696186
371 1996.0 21.0 1765.0 405.0 0.0607 0.1335 0.718717801251 0.672097574617 0.934073204797
372 1091.0 84.0 295.0 491.0 0.1157 0.0716 0.855237852827 0.904495645546 0.98116475541
373 5194.0 34.0 4966.0 250.0 0.0321 0.0701 0.816982908331 0.793933363498 0.857712559568
374 2962.0 13.0 1789.0 1205.0 0.1909 0.2256 0.577381152682 0.556881273828 0.927486162819
375 3329.0 80.0 655.0 9260.0 0.1031 0.021 0.679649144527 0.977247985183 0.950466195669
376 1882.0 103.0 776.0 558.0 0.0492 0.0624 0.969820740105 0.943152994215 0.99058560658
377 2724.0 50.0 1553.0 1669.0 0.0539 0.0485 0.835972082878 0.862876411042 0.985536572085
378 8059.0 113.0 2312.0 3854.0 0.07 0.0383 0.871364757519 0.986437872599 0.983441092221
379 1306.0 27.0 832.0 518.0 0.0852 0.1001 0.738754959873 0.728824610997 0.952143278068
380 2969.0 32.0 1045.0 1482.0 0.1193 0.0799 0.610254085043 0.765307979116 0.949562066122
381 2841.0 81.0 604.0 3768.0 0.1307 0.0337 0.710006854068 0.952931602437 0.965736487912
382 6249.0 71.0 1098.0 16819.0 0.1745 0.032 0.667451863942 0.934844921073 0.919090356169
383 743.0 73.0 240.0 184.0 0.0967 0.1188 0.842758899904 0.843196375436 0.979645374901
384 7312.0 35.0 6565.0 2776.0 0.0354 0.0512 0.8224622997 0.806487134492 0.982478840823
385 1470.0 85.0 988.0 292.0 0.0256 0.0711 0.994554418742 0.91560505986 0.965790418688
386 4097.0 24.0 2165.0 2506.0 0.102 0.0813 0.624030247698 0.723415849527 0.973915078476
387 1455.0 23.0 799.0 1047.0 0.1173 0.0841 0.650763489612 0.717054849099 0.986309800532
388 9810.0 31.0 9345.0 2601.0 0.0355 0.0485 0.798738497199 0.790239442056 0.965765071761
389 1138.0 49.0 167.0 825.0 0.246 0.0793 0.49556351798 0.822964056952 0.957843597832
390 5169.0 120.0 1414.0 3104.0 0.0852 0.046 0.949386885791 0.977750734571 0.978903481352
391 1875.0 21.0 431.0 539.0 0.3909 0.3553 0.453931654606 0.545392105627 0.931694972031
392 569.0 35.0 97.0 257.0 0.3979 0.1744 0.468174031538 0.704199975195 0.900713744586
393 5117.0 51.0 1478.0 10883.0 0.1072 0.031 0.68209354767 0.887855702061 0.959005326347
394 4974.0 15.0 4667.0 360.0 0.0756 0.1006 0.649497850302 0.642837642741 0.85632474467
395 3767.0 57.0 3339.0 632.0 0.0222 0.0422 0.919374925571 0.896409706157 0.96674048367
396 4721.0 60.0 1987.0 6983.0 0.0808 0.0394 0.861957880812 0.898838651376 0.952750438453
397 2315.0 87.0 353.0 2405.0 0.162 0.0384 0.626485994058 0.954554415839 0.963189941844
398 2646.0 74.0 1262.0 548.0 0.0568 0.143 0.956599847421 0.798954411227 0.969914782477
399 2242.0 38.0 528.0 1512.0 0.2259 0.1054 0.575886636374 0.76163746835 0.959400140016
400 4133.0 14.0 3470.0 262.0 0.0979 0.11 0.618328905298 0.628233669391 0.782164646817
401 5915.0 74.0 1225.0 10524.0 0.1398 0.0354 0.707812506967 0.934357120094 0.943145807778
402 355.0 34.0 169.0 64.0 0.1186 0.2903 0.784594485172 0.636915992349 0.928578645544
403 7641.0 33.0 7529.0 264.0 0.0312 0.0826 0.811566570412 0.777355090826 0.78261389167
404 5120.0 104.0 2359.0 749.0 0.0362 0.0888 0.948393535102 0.897166624608 0.97005290439
405 1465.0 49.0 469.0 2125.0 0.1182 0.0413 0.697488839623 0.869623991013 0.966557280487
406 5288.0 79.0 3927.0 991.0 0.0225 0.0558 0.977060323099 0.914995124162 0.976904664921
407 2325.0 31.0 1121.0 2253.0 0.0903 0.048 0.657024397027 0.790926198649 0.970950057641
408 24118.0 35.0 22863.0 2316.0 0.0317 0.0536 0.822510645656 0.804181222252 0.911836617301
409 4279.0 58.0 1850.0 6223.0 0.0778 0.0368 0.847703510307 0.898713439842 0.968752447999
410 6207.0 49.0 5808.0 647.0 0.0233 0.064 0.890857768538 0.844382082346 0.938446466028
411 2106.0 74.0 674.0 990.0 0.0952 0.0629 0.832515757186 0.895230084051 0.983686680317
412 3122.0 61.0 448.0 1415.0 0.1762 0.0865 0.569472663296 0.837065057327 0.975483101458
413 2588.0 62.0 391.0 4775.0 0.1658 0.0361 0.587498592891 0.909933799329 0.943048526363
414 6598.0 57.0 3790.0 2168.0 0.0394 0.0314 0.814793873668 0.907366363387 0.966953336216
415 3600.0 72.0 1443.0 2387.0 0.0603 0.0366 0.826314802612 0.932369723089 0.992195086896
416 7023.0 118.0 5400.0 682.0 0.0139 0.0526 1.05345531259 0.976429375796 0.956720578918
417 1010.0 41.0 590.0 164.0 0.0685 0.217 0.837266929827 0.693170059104 0.941134965468
418 2696.0 63.0 656.0 1363.0 0.1451 0.0834 0.723781485222 0.844602635898 0.982551573002
419 6426.0 47.0 5582.0 854.0 0.028 0.0722 0.879178524018 0.826230510921 0.939761326843
420 5175.0 12.0 4470.0 1316.0 0.111 0.2158 0.601396087298 0.551311983518 0.930492695917
421 3364.0 60.0 1085.0 6813.0 0.1097 0.0326 0.768025190504 0.910767555762 0.9553802667
422 487.0 29.0 137.0 150.0 0.2064 0.2003 0.560912777116 0.670673278338 0.935698290707
423 8005.0 63.0 4790.0 3617.0 0.0417 0.0554 0.912089429786 0.880431499143 0.992328230328
424 3435.0 146.0 806.0 5867.0 0.066 0.0145 0.869185909134 1.0913460285 0.968703109104
425 3130.0 116.0 713.0 2533.0 0.0842 0.0299 0.808267529276 1.01336353664 0.987072537304
426 2134.0 71.0 635.0 992.0 0.0964 0.0618 0.773946436124 0.891768197693 0.98397438265
427 4205.0 96.0 1202.0 1813.0 0.1011 0.0753 0.925715979636 0.901748133996 0.97119998281
428 10791.0 15.0 8490.0 3769.0 0.1019 0.1136 0.622777996855 0.632741441466 0.930265772965
429 1467.0 36.0 546.0 2554.0 0.1092 0.045 0.669756417588 0.817533308926 0.951783809382
430 4056.0 40.0 2447.0 6161.0 0.0612 0.0369 0.797095558709 0.841973877172 0.980535988593
431 2264.0 94.0 499.0 3730.0 0.128 0.0287 0.80091763998 0.985121062952 0.944704912625
432 3809.0 121.0 2386.0 490.0 0.0182 0.0357 1.00904810252 1.02226902506 0.931255589966
433 8759.0 44.0 2535.0 8138.0 0.11 0.0316 0.584452158265 0.863472213964 0.912331092875
434 2901.0 26.0 2093.0 612.0 0.0708 0.1395 0.742553900713 0.691889427588 0.897982192211
435 824.0 31.0 508.0 166.0 0.0788 0.1872 0.765636041581 0.68532633635 0.932585192419
436 3924.0 71.0 681.0 3272.0 0.1658 0.0553 0.675468622886 0.89571876107 0.972175957165
437 4602.0 50.0 2667.0 889.0 0.048 0.0437 0.801557299428 0.872604069151 0.856059687931
438 2604.0 66.0 677.0 6612.0 0.1202 0.0277 0.716517968202 0.934042968969 0.944420705651
439 5433.0 26.0 5155.0 262.0 0.0427 0.0775 0.762517594924 0.746197259397 0.856915982578
440 9268.0 21.0 9173.0 287.0 0.0486 0.085 0.720016287094 0.707071286632 0.837578997946
441 3502.0 26.0 2645.0 1385.0 0.0644 0.0753 0.740799974857 0.741202673268 0.974357557895
442 1187.0 38.0 249.0 370.0 0.2357 0.1973 0.569925207809 0.69139175582 0.943474955114
443 3304.0 52.0 1805.0 1631.0 0.057 0.0598 0.846782570539 0.852238010197 0.990575428164
444 1763.0 36.0 1535.0 328.0 0.0364 0.0635 0.82574771879 0.806436202839 0.959077932495
445 1588.0 14.0 1277.0 870.0 0.1064 0.0957 0.617210677859 0.631512957581 0.968259336107
446 1305.0 48.0 741.0 162.0 0.0592 0.2252 0.847807380502 0.699067996556 0.912306404825
447 926.0 37.0 261.0 307.0 0.145 0.1311 0.607518042177 0.744326570276 0.953472639897
448 88.0 19.0 49.0 19.0 0.1617 0.3964 0.690295502287 0.567455404398 0.811689332338
449 1562.0 93.0 336.0 1487.0 0.1302 0.0381 0.784174352553 0.967061201875 0.962050153952
450 7136.0 102.0 1576.0 5367.0 0.0789 0.0352 0.782106427909 0.979399151957 0.987505125245
451 3755.0 26.0 3508.0 804.0 0.044 0.0666 0.762625503699 0.749808037496 0.959445403057
452 4660.0 120.0 695.0 3519.0 0.1203 0.0356 0.7102246164 1.00132601268 0.983286877656
453 1192.0 50.0 311.0 603.0 0.1512 0.0906 0.674859315984 0.814189754193 0.972892861473
454 6918.0 36.0 6642.0 240.0 0.0301 0.1619 0.829023857686 0.717163041673 0.73503726475
455 2734.0 95.0 1666.0 284.0 0.028 0.1614 1.01943744605 0.810744316649 0.952305480406
456 2793.0 89.0 351.0 4539.0 0.1598 0.0303 0.621538660214 0.973097682597 0.947459252578
457 1421.0 73.0 411.0 1367.0 0.0999 0.0402 0.789152317048 0.930074862648 0.974198465495
458 1222.0 30.0 925.0 496.0 0.057 0.0769 0.782261869575 0.76395622146 0.978025436785
459 2733.0 86.0 411.0 1897.0 0.1539 0.0498 0.651870590271 0.931882044108 0.979796441978
460 12362.0 106.0 8460.0 2561.0 0.0192 0.0286 1.02184393466 1.00392928761 0.966599978825
461 2551.0 61.0 1735.0 714.0 0.0336 0.0578 0.909564560385 0.881155487517 0.982300592147
462 2784.0 94.0 481.0 1943.0 0.1362 0.0462 0.71190404934 0.949880843314 0.976148981929
463 8922.0 47.0 5451.0 7665.0 0.0504 0.0378 0.826764087654 0.865778388768 0.973038437375
464 2467.0 93.0 603.0 2315.0 0.1033 0.0387 0.827676311739 0.962960617991 0.965081352336
465 2241.0 16.0 1446.0 3276.0 0.1342 0.0833 0.611569118685 0.658699551964 0.953387735291
466 8110.0 119.0 3398.0 6572.0 0.0394 0.0231 0.978836825941 1.03178286104 0.986277519786
467 5720.0 104.0 1087.0 9917.0 0.1101 0.0242 0.756828872641 1.00822444949 0.965993741596
468 4977.0 18.0 4648.0 637.0 0.0635 0.0908 0.686376581415 0.676312689313 0.828005305061
469 4013.0 58.0 1668.0 3162.0 0.0692 0.0294 0.769630905007 0.912491005408 0.954993780937
470 160.0 41.0 22.0 29.0 0.4023 0.373 0.523008072064 0.627668542202 0.982410614025
471 5367.0 71.0 1226.0 15335.0 0.1275 0.0268 0.690869484056 0.945660702892 0.941985058406
472 2278.0 148.0 190.0 324.0 0.2337 0.1722 0.673849419257 0.834668735827 0.990668221068
473 3612.0 90.0 700.0 1432.0 0.1471 0.0802 0.747824048401 0.888676164877 0.989148882819
474 2115.0 62.0 359.0 1601.0 0.1944 0.0619 0.578642516989 0.871686851073 0.969732742912
475 3235.0 61.0 946.0 2226.0 0.1129 0.056 0.733530008349 0.877151518271 0.984430706645
476 2259.0 65.0 468.0 2954.0 0.1566 0.0388 0.640332190906 0.91310761776 0.960220181883
477 4487.0 118.0 1328.0 1077.0 0.0429 0.044 0.844418118337 0.988432470709 0.967396361229
478 10452.0 46.0 6071.0 3294.0 0.0593 0.0867 0.837858034753 0.801407819145 0.984525539599
479 758.0 24.0 157.0 413.0 0.3722 0.1803 0.401622952229 0.655555296354 0.955951440816
480 838.0 206.0 113.0 109.0 0.1122 0.1419 0.938815469992 0.9641810935 0.990776565305
481 7352.0 418.0 3376.0 1071.0 0.011 0.0426 1.3146349277 1.15313328681 0.993287729153
482 8652.0 499.0 3973.0 1056.0 0.0092 0.0412 1.35037833471 1.18165875484 0.990576912132
483 973.0 241.0 115.0 91.0 0.162 0.1983 0.971557132801 0.914179150907 0.993401634921
484 8465.0 407.0 2390.0 1108.0 0.0235 0.05 1.19870485706 1.12533308979 0.984831080099
485 1246.0 267.0 218.0 132.0 0.0863 0.1492 1.09078469525 0.967548666671 0.987048021399
486 893.0 221.0 131.0 83.0 0.0911 0.1852 0.96989110534 0.932282544253 0.970069158404
487 14720.0 447.0 3322.0 3520.0 0.0285 0.0233 1.13856155444 1.21338942606 0.992334344052
488 10631.0 437.0 2272.0 1958.0 0.0273 0.034 1.1055303098 1.17465798602 0.992806634029
489 6370.0 129.0 1538.0 3209.0 0.0761 0.037 0.84954564747 1.00746055708 0.986882270124
490 929.0 161.0 233.0 172.0 0.0749 0.106 1.01518546966 0.959644933073 0.985578312616
491 2087.0 51.0 746.0 698.0 0.1001 0.1038 0.738891393175 0.800594777513 0.986598441832
492 10145.0 115.0 1189.0 9605.0 0.1058 0.0263 0.647742885109 1.01657327951 0.977236647718
493 1137.0 282.0 183.0 160.0 0.104 0.1148 1.13271833482 1.02166416074 0.977583927578
494 6205.0 185.0 1875.0 1584.0 0.038 0.0409 0.987296944744 1.04865005621 0.989478957803
495 8818.0 173.0 4910.0 947.0 0.0174 0.0568 1.11161668008 1.00869595349 0.951238667237
496 35587.0 135.0 23200.0 8452.0 0.0162 0.0231 1.05739510843 1.04852454977 0.987893134575
497 9463.0 120.0 2201.0 9634.0 0.0863 0.0266 0.837466002778 1.02151448587 0.984309172759
498 1350.0 160.0 292.0 240.0 0.0751 0.0983 0.920871377681 0.955499506547 0.983096593053
499 389.0 114.0 41.0 53.0 0.2189 0.2264 0.73374319192 0.837922554031 0.96111590478
500 5359.0 45.0 1387.0 2013.0 0.1869 0.1452 0.67990365083 0.743556640048 0.985560654567
501 6241.0 118.0 1337.0 3156.0 0.0747 0.0352 0.779851638584 1.00053278472 0.981696738605
502 2786.0 260.0 1287.0 287.0 0.0175 0.0952 1.21654097969 1.01214460975 0.985688854202
503 1046.0 284.0 170.0 98.0 0.0964 0.1717 1.11352824322 0.969825969014 0.986692293912
504 6350.0 55.0 2500.0 7674.0 0.0863 0.0398 0.781174257318 0.885723180618 0.984287618898
505 10209.0 43.0 6798.0 1797.0 0.0496 0.1185 0.837438820063 0.762781050977 0.963812622529
506 3888.0 34.0 710.0 3134.0 0.2713 0.1016 0.466496986432 0.750451651209 0.963861544895
507 7253.0 298.0 2600.0 989.0 0.02 0.0396 1.13354548794 1.12098161618 0.973969409409
508 10833.0 283.0 4252.0 2429.0 0.0202 0.0309 1.18221156593 1.12782269336 0.989465949026
509 2230.0 31.0 1134.0 2286.0 0.1068 0.0639 0.728852593338 0.775825543801 0.978842716602
510 6159.0 448.0 3100.0 521.0 0.0086 0.0595 1.32961586627 1.13743082817 0.980262072782
511 1149.0 170.0 158.0 266.0 0.0897 0.0678 0.809707904467 1.01603412845 0.97407858567
512 5304.0 406.0 2304.0 817.0 0.0126 0.0399 1.30323403295 1.16659733453 0.985219385988
513 3501.0 28.0 2211.0 1766.0 0.0836 0.0943 0.746120187993 0.734348003769 0.982617665074
514 10580.0 44.0 2342.0 18372.0 0.1745 0.0472 0.572293770607 0.842192744128 0.964113161916
515 214.0 12.0 69.0 136.0 0.3462 0.2179 0.361503128175 0.556988578073 0.939855603619
516 6783.0 33.0 2748.0 3022.0 0.1307 0.1221 0.680954486618 0.729067705285 0.968409563044
517 2445.0 398.0 186.0 242.0 0.1813 0.1347 0.963473865604 0.996738879803 0.986810749461
518 27175.0 139.0 17055.0 7375.0 0.0169 0.0223 1.06337731848 1.05568962929 0.986385169431
519 4125.0 314.0 1773.0 529.0 0.0167 0.0674 1.25275110425 1.06999551702 0.993886681272
520 1191.0 251.0 360.0 107.0 0.0406 0.1643 1.1927548935 0.953749574534 0.98649747993
521 3128.0 35.0 1292.0 5235.0 0.1333 0.0535 0.721236489719 0.803015186584 0.947400719632
522 2496.0 44.0 1210.0 5031.0 0.0809 0.0372 0.791836098449 0.857078641558 0.951671545642
523 1188.0 296.0 83.0 137.0 0.1984 0.1455 0.875853710181 0.987224349052 0.982889898412
524 3063.0 271.0 885.0 283.0 0.0396 0.1342 1.18766589778 0.947524255391 0.984932002036
525 7176.0 45.0 1942.0 9423.0 0.1373 0.0569 0.687534314554 0.832887802551 0.955260901457
526 5206.0 30.0 3078.0 3778.0 0.0872 0.0767 0.750849979176 0.757884270922 0.982898711614
527 926.0 218.0 110.0 104.0 0.1403 0.1697 0.936133866327 0.930730339075 0.990809439982
528 1595.0 23.0 580.0 1935.0 0.2066 0.08 0.545117040549 0.718665097429 0.942855948455
529 929.0 253.0 216.0 87.0 0.066 0.1834 1.18748811105 0.945593903305 0.975365581196
530 8342.0 95.0 3591.0 2875.0 0.0483 0.0644 0.953192409653 0.915662759314 0.988332605301
531 7237.0 152.0 1384.0 4786.0 0.0746 0.0276 0.827320395866 1.05269494573 0.990330955221
532 2554.0 66.0 830.0 803.0 0.0945 0.0842 0.780731368548 0.852410149491 0.972176787466
533 6371.0 51.0 3486.0 1686.0 0.0559 0.076 0.827076213827 0.82834910279 0.969570304346
534 10955.0 612.0 4854.0 1074.0 0.0081 0.0434 1.39110055943 1.20002538449 0.990372511772
535 4842.0 252.0 1975.0 519.0 0.022 0.0869 1.18310564433 1.00223199979 0.982320476738
536 4049.0 27.0 808.0 2839.0 0.3394 0.1398 0.442680668779 0.692474328848 0.954472205994
537 6959.0 392.0 3349.0 1181.0 0.0107 0.0381 1.30148026285 1.15748496805 0.984934866035
538 27046.0 152.0 10969.0 10699.0 0.0327 0.0282 1.02160700217 1.04738748817 0.992508787588
539 7125.0 176.0 1654.0 1922.0 0.0423 0.0296 0.888292189069 1.07270469172 0.964127350948
540 38036.0 137.0 25714.0 4016.0 0.0151 0.0418 1.06947450921 1.00210552355 0.972074844875
541 513.0 158.0 35.0 57.0 0.2773 0.2386 0.73022429528 0.85230789507 0.973926583111
542 10759.0 150.0 6492.0 1133.0 0.017 0.0615 1.08042102713 0.979917242765 0.96655156849
543 684.0 162.0 115.0 85.0 0.1144 0.1709 0.901719997936 0.910136879883 0.972176635914
544 3573.0 209.0 2250.0 176.0 0.012 0.1664 1.18192016816 0.894275955877 0.950833353604
545 5682.0 271.0 1260.0 828.0 0.0605 0.0889 1.13619228296 0.993941783069 0.99513529335
546 14946.0 284.0 2961.0 8347.0 0.0354 0.0181 1.0024875046 1.16972861094 0.994935474538
547 6781.0 31.0 2137.0 2116.0 0.2179 0.2095 0.639539157828 0.660246982159 0.986442970036
548 4886.0 29.0 1570.0 4008.0 0.157 0.0792 0.577984002159 0.750851798132 0.981899330141
549 5391.0 52.0 2776.0 2545.0 0.0629 0.0645 0.838048715764 0.844160714054 0.997536547783
550 16992.0 221.0 9631.0 2129.0 0.0131 0.0396 1.15960905263 1.07060975719 0.977078317581
551 36.0 17.0 7.0 7.0 0.5606 0.6296 0.472919153082 0.484804858998 0.931541381273
552 8028.0 165.0 2512.0 2485.0 0.0468 0.0446 1.00656572478 1.02066075553 0.995809792297
553 6456.0 137.0 2397.0 3367.0 0.0439 0.0316 1.0083847318 1.02923901108 0.990806873578
554 29095.0 168.0 20296.0 2587.0 0.0117 0.0365 1.11765874225 1.0436060989 0.967064968027
555 6154.0 235.0 2790.0 560.0 0.0162 0.0623 1.10585116523 1.04498143762 0.964700183816
556 18000.0 401.0 2134.0 4581.0 0.0587 0.0325 0.944582342681 1.15672804112 0.994836207294
557 8505.0 483.0 4135.0 765.0 0.0085 0.0537 1.34493174951 1.14764729729 0.989628168514
558 23011.0 393.0 5208.0 8586.0 0.0232 0.0148 1.05859017899 1.2313633225 0.99600580713
559 19397.0 118.0 6097.0 7682.0 0.0633 0.056 0.934762119229 0.952064567326 0.989312591602
560 5993.0 11.0 2317.0 5087.0 0.3581 0.2015 0.3645456382 0.545214895542 0.939129623306
561 3245.0 183.0 1347.0 510.0 0.0269 0.0663 1.08402044102 1.00791847876 0.983202127399
562 23527.0 184.0 13913.0 8218.0 0.0144 0.0184 1.11932497192 1.10859995474 0.992233382755
563 1269.0 302.0 197.0 86.0 0.0992 0.2272 1.12766465426 0.904049266457 0.985949088335
564 13020.0 245.0 3336.0 5635.0 0.0398 0.0241 1.03213810317 1.12637413216 0.993333374919
565 1736.0 272.0 230.0 233.0 0.1035 0.1087 0.967617372982 1.00368214971 0.994973037888
566 6160.0 48.0 2392.0 5483.0 0.1058 0.0565 0.76944356518 0.842897895451 0.983082495531
567 5378.0 48.0 2926.0 3122.0 0.0621 0.0511 0.828035404666 0.851672215279 0.979924083471
568 27174.0 118.0 22031.0 5243.0 0.0128 0.0317 1.06614944287 1.00733289353 0.98705300477
569 3339.0 105.0 648.0 1966.0 0.1212 0.0465 0.762713100225 0.96311938668 0.979664253103
570 899.0 290.0 117.0 57.0 0.1497 0.2777 1.1423564488 0.880752204259 0.989501349917
571 4540.0 141.0 2208.0 1252.0 0.0274 0.045 1.06051246724 1.00729392688 0.992025837627
572 2555.0 16.0 641.0 3655.0 0.3348 0.1269 0.378881080155 0.634721342409 0.871215084188
573 1416.0 299.0 157.0 135.0 0.1114 0.1526 0.963206680352 0.975833513226 0.990542141582
574 5944.0 223.0 2244.0 2050.0 0.0269 0.0274 1.11870700469 1.11092113878 0.995618265238
575 2882.0 278.0 1277.0 267.0 0.0178 0.1047 1.2306892919 1.00542641698 0.97436670608
576 5866.0 365.0 2983.0 671.0 0.0103 0.0539 1.28822075212 1.11562433134 0.991601648086
577 8149.0 504.0 3405.0 950.0 0.011 0.0503 1.35089671015 1.15581630532 0.990987403882
578 1829.0 36.0 560.0 2521.0 0.1529 0.0539 0.604959188252 0.807844580993 0.963151800189
579 5213.0 357.0 2800.0 587.0 0.0095 0.0506 1.28532686572 1.12720545001 0.988718038993
580 7592.0 356.0 1923.0 1282.0 0.0285 0.0361 1.09842478205 1.14999766697 0.984488084047
581 5975.0 66.0 1812.0 4573.0 0.101 0.055 0.78496674091 0.886077844882 0.976926935135
582 8055.0 331.0 2052.0 2472.0 0.032 0.0257 1.11243048772 1.16777843937 0.994613549126
583 2412.0 379.0 279.0 273.0 0.0893 0.1035 1.03758564275 1.04475820574 0.99326212621
584 795.0 16.0 327.0 489.0 0.2693 0.1757 0.529750463888 0.61043865153 0.92316591282
585 941.0 38.0 654.0 619.0 0.0528 0.0512 0.824410577051 0.823449898576 0.976193520408
586 7937.0 298.0 2438.0 1408.0 0.0267 0.0363 1.12136877942 1.12424860496 0.977274068383
587 1529.0 91.0 344.0 654.0 0.1127 0.059 0.755906440793 0.931498461214 0.976876258965
588 106.0 11.0 28.0 48.0 0.4949 0.3702 0.277474099972 0.481668405257 0.919056566618
589 6216.0 409.0 2724.0 809.0 0.0122 0.0482 1.30215604996 1.14084332819 0.993834843049
590 4448.0 135.0 1567.0 741.0 0.0512 0.1091 1.02622418971 0.894731479107 0.984664816819
591 1056.0 11.0 714.0 477.0 0.1879 0.2412 0.561912105738 0.529616436617 0.979263012113
592 560.0 144.0 37.0 66.0 0.3085 0.2408 0.673092342046 0.824740847839 0.987265270614
593 3022.0 97.0 365.0 1477.0 0.2078 0.0727 0.636405768608 0.908425830012 0.969581862715
594 5462.0 197.0 2828.0 466.0 0.0163 0.0792 1.10600949278 0.99286609722 0.960140820036
595 53888.0 617.0 11950.0 5138.0 0.0185 0.0472 1.22840940481 1.14983221133 0.993678771273
596 3155.0 438.0 335.0 375.0 0.1041 0.0911 1.04463671279 1.07141032091 0.993172822627
597 3412.0 358.0 1776.0 324.0 0.0101 0.0718 1.28893324675 1.09860187093 0.984363375609
598 7271.0 153.0 4707.0 1115.0 0.0153 0.0507 1.11153786771 1.0056541369 0.981691686699
599 6953.0 256.0 3372.0 1366.0 0.0159 0.0385 1.20491101528 1.098372337 0.982988388287
600 985.0 180.0 173.0 129.0 0.0955 0.144 0.931345556456 0.929775355467 0.987113573941
601 7430.0 365.0 1931.0 1141.0 0.0207 0.0406 1.13318887705 1.14061443677 0.985024350107
602 2487.0 350.0 425.0 253.0 0.0599 0.1088 1.0925850795 1.02813009799 0.988503745778
603 10650.0 346.0 2927.0 1806.0 0.0221 0.0306 1.08782376443 1.15921359269 0.979557464524
604 3699.0 102.0 1264.0 788.0 0.0452 0.0602 0.874639410803 0.941175584336 0.957195039232
605 7289.0 387.0 3234.0 935.0 0.0127 0.0522 1.29573740283 1.11723643782 0.994120009811
606 9270.0 503.0 4219.0 1027.0 0.0093 0.0455 1.35170300073 1.16870771511 0.992215308636
607 4111.0 444.0 648.0 400.0 0.0444 0.0854 1.09585200329 1.0818894751 0.986862757972
608 789.0 245.0 67.0 98.0 0.2161 0.1566 0.868784000778 0.976853224932 0.987884982524
609 4606.0 23.0 1705.0 2966.0 0.2007 0.1454 0.585499886216 0.669665006139 0.947312549757
610 8787.0 229.0 2450.0 2352.0 0.0233 0.023 0.988708597617 1.12934889344 0.985494129785
611 9049.0 244.0 1300.0 2801.0 0.0491 0.0245 0.823776881406 1.13049122795 0.975859996281
612 8003.0 157.0 2591.0 2709.0 0.0361 0.0352 0.955064544255 1.03825906307 0.992591152331
613 2976.0 150.0 1010.0 875.0 0.0469 0.0558 1.02325132944 0.995134839184 0.987589265297
614 1163.0 153.0 223.0 212.0 0.0671 0.0939 0.88462651489 0.963112480886 0.983075711743
615 897.0 247.0 138.0 112.0 0.1242 0.1456 1.08917629475 0.979878585749 0.987353844608
616 10844.0 134.0 3884.0 4031.0 0.0369 0.034 0.939501084375 1.01887256682 0.98980936271
617 858.0 79.0 301.0 262.0 0.0867 0.0999 0.91415305094 0.867996731117 0.99344484176
618 826.0 242.0 42.0 88.0 0.3197 0.1937 0.681395288245 0.923866896137 0.977682616856
619 38708.0 551.0 12066.0 4298.0 0.0162 0.0472 1.31574766163 1.14061293809 0.995520426627
620 5451.0 149.0 1974.0 1733.0 0.0404 0.0426 1.00362790493 1.01643317699 0.992108233597
621 5260.0 18.0 1689.0 5171.0 0.2491 0.1383 0.505012481255 0.643604381018 0.912326176355
622 662.0 245.0 156.0 42.0 0.0673 0.2907 1.18983801719 0.901386022782 0.966594852371
623 3229.0 47.0 1022.0 1761.0 0.1338 0.0824 0.697940698224 0.81055234978 0.983542736764
624 5680.0 449.0 688.0 832.0 0.049 0.0523 1.02065319913 1.13916821375 0.990884134933
625 5246.0 245.0 1809.0 683.0 0.0295 0.0795 1.14574406096 1.00654469897 0.988845724844
626 4415.0 388.0 800.0 543.0 0.0406 0.0715 1.08529064177 1.08452064023 0.993717198454
627 2535.0 238.0 561.0 762.0 0.0533 0.0404 1.01481573188 1.09472052242 0.995424326509
628 7634.0 430.0 3263.0 815.0 0.0122 0.0581 1.312580023 1.11768435909 0.990746578209
629 1045.0 192.0 154.0 332.0 0.084 0.0486 0.885745490803 1.06771504121 0.988681696136
630 5660.0 389.0 2650.0 575.0 0.0114 0.0662 1.2996550329 1.09616795038 0.988254370961
631 1271.0 315.0 211.0 90.0 0.0719 0.1968 1.09189035067 0.954140293662 0.978903242024
632 1095.0 227.0 157.0 229.0 0.0932 0.0703 0.910396977795 1.05868060986 0.990466250439
633 57.0 19.0 19.0 16.0 0.3282 0.388 0.591038289531 0.586240055218 0.977988366761
634 5525.0 312.0 1033.0 1847.0 0.0496 0.0296 1.02066099041 1.14909849882 0.995419606551
635 814.0 180.0 90.0 136.0 0.1698 0.1298 0.851003953034 0.948327186451 0.993033954445
636 1004.0 250.0 120.0 136.0 0.1285 0.1262 0.950619188651 0.997152473085 0.989691134353
637 7040.0 477.0 3658.0 456.0 0.0076 0.072 1.34656211402 1.11844946219 0.970411800122
638 2032.0 306.0 320.0 161.0 0.0689 0.1611 1.03616304526 0.950216838546 0.974411099779
639 1885.0 68.0 305.0 1059.0 0.1738 0.0748 0.66330711972 0.866712328584 0.971269814315
640 8419.0 176.0 4963.0 2021.0 0.0158 0.0302 1.13117407191 1.07031797452 0.984827971027
641 5512.0 138.0 1538.0 995.0 0.0481 0.0838 0.932463250139 0.931598368807 0.987716435714
642 1475.0 275.0 287.0 242.0 0.0668 0.082 1.08216733603 1.05617250657 0.991714573791
643 1309.0 18.0 724.0 590.0 0.164 0.1897 0.647273575405 0.616239192013 0.97699407728
644 4230.0 27.0 1073.0 7987.0 0.1862 0.0565 0.478819108146 0.760287340458 0.941578448521
645 2820.0 17.0 1213.0 2138.0 0.1748 0.128 0.525581224625 0.642969580301 0.938863439877
646 7431.0 278.0 1877.0 1931.0 0.0447 0.0398 1.12760099293 1.09925429986 0.990504400026
647 7442.0 399.0 3553.0 1047.0 0.0107 0.0437 1.30409579598 1.14420999147 0.9934162747
648 2808.0 43.0 712.0 3467.0 0.1737 0.0567 0.624754203733 0.82888456253 0.958314739456
649 1205.0 311.0 249.0 86.0 0.066 0.2108 1.21539378311 0.935130314575 0.984658109628
650 961.0 223.0 116.0 104.0 0.1245 0.1704 0.935684478036 0.935396793804 0.986458684122
651 5930.0 133.0 2823.0 2231.0 0.0308 0.0412 1.05585175472 1.00342461654 0.993586738703
652 5599.0 356.0 2452.0 803.0 0.0142 0.0523 1.27954441332 1.11113606444 0.992392891749
653 940.0 260.0 114.0 87.0 0.1378 0.1908 0.996845141528 0.941665232608 0.98935845223
654 7511.0 396.0 3097.0 1111.0 0.0143 0.0476 1.29729936928 1.12937633097 0.996161219529
655 14094.0 294.0 3535.0 5837.0 0.0386 0.0225 1.09516048475 1.15677805757 0.992851779213
656 4860.0 477.0 2217.0 556.0 0.0098 0.0488 1.3418889139 1.17449236756 0.991303339951
657 2943.0 295.0 1439.0 340.0 0.0138 0.0686 1.24256218642 1.07750554473 0.982802544367
658 5165.0 147.0 1530.0 1806.0 0.0479 0.0419 0.947666743385 1.01606854435 0.99030795566
659 34678.0 275.0 6797.0 11878.0 0.0414 0.0206 0.921107802109 1.1518634854 0.987247947824
660 6907.0 384.0 2742.0 1585.0 0.0157 0.0307 1.28638052486 1.17495339288 0.985916156132
661 1840.0 43.0 448.0 1034.0 0.2155 0.107 0.632156524599 0.775738943654 0.976559998527
662 2089.0 109.0 513.0 636.0 0.0933 0.0765 0.864424917509 0.924208756377 0.992178084048
663 374.0 73.0 120.0 65.0 0.1055 0.1929 0.878390933265 0.804770552114 0.96554057212
664 3352.0 318.0 1555.0 303.0 0.0142 0.0852 1.25620475373 1.05458297865 0.98052890093
665 4978.0 79.0 789.0 1694.0 0.1387 0.0859 0.652435939198 0.865404174075 0.977290274394
666 14070.0 210.0 6836.0 2176.0 0.0179 0.0415 1.12689481426 1.05886282188 0.983103649635
667 7412.0 85.0 888.0 3048.0 0.2352 0.097 0.588245250062 0.856861150968 0.971028539087
668 5701.0 147.0 2255.0 2200.0 0.0374 0.0414 1.04137000872 1.01562415465 0.991199892212
669 61.0 14.0 39.0 19.0 0.1692 0.3157 0.63068244907 0.583608813591 0.942938643258
670 5945.0 513.0 2158.0 688.0 0.0141 0.0567 1.34812252126 1.15061967692 0.994028457292
671 5206.0 127.0 1083.0 3085.0 0.0821 0.0314 0.798976363526 1.02021275912 0.97781683916
672 22984.0 246.0 12691.0 3168.0 0.0123 0.0343 1.17713558635 1.09592451515 0.987265308131
673 12208.0 382.0 4984.0 1519.0 0.0148 0.0529 1.28029615735 1.10136079534 0.992169863928
674 12442.0 268.0 2849.0 1878.0 0.0289 0.0371 0.995961584228 1.10351706647 0.968560831534
675 9452.0 231.0 4474.0 5144.0 0.017 0.0165 1.14357018512 1.15176155469 0.993562162639
676 8674.0 313.0 2104.0 1525.0 0.0377 0.0474 1.09538155717 1.0943856029 0.983241838054
677 18001.0 245.0 8550.0 2050.0 0.0162 0.0551 1.16152841181 1.04198465561 0.986800018086
678 2918.0 84.0 481.0 2279.0 0.1634 0.0485 0.678691305807 0.930337065137 0.971072691285
679 401.0 75.0 134.0 79.0 0.0776 0.1438 0.845702085891 0.852297520514 0.962169109891
680 919.0 162.0 153.0 244.0 0.1195 0.0778 0.899621874072 0.993810359061 0.989986841411
681 3967.0 19.0 1463.0 2668.0 0.2175 0.1422 0.506344616613 0.648637350107 0.97476104373
682 557.0 17.0 138.0 198.0 0.4 0.3143 0.369879795053 0.546052150583 0.931797067459
683 8433.0 108.0 1254.0 9223.0 0.0898 0.0253 0.690654858523 1.0108013443 0.978963152875
684 755.0 161.0 178.0 92.0 0.0747 0.1683 0.995906391269 0.90873268654 0.975119809513
685 5403.0 156.0 2842.0 1537.0 0.0223 0.0413 1.10581201159 1.0265888839 0.993782854877
686 828.0 207.0 116.0 94.0 0.163 0.1869 1.02098552593 0.908282133456 0.982672217594
687 5341.0 138.0 2824.0 2028.0 0.025 0.0383 1.082076223 1.01600134862 0.990648825219
688 2825.0 11.0 1122.0 2036.0 0.3463 0.2277 0.401064143218 0.534184958623 0.945449576492
689 1646.0 60.0 336.0 1938.0 0.1539 0.045 0.639597349118 0.893037152702 0.962738864145
690 5798.0 139.0 1350.0 1990.0 0.09 0.0623 0.928260458388 0.964276931934 0.989600349637
691 5921.0 50.0 1964.0 5393.0 0.1033 0.0468 0.704681592457 0.862091970251 0.980382551861
692 12274.0 201.0 4426.0 6792.0 0.0212 0.0169 1.02584514671 1.12827191123 0.992518289967
693 943.0 202.0 106.0 117.0 0.1219 0.1469 0.862698047131 0.947584848608 0.97770905862
694 800.0 128.0 151.0 219.0 0.1026 0.0801 0.843195099578 0.963317196439 0.983147504049
695 1010.0 157.0 330.0 135.0 0.0488 0.1273 1.03887638078 0.934730828322 0.967159695893
696 2599.0 29.0 658.0 1500.0 0.2659 0.1422 0.534361900935 0.699519224933 0.962574232921
697 6645.0 408.0 3039.0 735.0 0.0114 0.0567 1.30952061536 1.11885631877 0.98957997079
698 852.0 15.0 365.0 499.0 0.2686 0.2037 0.532701179592 0.586778599619 0.973205488795
699 35652.0 519.0 8975.0 3090.0 0.0194 0.0599 1.20858939041 1.101187547 0.988408013248
700 5400.0 263.0 2307.0 603.0 0.0198 0.087 1.20716715427 1.00242784525 0.992078774073
701 2882.0 24.0 701.0 2261.0 0.2569 0.111 0.447598495736 0.700003347954 0.954830265332
702 3805.0 16.0 1356.0 2369.0 0.2742 0.1785 0.467509367813 0.605966423741 0.968948467384
703 28334.0 288.0 12205.0 3457.0 0.018 0.0759 1.23250284585 1.00906017189 0.982077188875
704 2927.0 23.0 930.0 1480.0 0.2693 0.1851 0.554509980235 0.644601421768 0.969370263953
705 41454.0 537.0 12162.0 5351.0 0.0171 0.0371 1.26413636006 1.17055087734 0.994915320988
706 993.0 262.0 145.0 76.0 0.1335 0.2369 1.120623163 0.885322008536 0.970594729631
707 4232.0 26.0 1186.0 2800.0 0.2762 0.1382 0.542480635538 0.689249624231 0.960946437617
708 1954.0 22.0 462.0 867.0 0.3114 0.2074 0.435072924302 0.626828067766 0.966289469904
709 1330.0 294.0 156.0 105.0 0.0997 0.1866 0.979873251946 0.944817020059 0.982172475201
710 1102.0 264.0 64.0 128.0 0.2045 0.1515 0.782006896602 0.967171838545 0.992794790559
711 1139.0 45.0 606.0 393.0 0.0707 0.0971 0.825585275601 0.798636971965 0.987164227565
712 5580.0 118.0 2366.0 3586.0 0.0424 0.0355 1.01808880358 0.999281346008 0.982302622511
713 5752.0 359.0 2100.0 695.0 0.0188 0.061 1.24546940043 1.09274397422 0.982148867213
714 6040.0 116.0 2363.0 1254.0 0.0306 0.0425 0.897892654477 0.988112105412 0.963562656015
