0 38242.0 462.0 8478.0 10230.0 0.0262 0.0225 1.13030408624 1.20239596237 0.955032453111
1 22974.0 338.0 4667.0 6059.0 0.0356 0.0312 1.04412129775 1.13235015025 0.936420531163
2 37854.0 2564.0 3155.0 3380.0 0.023 0.0265 1.32740698921 1.38851343834 0.976932686476
3 27823.0 1086.0 6227.0 7190.0 0.0111 0.0108 1.2975193775 1.383498904 0.925143823413
4 63004.0 1086.0 3905.0 6617.0 0.057 0.0431 1.01163500138 1.22140620062 0.94102309828
5 27668.0 644.0 5677.0 5592.0 0.0251 0.026 1.2346153517 1.22828429958 0.976976924792
6 125304.0 637.0 17823.0 39173.0 0.0195 0.0126 1.02599058898 1.29589951277 0.738461970013
7 59525.0 3876.0 3294.0 2534.0 0.0398 0.0524 1.42903385986 1.32021987007 0.980618341928
8 42948.0 1002.0 5168.0 7222.0 0.0293 0.0229 1.14635836419 1.29436533092 0.947671853982
9 7656.0 311.0 1323.0 1409.0 0.054 0.0606 1.02410835322 1.05048235962 0.947598244242
10 1246.0 291.0 160.0 70.0 0.1014 0.3294 1.03683583542 0.770748380422 0.203498854445
11 22884.0 428.0 6004.0 7086.0 0.0205 0.0192 1.12259087211 1.20876038407 0.981427545919
12 19408.0 412.0 7241.0 7060.0 0.0142 0.0153 1.22411513139 1.22432122062 0.971664689604
13 7130.0 509.0 1201.0 1599.0 0.0241 0.0293 1.08869309823 1.19445417931 0.962209850384
14 30859.0 742.0 5243.0 6525.0 0.0236 0.0212 1.17011693603 1.267378049 0.982243759588
15 22091.0 844.0 1305.0 2581.0 0.0616 0.0474 0.942673722807 1.18543104919 0.936747910822
16 38555.0 522.0 4750.0 9157.0 0.0355 0.0243 0.976896214693 1.20955820753 0.879921773817
17 74255.0 834.0 43428.0 29104.0 0.0034 0.0067 1.4639790838 1.38541471309 0.830105857081
18 29635.0 870.0 2942.0 3925.0 0.0387 0.0379 1.1157783097 1.21743685378 0.976742519386
19 49437.0 3008.0 1791.0 2464.0 0.0549 0.0524 1.16571378052 1.2963420986 0.975672856518
20 16810.0 305.0 7201.0 6017.0 0.0163 0.0211 1.2136464343 1.15794973008 0.971486710612
21 48625.0 986.0 6596.0 7758.0 0.0301 0.0251 1.21116597573 1.28119069055 0.95998234471
22 62048.0 3118.0 8173.0 3871.0 0.0152 0.0367 1.64515838618 1.35754071807 0.996790090251
23 14547.0 734.0 902.0 959.0 0.1162 0.1183 0.991445486633 1.02587566335 0.971301596289
24 45821.0 825.0 4859.0 8178.0 0.0352 0.0249 1.0482876315 1.26143847571 0.910304006584
25 71556.0 818.0 11481.0 8998.0 0.036 0.0425 1.32391552589 1.19308608378 0.827334911196
26 16506.0 269.0 3003.0 5107.0 0.0388 0.0301 0.90147736905 1.1090317026 0.934333914705
27 24186.0 1217.0 2355.0 2026.0 0.0404 0.0557 1.24308640046 1.1993855338 0.991627533565
28 12511.0 31.0 6860.0 6791.0 0.0959 0.0967 0.748409735543 0.741939358339 0.877188512867
29 184115.0 1569.0 119523.0 76735.0 0.0015 0.0032 1.60448072861 1.52902176078 0.575819013783
30 10800.0 383.0 1403.0 1420.0 0.0777 0.0812 1.02222035342 1.03011965252 0.93891432159
31 92656.0 1639.0 8645.0 14486.0 0.0204 0.016 1.21540431335 1.39236487544 0.981895734752
32 11990.0 2189.0 387.0 291.0 0.1208 0.1811 1.14573990599 1.03155029533 0.920168173012
33 29556.0 383.0 3953.0 7241.0 0.0407 0.0311 0.936853526865 1.14715785388 0.940656010976
34 12095.0 244.0 1904.0 2596.0 0.0748 0.059 0.904584293609 1.02572952846 0.816589923055
35 26047.0 1957.0 1789.0 1754.0 0.045 0.0511 1.24233171591 1.2629972434 0.977868925981
36 35406.0 1327.0 8357.0 6826.0 0.0105 0.0143 1.44454649609 1.38099752514 0.953990972834
37 109723.0 1760.0 21324.0 15068.0 0.0119 0.0183 1.50516037211 1.38514176164 0.979550897966
38 6333.0 402.0 422.0 684.0 0.1196 0.105 0.810663872287 0.99917178096 0.930643951739
39 27709.0 2382.0 993.0 1223.0 0.0687 0.0769 1.12745729141 1.20961479963 0.973861001126
40 32919.0 1570.0 3520.0 3914.0 0.0236 0.0264 1.27560115939 1.33159711473 0.970495117978
41 47656.0 2137.0 5760.0 4460.0 0.0199 0.0284 1.43935736582 1.35532390949 0.986813211036
42 22132.0 704.0 6963.0 5221.0 0.0124 0.0189 1.36196501568 1.27398208974 0.968010087165
43 69165.0 1271.0 5037.0 9120.0 0.0391 0.0265 1.0537810703 1.30310558322 0.935651531532
44 3862.0 345.0 461.0 580.0 0.0633 0.0783 0.954950344138 1.03388495933 0.961565771871
45 83704.0 3120.0 14839.0 10332.0 0.0064 0.013 1.55729975799 1.49696885489 0.883114679137
46 45136.0 1606.0 5085.0 4355.0 0.028 0.0349 1.33749096163 1.29474362892 0.97420755821
47 11459.0 331.0 2962.0 2500.0 0.0322 0.0436 1.14504005251 1.09527238324 0.990842423318
48 31210.0 1431.0 3382.0 4079.0 0.0253 0.0249 1.22557926975 1.32859902552 0.967684710466
49 46185.0 656.0 4554.0 8545.0 0.0382 0.0291 1.01382745136 1.21672798537 0.935435812141
50 1032.0 314.0 26.0 19.0 0.5175 0.7168 0.708195712622 0.498922704066 0.444887996831
51 12194.0 425.0 2544.0 2401.0 0.0386 0.0406 1.15972107005 1.13186508234 0.96334938951
52 43542.0 785.0 7515.0 9889.0 0.0189 0.0178 1.19666475571 1.29170793896 0.990401582282
53 326364.0 2448.0 33975.0 50247.0 0.0162 0.011 1.31684556059 1.48063423996 0.941285243475
54 72290.0 274.0 26070.0 35156.0 0.0172 0.0137 1.05058456943 1.17735720479 0.941715283206
55 39292.0 822.0 5148.0 7606.0 0.0272 0.022 1.11243633683 1.27497016604 0.963694757837
56 37147.0 1069.0 6962.0 5743.0 0.0187 0.0247 1.3507810695 1.29368801632 0.963764426142
57 39032.0 817.0 7358.0 8111.0 0.0209 0.0198 1.23662809997 1.28571225253 0.992217363522
58 77891.0 655.0 33347.0 32786.0 0.007 0.0075 1.33556603388 1.34305810768 0.976952446971
59 34954.0 715.0 5149.0 7451.0 0.0256 0.0216 1.12371996048 1.26054317466 0.972668870994
60 40191.0 1239.0 4394.0 4077.0 0.0404 0.0408 1.29377455093 1.2447749105 0.962193525499
61 37931.0 2556.0 7145.0 3112.0 0.0094 0.0301 1.62629836959 1.37008091255 0.956310333041
62 6538.0 1171.0 587.0 463.0 0.0496 0.0832 1.19755420474 1.1529314082 0.883392602422
63 31763.0 573.0 4192.0 7203.0 0.0329 0.0241 0.994736007094 1.22221835226 0.947139070235
64 41653.0 2839.0 6022.0 3147.0 0.0112 0.0309 1.56390913365 1.37745454957 0.958392281578
65 70251.0 461.0 18497.0 22746.0 0.0199 0.0164 1.1410783574 1.23142042899 0.979883401271
66 42123.0 1171.0 8606.0 11057.0 0.0104 0.0096 1.29518317717 1.40236705507 0.958940284477
67 33080.0 574.0 3506.0 6502.0 0.0388 0.0301 0.998029885346 1.1979154934 0.962374284919
68 12465.0 310.0 3270.0 3722.0 0.0315 0.0281 1.07389699659 1.13383306465 0.937375465349
69 69185.0 584.0 23861.0 28334.0 0.0101 0.0088 1.2408916764 1.31500733163 0.971102324288
70 11069.0 410.0 3641.0 2681.0 0.02 0.0305 1.26332715098 1.16015989577 0.989514604391
71 58611.0 3277.0 7781.0 3770.0 0.013 0.0339 1.61884760429 1.37640738504 0.976606847219
72 28772.0 520.0 12001.0 9504.0 0.0103 0.0143 1.33646762183 1.26026809608 0.984315785729
73 34410.0 1875.0 2022.0 2260.0 0.0558 0.0537 1.18532679335 1.24703721813 0.961300271193
74 3848.0 258.0 559.0 763.0 0.0719 0.0663 0.885812561904 1.02314379915 0.877451435513
75 49821.0 3039.0 1745.0 1861.0 0.0741 0.0759 1.1852525683 1.22715005838 0.968766233964
76 47236.0 276.0 41164.0 37953.0 0.0048 0.0056 1.24150382914 1.23245435971 0.758178593872
77 42414.0 374.0 7770.0 12188.0 0.0312 0.0245 1.00261365747 1.16808976182 0.968435230504
78 38359.0 2929.0 2462.0 1434.0 0.048 0.0794 1.46400237095 1.21817145405 0.978845952517
79 15434.0 644.0 1869.0 3189.0 0.0285 0.0257 1.06157351231 1.2321645553 0.941888912379
80 17231.0 266.0 5007.0 4983.0 0.0297 0.0339 1.08354032449 1.09579884464 0.977454675006
81 30821.0 1264.0 1830.0 2071.0 0.0785 0.0722 1.08705222551 1.15840188858 0.965111455918
82 17111.0 150.0 9732.0 7913.0 0.0199 0.0271 1.10040501547 1.04495638956 0.982023026111
83 21995.0 395.0 6676.0 5690.0 0.0212 0.0278 1.19420810496 1.16297514686 0.958376194336
84 31614.0 876.0 4836.0 4245.0 0.0279 0.0368 1.27146168476 1.22168767018 0.996156439074
85 26063.0 2792.0 358.0 633.0 0.1504 0.1417 0.888416879946 1.09157961725 0.920040930724
86 14430.0 349.0 3125.0 4320.0 0.028 0.025 1.02382478211 1.15967838272 0.979039908888
87 22528.0 1292.0 1169.0 1749.0 0.062 0.0592 1.04636188388 1.19656838327 0.972466128559
88 28354.0 470.0 3774.0 7034.0 0.0311 0.0252 0.999730527989 1.19383108073 0.953083687958
89 49608.0 3411.0 694.0 1437.0 0.1171 0.0955 0.930085365708 1.18924787198 0.926871650021
90 44252.0 1044.0 7575.0 7299.0 0.0223 0.0227 1.3228156151 1.30012821946 0.984156801266
91 11065.0 262.0 2245.0 2673.0 0.051 0.0461 0.983239338657 1.06240006782 0.981374191245
92 26750.0 965.0 2198.0 2847.0 0.0564 0.048 1.07924401583 1.19685014991 0.945039751656
93 32745.0 1380.0 4095.0 3803.0 0.0279 0.0306 1.32417302348 1.29730117013 0.985487841361
94 26577.0 479.0 7120.0 7268.0 0.021 0.0211 1.19980620718 1.21372595425 0.980727498241
95 50736.0 854.0 10827.0 11292.0 0.0166 0.0169 1.28342209913 1.30694892674 0.983524880281
96 62978.0 1801.0 2818.0 4623.0 0.0578 0.0463 1.10460290196 1.26264798232 0.937889401099
