0 126550.0 4577.0 3820.0 772.0 0.0554 0.2025 1.18974762353 0.738865353573 0.889390012792
1 39488.0 3061.0 3372.0 283.0 0.0312 0.2494 1.56053914737 0.705265623881 0.911134887356
2 68238.0 2241.0 11245.0 773.0 0.0113 0.1986 1.50685277698 0.737305640459 0.763351478382
3 221134.0 524.0 169387.0 11728.0 0.0032 0.127 1.36151590315 0.787804490883 -1.33740835475
4 23544.0 2418.0 908.0 190.0 0.0653 0.273 1.19746867324 0.690340868501 0.860376813894
5 33591.0 658.0 2243.0 1129.0 0.0648 0.1795 0.896122992542 0.738030799332 0.514374863345
6 7865.0 373.0 1413.0 350.0 0.0529 0.2224 1.09637740035 0.696100226097 0.735593899725
7 71155.0 1096.0 2830.0 1656.0 0.0899 0.1698 0.873004692766 0.75421705289 0.801142381347
8 17780.0 1294.0 934.0 265.0 0.0685 0.2459 1.05631134348 0.700590004653 0.828504048352
9 68650.0 433.0 44954.0 3760.0 0.0052 0.1475 1.31983883396 0.760292726843 -0.554549701053
10 57791.0 539.0 13426.0 2540.0 0.0221 0.1567 1.17763753999 0.755504742612 0.593328324054
11 28342.0 2633.0 985.0 219.0 0.0822 0.2641 1.15941040512 0.695635984112 0.920998173748
12 10395.0 432.0 2563.0 424.0 0.0226 0.2144 1.12687320776 0.704616924587 0.0483473227025
13 74676.0 3265.0 7827.0 581.0 0.0189 0.2126 1.57368220374 0.729247152728 0.907951272428
14 29694.0 2183.0 662.0 286.0 0.1003 0.2458 0.977050219923 0.704890283998 0.926982066994
15 32547.0 1493.0 1193.0 481.0 0.0825 0.2162 1.0489132607 0.72079700654 0.948996389391
16 49862.0 1091.0 6222.0 1098.0 0.0322 0.1824 1.22553673727 0.743025457177 0.61027370128
17 12412.0 291.0 1390.0 760.0 0.0727 0.1899 0.846745611669 0.712986811487 0.66334789764
18 24536.0 540.0 2579.0 944.0 0.0447 0.1846 0.956249316927 0.73040452265 0.615767799133
19 139638.0 820.0 13573.0 4702.0 0.0306 0.1438 1.0169863049 0.776213819077 0.392338518502
20 43489.0 569.0 12519.0 1745.0 0.0163 0.1663 1.26073964956 0.747237584182 0.350221715027
21 29982.0 1207.0 7290.0 542.0 0.0128 0.2096 1.50523050404 0.723023873792 0.921761856787
22 19482.0 1734.0 567.0 216.0 0.0885 0.261 1.00172232894 0.694437387985 0.877170612777
23 37576.0 635.0 3427.0 1330.0 0.0449 0.1744 0.967790731151 0.741928775901 0.647348572525
24 7059.0 1322.0 510.0 77.0 0.0617 0.3424 1.17493475417 0.654487339668 0.653879582666
25 36330.0 570.0 15654.0 1416.0 0.0082 0.1722 1.31976303471 0.742012874162 -0.258633147476
26 19056.0 2700.0 208.0 127.0 0.1631 0.3057 0.8813310562 0.675437448067 0.927437012884
27 87124.0 749.0 14510.0 2995.0 0.0181 0.1535 1.13110213841 0.764540221131 -0.161030872895
28 4607.0 454.0 315.0 148.0 0.0978 0.2733 0.844672721609 0.671408235131 0.764738401534
29 45394.0 2964.0 1257.0 349.0 0.068 0.2371 1.046210484 0.712258233747 0.851114211644
30 2010.0 102.0 442.0 231.0 0.1172 0.2367 0.818682996793 0.651323100078 0.886752821347
31 2283.0 414.0 220.0 65.0 0.1033 0.3417 1.04233203181 0.638734992854 0.485556035223
32 10371.0 307.0 1437.0 586.0 0.0591 0.1994 0.890683038544 0.70749007258 0.56173548358
33 11875.0 500.0 3109.0 431.0 0.0194 0.2144 1.18518999805 0.707095452231 0.395817817347
34 41097.0 980.0 6011.0 972.0 0.0272 0.1861 1.23435618785 0.738527853029 0.680438179376
35 128430.0 920.0 16146.0 3846.0 0.0226 0.1483 1.10915619708 0.773113606066 0.474073179532
36 83110.0 3721.0 3571.0 577.0 0.0505 0.2138 1.34809889408 0.729489894178 0.932766694157
37 105369.0 437.0 33024.0 6029.0 0.0109 0.1382 1.1458588217 0.770590596311 -0.354785088387
38 137459.0 430.0 78512.0 8221.0 0.0067 0.1328 1.30402922359 0.776570121043 -0.43636507356
39 52868.0 3701.0 937.0 331.0 0.1085 0.2418 1.01547129902 0.710766264725 0.910129529497
40 81053.0 3959.0 1280.0 523.0 0.104 0.2187 0.939139008328 0.726057314116 0.898825324482
41 40790.0 1037.0 4504.0 911.0 0.0331 0.1885 1.17014763638 0.737277053312 0.695633011826
42 26459.0 2434.0 640.0 219.0 0.0856 0.2633 1.02360128613 0.695572733309 0.910250647586
43 13309.0 45.0 5283.0 3672.0 0.1112 0.1568 0.766812937646 0.667858246097 0.886742773662
44 33177.0 876.0 4843.0 843.0 0.0317 0.1906 1.22564563122 0.733394627411 0.716131601722
45 45469.0 506.0 12361.0 2047.0 0.0207 0.1618 1.23859785835 0.749247403466 0.620801701827
46 22664.0 1167.0 1853.0 399.0 0.0595 0.2233 1.19646172778 0.713306069078 0.839142830833
47 51369.0 1242.0 2850.0 1001.0 0.0676 0.1861 1.02756219189 0.741516402774 0.899231302535
48 10448.0 1089.0 707.0 163.0 0.0825 0.2756 1.11126671161 0.682585683956 0.825768311791
49 30196.0 2759.0 946.0 226.0 0.0727 0.2626 1.11817702173 0.697107442532 0.892130826681
50 10134.0 655.0 1859.0 270.0 0.028 0.2393 1.21567964302 0.695684281124 0.681581586572
51 47282.0 3140.0 731.0 345.0 0.1153 0.2382 0.912179431106 0.712192899192 0.910530984174
52 983.0 297.0 74.0 30.0 0.2896 0.432 1.05229632723 0.60700102168 0.0386138098745
53 77029.0 3297.0 5804.0 598.0 0.0286 0.2115 1.47470377695 0.730351422988 0.850366679158
54 83175.0 179.0 75440.0 9814.0 0.0068 0.1308 1.15383189958 0.754422371164 -0.734751096488
55 35659.0 898.0 3949.0 896.0 0.0351 0.1885 1.12613486914 0.735452121513 0.658847819901
56 11487.0 223.0 1765.0 885.0 0.0962 0.1842 0.938108666131 0.710647934398 0.982416768467
57 56877.0 4015.0 1494.0 332.0 0.0581 0.2423 1.12958661056 0.711005342422 0.808575767741
58 49456.0 1807.0 12312.0 655.0 0.0073 0.204 1.53232933555 0.731341728916 0.470611501885
59 12596.0 744.0 1944.0 310.0 0.038 0.2328 1.25345691821 0.701741362106 0.79373015681
60 27414.0 509.0 4116.0 1136.0 0.0272 0.1784 1.0301403453 0.734522553372 0.108733275971
61 24448.0 1128.0 1026.0 454.0 0.0747 0.2171 0.957094303364 0.717234455958 0.895907943186
62 17069.0 496.0 5894.0 669.0 0.0156 0.1965 1.32288423455 0.719708874033 0.736362842983
63 34881.0 3146.0 2923.0 234.0 0.0287 0.2614 1.5316673776 0.69845805485 0.909175098526
64 44148.0 3480.0 611.0 282.0 0.1288 0.2506 0.915585062139 0.705117696444 0.920117059961
65 36335.0 2449.0 2899.0 325.0 0.0334 0.2395 1.39409931673 0.709600950634 0.808577444218
66 21022.0 403.0 3178.0 1039.0 0.0534 0.1806 1.01516711425 0.72812361211 0.775350717204
67 47731.0 1316.0 17531.0 866.0 0.0039 0.1915 1.4271271122 0.737680689017 -0.439120043224
68 61385.0 1147.0 7621.0 1334.0 0.0316 0.1764 1.24067225872 0.748759648513 0.626618262631
69 33097.0 502.0 14824.0 1432.0 0.009 0.1715 1.31268078018 0.740224720127 0.465524017135
70 18580.0 759.0 1425.0 487.0 0.0596 0.2114 1.05211042511 0.715961304709 0.863503243954
71 44925.0 3151.0 2871.0 322.0 0.0263 0.2421 1.34093847771 0.709500124624 0.846766116887
72 27796.0 2315.0 927.0 247.0 0.0686 0.2553 1.06319577666 0.699806912722 0.865099495175
73 33389.0 304.0 14718.0 2278.0 0.0146 0.1584 1.19217018804 0.741126024901 0.411933664498
74 31682.0 1002.0 3082.0 699.0 0.0326 0.1981 1.15388258833 0.729372211903 0.775041079879
75 10947.0 323.0 2037.0 596.0 0.0624 0.199 1.10723188465 0.709135720497 0.901826993644
76 48083.0 3466.0 728.0 316.0 0.0998 0.2439 0.95034301438 0.709214103375 0.881445668242
77 18966.0 672.0 4064.0 563.0 0.0117 0.2046 1.17764845575 0.718802144704 0.190444687317
78 58083.0 756.0 6833.0 1866.0 0.0267 0.1653 1.05260084603 0.753027875158 0.264464516299
79 30774.0 614.0 4551.0 1089.0 0.0263 0.1805 1.07774487977 0.736173997962 0.436898165229
80 99753.0 1923.0 7716.0 1415.0 0.0233 0.1767 1.16902548121 0.754153137939 0.512685511765
81 47109.0 1412.0 2466.0 794.0 0.0814 0.195 1.06559504302 0.735589310539 0.954735054995
82 55625.0 3255.0 2883.0 406.0 0.0411 0.2298 1.31972307932 0.717659452571 0.838637679461
83 42033.0 596.0 7992.0 1607.0 0.0215 0.1688 1.1039086079 0.745806082036 0.303273803768
84 35488.0 1445.0 1757.0 552.0 0.0775 0.2099 1.0559434768 0.724687268415 0.91383095209
85 11709.0 309.0 1381.0 672.0 0.0694 0.1945 0.870918605255 0.711199086876 0.61041239565
86 87257.0 1263.0 14289.0 1829.0 0.0203 0.1675 1.3658767287 0.758077707544 0.633487276978
87 51719.0 1226.0 4731.0 1022.0 0.0241 0.1853 1.11204951524 0.741978470936 0.226486960946
88 40685.0 906.0 6279.0 1037.0 0.0274 0.1835 1.24241841092 0.739573094022 0.659308406702
89 10961.0 247.0 1294.0 765.0 0.0774 0.1892 0.817298381205 0.709868686223 0.686753411627
90 5044.0 508.0 1771.0 147.0 0.0146 0.2747 1.32332988186 0.672314588377 0.368158285278
91 171244.0 1117.0 113141.0 4449.0 0.002 0.1456 1.53036843084 0.778831860441 -0.286095412521
92 33054.0 697.0 7289.0 1048.0 0.0205 0.1822 1.2519336791 0.736810205118 0.559244539779
93 42472.0 990.0 6429.0 1000.0 0.0284 0.1851 1.28138021155 0.739358336127 0.694345184304
94 31611.0 498.0 16077.0 1368.0 0.0076 0.1728 1.35208812884 0.738913559134 0.624762188343
95 54427.0 612.0 9323.0 2110.0 0.0181 0.1615 1.11631268417 0.753070901105 0.273192657405
96 58598.0 1656.0 2734.0 877.0 0.047 0.1922 1.02434499444 0.739565008405 0.696989922609
