0 13529.0 259.0 2545.0 935.0 0.0574 0.1828 0.955685712512 0.715972338304 0.996652337106 -873.39419775 0.580750859835
1 19027.0 558.0 2714.0 679.0 0.0312 0.1964 1.06211205455 0.721885918988 0.994369944603 -1908.2201768 0.79669492146
2 113179.0 2725.0 5496.0 1156.0 0.0356 0.1849 1.17919286859 0.749931097504 0.995578433868 -9365.05538437 0.726854722983
3 36580.0 925.0 2864.0 897.0 0.039 0.1885 1.00787066162 0.735881640532 0.995305628431 -3003.60132793 0.559342500019
4 59702.0 4128.0 3747.0 342.0 0.0221 0.2408 1.40197303373 0.712022015375 0.983411686926 -11732.7314361 0.779850907266
5 44003.0 3084.0 998.0 321.0 0.1033 0.242 1.03459714168 0.709302479951 0.983118339398 -9295.39372301 0.910133690743
6 7345.0 1481.0 191.0 71.0 0.0992 0.3529 0.948339394341 0.651314262417 0.929261069777 -2999.3777852 0.731699708236
7 24328.0 714.0 4731.0 714.0 0.0301 0.1957 1.33321830555 0.72646726882 0.99436471197 -2508.68942935 0.862393787141
8 26376.0 768.0 2590.0 731.0 0.0452 0.1951 1.0485383819 0.727854733497 0.994419356699 -2548.52535773 0.731210402559
9 19350.0 846.0 1168.0 458.0 0.0722 0.2148 1.05550366637 0.714622591446 0.990750665216 -2862.79991369 0.92562477862
10 21857.0 1454.0 715.0 303.0 0.0937 0.2394 0.922664029229 0.70545210131 0.984219321853 -4253.70621963 0.833260592056
11 14708.0 1491.0 1199.0 178.0 0.0487 0.2727 1.24978271704 0.686339084206 0.972588075776 -3775.09715034 0.734220617638
12 100002.0 2578.0 5504.0 1056.0 0.0336 0.1877 1.22122558472 0.747066480584 0.995193608593 -8884.08259758 0.760973309593
13 112804.0 2870.0 4904.0 1092.0 0.0329 0.1871 1.18607619691 0.748364391233 0.995270368929 -9677.36612476 0.706037177736
14 37067.0 327.0 12409.0 2404.0 0.0222 0.1572 1.1732732581 0.744098336938 0.998669618894 -1221.56669307 0.521468820186
15 17172.0 518.0 2301.0 646.0 0.0388 0.1979 1.0310417641 0.719355502101 0.99417103299 -1648.82047689 0.631221354881
16 106761.0 1137.0 18816.0 2553.0 0.0177 0.1584 1.3052154488 0.765638602826 0.998338753646 -4303.12654618 0.611184315367
17 26178.0 784.0 3534.0 710.0 0.0363 0.1963 1.157925996 0.727216939863 0.994222547237 -2639.788765 0.761221674438
18 44514.0 1232.0 6532.0 852.0 0.0151 0.1918 1.23609470751 0.736841975257 0.994756688779 -3652.34218157 0.225229288749
19 21736.0 932.0 1095.0 478.0 0.0845 0.2135 0.986615319388 0.717300921664 0.990974012547 -3137.00546533 0.913358993567
20 73291.0 2970.0 15967.0 628.0 0.0062 0.2087 1.67016724784 0.731762131613 0.991590831457 -9203.19164502 0.700171019397
21 23385.0 167.0 17035.0 2547.0 0.0112 0.1561 1.13410593896 0.72606404089 0.998961602522 -643.57367504 0.402312772719
22 18699.0 481.0 3492.0 767.0 0.0294 0.1913 1.07100398517 0.723065277051 0.99520642878 -1499.99895905 0.434963431206
23 22765.0 663.0 2333.0 709.0 0.0444 0.1956 1.05351183258 0.725124723361 0.994417886654 -2375.92429987 0.868769400252
24 5311.0 273.0 2382.0 295.0 0.0171 0.2288 1.20886570803 0.685089452413 0.988653424114 -774.526077642 0.571663532867
25 34498.0 1712.0 2299.0 447.0 0.0403 0.2205 1.20187708377 0.719012208455 0.989148140825 -5247.53589383 0.785475406045
26 29125.0 1315.0 1564.0 479.0 0.0813 0.2156 1.0958285056 0.719773849074 0.990368758752 -4558.07187146 0.960163575188
27 20740.0 1684.0 699.0 242.0 0.1003 0.2536 1.03777740529 0.698556446784 0.97955354456 -4917.39397439 0.916118350983
28 48530.0 3281.0 1684.0 340.0 0.0784 0.2394 1.23125695243 0.711738054446 0.983886450641 -9901.71894532 0.899217199841
29 55395.0 3675.0 803.0 354.0 0.1152 0.238 0.942460623441 0.713261058569 0.984274873778 -11238.5258698 0.91117532287
30 54991.0 1352.0 5436.0 997.0 0.0215 0.1866 1.17872024435 0.742046413457 0.995464137565 -4280.26409749 0.396543838313
31 21603.0 415.0 3624.0 1043.0 0.0399 0.1805 1.04684924595 0.728814735845 0.996638345691 -1412.64299731 0.60686821974
32 35314.0 755.0 5454.0 1049.0 0.0364 0.1824 1.25440536269 0.737916627319 0.996173441558 -2645.43021531 0.736822834074
33 26067.0 2492.0 827.0 209.0 0.0763 0.2666 1.07853089709 0.694017332088 0.974644341847 -6891.85302854 0.888857713995
34 76351.0 3729.0 6732.0 519.0 0.0243 0.2187 1.60502527179 0.726007771146 0.989365113461 -12134.4858424 0.901232169339
35 71186.0 1596.0 10005.0 1146.0 0.023 0.1827 1.43978237248 0.747056804796 0.995946088022 -5792.77962316 0.836563417174
36 4285.0 553.0 455.0 109.0 0.058 0.2991 1.0217146519 0.662908840385 0.962048201673 -1238.81629131 0.576905886267
37 27893.0 1293.0 1908.0 462.0 0.0664 0.2171 1.14828987711 0.718395161299 0.990043666111 -4302.38332151 0.916971822091
38 132061.0 4352.0 11443.0 857.0 0.0197 0.1981 1.61008208766 0.742034491157 0.993498384885 -15537.29061 0.920581242599
39 8196.0 282.0 965.0 481.0 0.0751 0.207 0.856506506664 0.700075494549 0.993141463739 -895.069819413 0.700419068042
40 39847.0 1076.0 1966.0 855.0 0.0589 0.191 0.946021380848 0.735897186341 0.994912740201 -3697.02356591 0.778390428798
41 37547.0 594.0 4707.0 1415.0 0.0405 0.1723 1.0341866456 0.742648151594 0.997338821817 -2117.59967904 0.650148154278
42 42241.0 1545.0 2366.0 636.0 0.0465 0.2043 1.0787368535 0.729390629636 0.99260032565 -4960.30653252 0.736920786582
43 30291.0 596.0 12171.0 1100.0 0.0078 0.18 1.29304542262 0.736127576863 0.996539644713 -1950.02223264 0.363678438714
44 37168.0 638.0 9117.0 1308.0 0.0141 0.1749 1.23290225034 0.741592976722 0.997064835149 -2193.88946184 0.526102494981
45 28580.0 1143.0 2103.0 541.0 0.0464 0.2093 1.1264005299 0.722701454593 0.991728275023 -3757.31016583 0.846544777677
46 25.0 23.0 2.0 2.0 0.937 0.937 0.594587403133 0.594587403133 0.151689432561 -7.02405236935 1.0
47 5313.0 411.0 1686.0 196.0 0.0197 0.254 1.22897232711 0.679448919866 0.980807412676 -1087.49992207 0.640157453548
48 11785.0 528.0 1728.0 404.0 0.0457 0.2176 1.06956033575 0.705716590994 0.99046196321 -1530.63945873 0.564635600566
49 32038.0 649.0 10842.0 1082.0 0.0124 0.1808 1.37706607485 0.736749129588 0.99641555571 -2182.22249911 0.542486615523
50 18002.0 504.0 2239.0 701.0 0.0466 0.1948 1.00532752484 0.72113756448 0.994682134521 -1611.8817931 0.602346675278
51 20515.0 615.0 5448.0 675.0 0.0175 0.197 1.26609084379 0.722945179356 0.994215594127 -1836.48239797 0.320683010699
52 33172.0 2540.0 749.0 279.0 0.0924 0.2486 0.986291027225 0.70433976974 0.981061568265 -7481.10448793 0.902230994057
53 2166.0 452.0 176.0 55.0 0.1367 0.3622 1.04832769486 0.63489861808 0.92568831663 -1097.91488649 0.473954938924
54 18334.0 975.0 1675.0 371.0 0.053 0.2256 1.15118676217 0.709414438476 0.988152892108 -3215.19545095 0.929530458711
55 63978.0 2470.0 2727.0 646.0 0.0608 0.2063 1.14374322342 0.732144144149 0.99208478974 -8196.74247448 0.853627778696
56 8368.0 256.0 4525.0 540.0 0.013 0.2019 1.21186963161 0.701471388517 0.994069065574 -796.553489269 0.509476206724
57 11713.0 37.0 5936.0 3631.0 0.0929 0.1599 0.777620659908 0.653396076225 0.999600066453 -187.172183613 0.919049481383
58 12780.0 30.0 6336.0 4541.0 0.1169 0.1602 0.726225471287 0.638865444084 0.999721189414 -167.728473622 0.977051894361
59 14793.0 541.0 1278.0 518.0 0.0555 0.207 0.93569078288 0.713434449533 0.992601453057 -1684.35248876 0.677022536003
60 1644.0 389.0 136.0 45.0 0.1402 0.3816 1.05157600963 0.628056509726 0.910844444623 -903.80431078 0.323140983789
61 48189.0 3564.0 763.0 307.0 0.122 0.2458 0.958292654887 0.708000398402 0.981898127876 -10674.9792957 0.91887966715
62 57444.0 3802.0 984.0 357.0 0.1061 0.2378 1.01123586553 0.713425001893 0.984322411413 -11584.0154656 0.908014342702
63 2840.0 555.0 277.0 62.0 0.0726 0.3514 1.09917095422 0.640287982629 0.932353616822 -1335.67076745 0.310902835175
64 46449.0 449.0 6098.0 2339.0 0.0351 0.1583 0.979969032392 0.750236595908 0.998518379726 -1700.17361937 0.580832753584
65 59907.0 2798.0 6712.0 523.0 0.0213 0.2164 1.57637908215 0.72561291818 0.989948759993 -9198.82351087 0.896596280376
66 11236.0 569.0 1470.0 354.0 0.0345 0.2244 1.0482592849 0.702715264174 0.988866283091 -1535.87219395 0.399802696511
67 22401.0 1172.0 2368.0 392.0 0.0341 0.2243 1.1898182961 0.71276346609 0.988396041449 -3450.54162469 0.69080180981
68 80032.0 1473.0 27502.0 1423.0 0.0051 0.1755 1.52562925314 0.752509339028 0.996807654422 -4689.25487134 0.205177310051
69 47678.0 880.0 8366.0 1285.0 0.0229 0.1766 1.24918485255 0.74522171861 0.996796770338 -3056.43492 0.608106637916
70 29791.0 746.0 6847.0 869.0 0.0174 0.1888 1.30931022723 0.732452329783 0.995361353018 -2645.23451773 0.827987977616
71 64580.0 1199.0 8476.0 1356.0 0.0237 0.1761 1.27146406442 0.749698430775 0.996773946646 -4449.11540815 0.809755779359
72 6543.0 1158.0 291.0 82.0 0.0934 0.3343 1.03905289854 0.656985341659 0.941219905358 -2556.57502058 0.82541074625
73 11588.0 40.0 5645.0 3414.0 0.0926 0.1598 0.790322557281 0.658408162258 0.99955551538 -192.81470949 0.857279318492
74 34475.0 535.0 3209.0 1414.0 0.0615 0.1721 0.942209648163 0.740913588889 0.997399540336 -1976.69856172 0.734437125652
75 45595.0 444.0 5829.0 2313.0 0.0466 0.1586 0.959938319795 0.749704300071 0.998505465868 -1704.83485051 0.628865141669
76 10583.0 468.0 1252.0 400.0 0.0388 0.2175 0.958657832418 0.703810171693 0.990617249894 -1283.07896873 0.329343737009
77 42.0 34.0 4.0 3.0 0.7412 0.8674 0.626725936877 0.512465074952 0.335497565567 -19.6078675399 0.645208196456
78 40769.0 842.0 4895.0 1117.0 0.0346 0.1809 1.1387518331 0.740913756821 0.996330569611 -2850.73281552 0.621424575699
79 22225.0 1104.0 4582.0 413.0 0.0151 0.2213 1.37712285214 0.714009603378 0.989134915313 -3398.44201916 0.772974079212
80 90231.0 1358.0 13455.0 1772.0 0.0217 0.1687 1.36018373601 0.75781813395 0.997493205643 -4869.53537779 0.637539497937
81 104325.0 2828.0 24648.0 1010.0 0.0042 0.1897 1.54153938353 0.746070825883 0.994888636506 -8860.33063094 0.309043330783
82 27016.0 1031.0 1763.0 561.0 0.0721 0.2072 1.06264508063 0.722810072964 0.992198304965 -3526.42762981 0.899482040795
83 30359.0 2657.0 667.0 237.0 0.0792 0.2591 1.05611844219 0.698440694167 0.977437595945 -7572.82487284 0.90523274853
84 75380.0 908.0 11972.0 2119.0 0.0172 0.1625 1.16117121437 0.758533050249 0.998077708899 -3121.93981803 0.28753568494
85 48109.0 3049.0 6253.0 364.0 0.0149 0.235 1.61059671105 0.713848163487 0.985174157015 -9192.24315051 0.861351898274
86 1357.0 235.0 204.0 61.0 0.0862 0.3386 0.964700394299 0.628035156783 0.942991672096 -580.41693049 0.358274949598
87 6393.0 221.0 2511.0 450.0 0.0244 0.2088 1.10614328434 0.692500925566 0.993101358251 -633.34118209 0.301267218337
88 42488.0 2995.0 1457.0 318.0 0.0729 0.2424 1.15809692585 0.709105140035 0.982992068872 -9063.92311821 0.912834095002
89 27.0 24.0 2.0 2.0 0.9205 0.9205 0.514253719196 0.514253719196 0.206353239715 -9.53394942587 1.0
90 35317.0 1980.0 2827.0 395.0 0.0359 0.2277 1.29283613243 0.715423486065 0.987328771386 -5938.98344698 0.799286920924
91 6213.0 1281.0 204.0 67.0 0.1066 0.3572 0.964681278329 0.648049558927 0.926963357849 -2601.85821146 0.759710928414
92 48307.0 753.0 12179.0 1514.0 0.0168 0.1711 1.34087358194 0.747601796152 0.997385612355 -2755.94860419 0.70820301774
93 86033.0 1640.0 4463.0 1393.0 0.061 0.1765 1.10510086642 0.752769189624 0.996669559857 -6443.04405034 0.922567417573
94 25351.0 720.0 1943.0 743.0 0.0549 0.1942 1.01711598685 0.727561712205 0.994587625156 -2480.31561655 0.800678524695
95 44462.0 1378.0 2792.0 760.0 0.0372 0.1966 1.06625313665 0.734253712995 0.993973266044 -4443.33297582 0.661329730761
96 31043.0 1543.0 8774.0 438.0 0.0066 0.2208 1.50358451421 0.717707756207 0.989126214332 -4377.25654409 0.50313486396
97 51859.0 1184.0 6629.0 1061.0 0.0236 0.1839 1.22461435768 0.742733109408 0.995855517888 -3898.23704319 0.570159995073
98 56968.0 2346.0 12177.0 593.0 0.008 0.2098 1.61081646996 0.729160725514 0.991419667604 -7187.58175791 0.662906945321
99 90034.0 1523.0 7807.0 1580.0 0.0512 0.1724 1.34099141314 0.75559651612 0.997116046961 -5733.59906886 0.793978491759
100 22974.0 338.0 4667.0 1352.0 0.0356 0.1722 1.04412129775 0.731132746545 0.997560404148 -1186.32992525 0.565226141648
101 1807.0 494.0 90.0 38.0 0.2265 0.4097 1.03035123894 0.620288957443 0.889655802122 -1091.80974265 0.212705228006
102 28767.0 461.0 3264.0 1318.0 0.0524 0.1736 0.941934320333 0.736707424608 0.997297383353 -1621.44117256 0.623471917061
103 37435.0 2865.0 1637.0 284.0 0.0534 0.2486 1.20841042998 0.70491230114 0.981073797538 -8116.69774833 0.836013826311
104 2717.0 561.0 115.0 58.0 0.2029 0.3583 0.979613583893 0.639308285191 0.926812203922 -1390.48669711 0.585144730229
105 17961.0 981.0 5392.0 360.0 0.0107 0.2273 1.48094349515 0.70878869308 0.987743650251 -3023.2056078 0.837173866821
106 46437.0 462.0 20150.0 2278.0 0.0101 0.159 1.28454301932 0.750113423921 0.998467166425 -1637.18581189 0.334807046396
107 45070.0 1610.0 4768.0 659.0 0.0227 0.2031 1.29916092449 0.730788226916 0.992814467996 -5402.51351318 0.822844573617
108 22952.0 913.0 1419.0 521.0 0.0593 0.2097 1.02264039275 0.719552459636 0.991783664293 -3137.90393132 0.907548800171
109 39184.0 3332.0 599.0 255.0 0.1269 0.2566 0.954693568186 0.701478482395 0.978276382548 -9657.73295022 0.921350137441
110 75890.0 2058.0 5237.0 957.0 0.0374 0.1901 1.25240669117 0.743253475699 0.994886179766 -7173.52674859 0.808856523132
111 75667.0 4126.0 2474.0 460.0 0.0816 0.2252 1.30022177895 0.722133921988 0.987769349295 -13534.9810413 0.944370705688
112 41757.0 2715.0 929.0 346.0 0.0807 0.2369 1.0147516136 0.712045028076 0.984677888548 -8404.4729352 0.916041664895
113 6505.0 514.0 405.0 200.0 0.0825 0.2545 0.843982235134 0.68293158036 0.980268414819 -1354.03994446 0.668012680966
114 47109.0 1412.0 2466.0 794.0 0.0814 0.195 1.06559504302 0.735589310539 0.994216792295 -5275.93751639 0.954735054995
115 4461.0 189.0 869.0 340.0 0.0689 0.2202 0.891928453322 0.681014050986 0.991108777426 -585.476728813 0.730651387796
116 26432.0 2099.0 1784.0 258.0 0.0285 0.2517 1.19880157519 0.701251601196 0.980139361765 -5394.65903891 0.572527657168
117 5773.0 1184.0 241.0 67.0 0.0904 0.3557 0.991777630496 0.649530556185 0.927515739415 -2382.16077058 0.724757634835
118 17662.0 490.0 2411.0 704.0 0.0446 0.1944 1.0301919636 0.720876089202 0.994741231847 -1616.78399846 0.68920712698
119 87257.0 1263.0 14289.0 1829.0 0.0203 0.1675 1.3658767287 0.758077707544 0.997607475301 -4559.98150392 0.633487276978
120 16961.0 708.0 3335.0 468.0 0.0212 0.2127 1.2289228319 0.714000716556 0.991272751419 -2132.11417746 0.634947896143
121 25826.0 582.0 3325.0 934.0 0.0455 0.1853 1.04056773419 0.731332564512 0.995920725663 -1938.23669111 0.592972175992
122 21225.0 633.0 2668.0 683.0 0.0359 0.1968 1.03699716156 0.723673370867 0.9942523522 -2012.00395185 0.606300210904
123 24168.0 625.0 3496.0 806.0 0.0351 0.1906 1.10420303131 0.728021595102 0.995175092671 -2023.83621604 0.576891318377
124 48103.0 2937.0 2495.0 379.0 0.0517 0.2327 1.30126260128 0.715054880479 0.985867691943 -8958.37202224 0.870889502106
125 40841.0 428.0 5660.0 2109.0 0.0402 0.1608 1.01553683217 0.746745153855 0.998370122905 -1648.01146695 0.668778144841
126 19961.0 464.0 2927.0 857.0 0.0329 0.1873 1.00720894769 0.725459092335 0.995763829808 -1503.02348591 0.51825837302
127 78731.0 4515.0 4792.0 438.0 0.0413 0.2282 1.63311395043 0.720361377373 0.986957276624 -14824.3428314 0.957844564733
128 66216.0 1868.0 6294.0 898.0 0.0245 0.1919 1.30046328558 0.741005343778 0.994632212735 -6720.38461504 0.889018608534
129 66539.0 572.0 12115.0 2824.0 0.0265 0.1543 1.1169360932 0.75900361204 0.998709497936 -2124.98377125 0.463572317873
130 27180.0 1999.0 2337.0 282.0 0.0179 0.246 1.30167675172 0.704195325926 0.982029109993 -5327.98776594 0.628886826673
131 57922.0 3734.0 880.0 368.0 0.107 0.236 0.978169274849 0.714456737745 0.984845531411 -11423.8761141 0.90429593878
132 19851.0 790.0 1185.0 506.0 0.0764 0.21 0.928527059298 0.717226877439 0.991779065386 -2507.49031251 0.768833676044
133 39404.0 562.0 4268.0 1576.0 0.074 0.1691 1.06367972022 0.744495763761 0.997649279592 -2123.85321387 0.758718799072
134 58265.0 2983.0 2993.0 472.0 0.039 0.2217 1.33048026742 0.722355157689 0.988710973287 -9637.17361594 0.904512490001
135 28053.0 545.0 8519.0 1094.0 0.0158 0.1799 1.26496216728 0.734442409889 0.996592360073 -1772.00652142 0.393482756047
136 83482.0 3584.0 8755.0 603.0 0.0153 0.2116 1.55832654896 0.730612634069 0.990959950294 -11844.8098583 0.879129975875
137 32523.0 1124.0 2639.0 642.0 0.0512 0.2021 1.11178769635 0.727639582152 0.993103568491 -3706.1298266 0.795893692149
138 8753.0 520.0 940.0 286.0 0.0556 0.2346 1.02511806903 0.69480745922 0.986354779261 -1480.35813109 0.704144994122
139 47405.0 3281.0 1372.0 330.0 0.0862 0.241 1.11753040492 0.710689504746 0.983390360347 -9774.26613452 0.885830635481
140 23177.0 2037.0 1125.0 226.0 0.0642 0.2598 1.15085690892 0.696166508381 0.977312038016 -5631.12432736 0.848865302509
141 30202.0 829.0 5192.0 796.0 0.0314 0.1924 1.33362301869 0.731089125194 0.994809677664 -2993.8481372 0.886767813867
142 11533.0 289.0 1510.0 702.0 0.0652 0.1927 0.905391957054 0.710977294493 0.995357423086 -954.486502813 0.64723879009
143 42649.0 764.0 4894.0 1292.0 0.0281 0.1759 1.01790311861 0.743672875567 0.996910132107 -2524.02875903 0.370719176616
144 46419.0 745.0 8107.0 1461.0 0.0205 0.1721 1.13935513953 0.746629307081 0.997292497136 -2425.19983221 0.243082923282
145 13313.0 63.0 4233.0 2911.0 0.1078 0.1576 0.779959848648 0.685032127232 0.999356582175 -316.54754782 0.961083928892
146 141450.0 5098.0 2684.0 788.0 0.0777 0.2023 1.12521240292 0.739660992289 0.992734668865 -18275.7963484 0.94734941601
147 41108.0 1040.0 2676.0 917.0 0.0532 0.1883 0.991237019738 0.737502372957 0.995302875289 -3554.66455472 0.730315850816
148 38656.0 483.0 4123.0 1774.0 0.0538 0.1655 0.923108471996 0.744856412282 0.997992222361 -1856.05045249 0.750884774561
149 44362.0 1154.0 1951.0 905.0 0.0668 0.1893 0.90101860924 0.738084473802 0.995140235329 -3945.3054922 0.744485351837
150 430.0 47.0 47.0 71.0 0.3639 0.3104 0.441234230351 0.584045540917 0.969683475792 -137.817698077 0.969573227094
151 49383.0 1296.0 4851.0 916.0 0.0419 0.1895 1.24298155342 0.739234305183 0.995087443931 -4656.94866411 0.857818746948
152 31395.0 662.0 2449.0 1037.0 0.069 0.1823 0.968555664958 0.735913266252 0.996237057724 -2497.08948531 0.883296462354
153 237543.0 2736.0 18861.0 2739.0 0.0155 0.1594 1.26887071253 0.773581037 0.998177238689 -9322.16512062 0.2406127648
154 24491.0 671.0 1214.0 765.0 0.1129 0.1928 0.817944786622 0.727794515301 0.994821447257 -2336.38412749 0.814917981928
155 4019.0 759.0 286.0 69.0 0.1009 0.345 1.1777908968 0.646552875652 0.935566508208 -1914.38055282 0.557894200241
156 11108.0 286.0 1725.0 679.0 0.0565 0.1939 0.901576737516 0.709883181635 0.995200971248 -935.053724972 0.624407246601
157 103341.0 3234.0 12692.0 870.0 0.014 0.196 1.56783283599 0.741968228337 0.993900768862 -11266.7022648 0.856893851326
158 41489.0 3004.0 3107.0 307.0 0.0377 0.2444 1.519615008 0.707913630254 0.9823906937 -9143.65756064 0.932345065264
159 18075.0 1123.0 772.0 315.0 0.1169 0.2352 0.950801508318 0.705274906173 0.985547964938 -3583.32846961 0.947494833923
160 13412.0 524.0 724.0 476.0 0.1084 0.2104 0.80042611407 0.710612738245 0.991966251865 -1764.94641125 0.881957660084
161 15082.0 246.0 4465.0 1110.0 0.028 0.1774 1.05182096381 0.718820075869 0.997239502475 -810.991339551 0.383951561872
162 7390.0 194.0 902.0 601.0 0.1223 0.1974 0.768066438456 0.696855939234 0.995085655911 -664.689911999 0.7532055293
163 106414.0 2895.0 5926.0 1010.0 0.0375 0.1899 1.24330049189 0.7461479429 0.994866084949 -9959.31258772 0.784376552249
164 40534.0 672.0 4469.0 1377.0 0.0391 0.1736 1.03470622421 0.743726351935 0.997184987567 -2411.31320987 0.6842139675
165 21793.0 475.0 3673.0 928.0 0.0303 0.1847 1.04299735387 0.72784818741 0.996082793604 -1516.06463911 0.414930337701
166 18440.0 1162.0 2735.0 311.0 0.0276 0.2361 1.37877698398 0.705250053693 0.985282875178 -3495.97186912 0.865341189075
167 11617.0 239.0 2471.0 843.0 0.0379 0.186 0.954409761837 0.711354821708 0.996347704766 -733.955866927 0.210476081302
168 35051.0 1100.0 4684.0 718.0 0.0306 0.1976 1.29401751065 0.730824756183 0.993879495069 -3792.82863 0.846585623044
169 43357.0 934.0 4311.0 1085.0 0.0424 0.1822 1.15421998225 0.741118893014 0.996138126743 -3352.22974404 0.796063381211
170 4809.0 541.0 566.0 129.0 0.0842 0.285 1.16015056837 0.667935373138 0.968486755616 -1394.06872741 0.851644989397
171 256344.0 5142.0 4954.0 1588.0 0.0585 0.1773 1.0702893628 0.760472338525 0.996457961294 -20430.9183815 0.931243698713
172 8354.0 1340.0 485.0 96.0 0.0487 0.3214 1.16699180671 0.66339138358 0.948789487162 -2910.6496644 0.692462728702
173 42042.0 2723.0 1819.0 348.0 0.0609 0.2366 1.21188523646 0.712140706656 0.98475387625 -8426.61850319 0.917076421408
174 65652.0 3107.0 8972.0 524.0 0.0103 0.217 1.54646986873 0.726078391693 0.989780220361 -9893.77236486 0.840352931386
175 16400.0 796.0 1060.0 399.0 0.0756 0.2209 0.973071674836 0.709995157661 0.989448662502 -2550.81887263 0.864847927332
176 74359.0 3534.0 6495.0 532.0 0.0286 0.2172 1.63911468907 0.726679170412 0.989725415668 -11956.3110796 0.945651470544
177 2037.0 359.0 276.0 66.0 0.0872 0.3387 1.07566812425 0.639224938272 0.941567508238 -891.973916529 0.442449625023
178 15878.0 681.0 2758.0 449.0 0.031 0.2144 1.24166417143 0.711933212897 0.9909710157 -2362.56449238 0.923145353319
179 20185.0 414.0 5512.0 966.0 0.0232 0.183 1.17714075458 0.726688822278 0.996361240771 -1414.89922961 0.625541373157
180 89604.0 562.0 12460.0 4019.0 0.0324 0.1464 1.06265212162 0.766723386052 0.999107537673 -2396.14376331 0.75752068685
181 14255.0 313.0 7758.0 836.0 0.0103 0.1869 1.24560484315 0.7173728981 0.996047578413 -980.856791473 0.243292851145
182 41713.0 3625.0 1055.0 251.0 0.1032 0.2582 1.15351987408 0.700929743887 0.977646426122 -10467.4858412 0.925116114222
183 92171.0 1121.0 7706.0 2185.0 0.0408 0.1623 1.10509378049 0.76152094103 0.998055597766 -4348.30105442 0.765916734958
184 22307.0 746.0 2353.0 617.0 0.0552 0.2015 1.10533264784 0.722758923775 0.993378975682 -2479.19908941 0.801611709179
185 17538.0 441.0 4237.0 772.0 0.0242 0.1907 1.14612059126 0.721733902038 0.995337741973 -1378.37506071 0.426177858646
186 31930.0 516.0 7273.0 1339.0 0.0231 0.1736 1.16617907141 0.738973309358 0.997270041115 -1783.56449705 0.561728428455
187 61747.0 3915.0 3267.0 378.0 0.0445 0.2349 1.44828453974 0.715387341607 0.985166051653 -12319.2061196 0.934182009928
188 10264.0 248.0 1711.0 706.0 0.0578 0.192 0.922199044057 0.707724037975 0.995559337705 -857.226052061 0.753770980438
189 133609.0 1220.0 19701.0 3087.0 0.0151 0.154 1.2248019007 0.770992025994 0.99861458118 -4520.70117699 0.475162731573
190 40104.0 421.0 6171.0 2097.0 0.0394 0.1609 1.03196951402 0.746332873243 0.998366802072 -1591.204491 0.625318973179
191 133265.0 715.0 26330.0 5055.0 0.0217 0.1421 1.20020314661 0.775830659517 0.999255699587 -2774.92691953 0.445042482031
192 40762.0 382.0 6986.0 2332.0 0.0385 0.1582 0.990449129333 0.746949511795 0.998571530577 -1455.72850368 0.588171923026
193 22887.0 558.0 1722.0 844.0 0.0692 0.1885 0.871980331623 0.728061446199 0.995510295282 -1915.18431573 0.73265069466
194 32986.0 2828.0 1863.0 246.0 0.0445 0.2573 1.37923111261 0.700165207867 0.978041494588 -7991.33665894 0.889049992656
195 45012.0 992.0 2812.0 1069.0 0.044 0.183 0.959257185894 0.741315043622 0.996029784526 -3320.1420677 0.594045451874
196 12235.0 56.0 2263.0 2885.0 0.1551 0.1589 0.57859228759 0.678032506175 0.999381140484 -272.612599653 0.914090023107
197 5119.0 252.0 322.0 305.0 0.1969 0.2268 0.717672102457 0.68439634705 0.989258082179 -887.613521492 0.977273477911
198 96320.0 766.0 14748.0 3288.0 0.0282 0.1514 1.18969189992 0.767062642182 0.998822187669 -3129.91609288 0.728685096343
199 19865.0 550.0 4548.0 724.0 0.0247 0.194 1.21942883419 0.723524891878 0.994754327123 -1800.24009116 0.635923765968
200 28141.0 2603.0 864.0 220.0 0.0712 0.2638 1.05888042146 0.695848331765 0.975728143279 -7144.28795199 0.857715279609
201 53635.0 568.0 8639.0 2223.0 0.031 0.16 1.06578824616 0.753198036628 0.998349795794 -2147.90703068 0.61071252378
202 28564.0 1441.0 1549.0 425.0 0.0738 0.2217 1.13165160263 0.71635224485 0.98891994405 -4813.51643977 0.945665616536
203 73293.0 1603.0 14282.0 1181.0 0.0118 0.1817 1.44353526428 0.747950423606 0.996066395193 -5148.80720955 0.436269307106
204 17960.0 306.0 4511.0 1115.0 0.0224 0.1776 1.03634916237 0.724250688324 0.997091021317 -1005.50195275 0.329297203281
205 2556.0 169.0 256.0 193.0 0.1428 0.2483 0.674056355853 0.661384527493 0.984342971036 -474.851593211 0.72920797796
206 41117.0 3341.0 873.0 270.0 0.098 0.2529 1.01135053178 0.703464503988 0.979533714318 -9566.41245676 0.885904048386
207 241610.0 1323.0 29355.0 5607.0 0.0229 0.1413 1.19364649507 0.78589220156 0.99923788306 -5067.17258974 0.348326504103
208 42858.0 505.0 17453.0 1917.0 0.0113 0.1636 1.34054937041 0.747693941948 0.99812734379 -2019.25189644 0.776281585182
209 20829.0 1136.0 950.0 370.0 0.0722 0.227 0.959152508204 0.710437197326 0.987766213887 -3450.64604831 0.808175658457
210 81.0 60.0 7.0 5.0 0.647 0.7729 0.698812155936 0.585021353075 0.436128892004 -44.4002693622 0.823387124638
211 1590.0 276.0 182.0 64.0 0.0899 0.3364 0.953759617841 0.635349069694 0.942802397754 -676.307585703 0.343310346039
212 56526.0 2875.0 7447.0 473.0 0.0128 0.2213 1.53684153828 0.722401462473 0.988804715373 -9071.71333787 0.855243827006
213 11120.0 51.0 4321.0 2774.0 0.1015 0.1607 0.788524962946 0.671675348797 0.999380044154 -248.012666602 0.923433940011
214 26051.0 829.0 2259.0 668.0 0.0476 0.1989 1.08980379918 0.726008490173 0.993773497955 -2814.2972792 0.82251267115
215 36118.0 2465.0 2772.0 321.0 0.0316 0.2404 1.36822638897 0.70914831779 0.983688801666 -7234.07827267 0.843879442692
216 131201.0 869.0 18925.0 4154.0 0.0172 0.1465 1.14372861975 0.774165778508 0.999048988906 -3315.30334178 0.396074701674
217 70284.0 1024.0 11493.0 1743.0 0.0202 0.1682 1.25568259778 0.754877666115 0.997588698891 -3722.10314598 0.637696758324
218 55609.0 1063.0 7535.0 1280.0 0.0298 0.1774 1.24572600584 0.746959272337 0.996658350564 -3669.69228723 0.631138014922
219 43476.0 3159.0 770.0 308.0 0.118 0.2446 0.991027512987 0.708117977471 0.982309807831 -9504.8587394 0.918360696993
220 18691.0 407.0 7139.0 898.0 0.0133 0.1853 1.21430814587 0.724544541096 0.996087345626 -1307.75679949 0.422582675404
221 38214.0 3004.0 621.0 277.0 0.1101 0.2504 0.950798539839 0.704483452223 0.980400810566 -8729.76570791 0.896965587342
222 30953.0 1293.0 8530.0 525.0 0.0092 0.2114 1.51266641676 0.722694130432 0.991264847173 -3966.91801188 0.682329224199
223 39700.0 879.0 6805.0 1038.0 0.0257 0.1833 1.28173437916 0.739380369065 0.996007342383 -3040.92042024 0.699520586248
224 16697.0 335.0 2682.0 943.0 0.0457 0.1831 0.951073929704 0.721814819307 0.996457002308 -1073.40342996 0.396819353961
225 100623.0 1074.0 27412.0 2518.0 0.0107 0.1586 1.44025847049 0.76472380071 0.998334419243 -3914.19907509 0.493745125723
226 56051.0 3051.0 2851.0 440.0 0.0362 0.2253 1.3323371615 0.720362191997 0.987796701338 -9376.69668774 0.838730867207
227 10596.0 84.0 2573.0 1825.0 0.1198 0.1661 0.769177610522 0.691238028383 0.998826559973 -361.018146818 0.844171070914
228 35068.0 2387.0 1641.0 320.0 0.0557 0.2403 1.21835440334 0.708700457245 0.983744624695 -6932.99346773 0.829945574241
229 22516.0 2656.0 411.0 161.0 0.1446 0.2862 0.979550415062 0.684477983144 0.966406136971 -7099.85725136 0.933150196981
230 46488.0 926.0 9128.0 1187.0 0.0199 0.1792 1.32436852978 0.743631209269 0.996487819422 -3192.23154762 0.638201975821
231 1804.0 52.0 456.0 359.0 0.1606 0.2184 0.717082575153 0.632374807737 0.994488554773 -203.428953049 0.970455661566
232 63249.0 3824.0 4751.0 400.0 0.0343 0.2318 1.63389029939 0.717284658004 0.98604466488 -11817.0509929 0.898317189792
233 38756.0 357.0 8009.0 2339.0 0.0317 0.158 1.0261306369 0.745483863479 0.998600213289 -1358.2459787 0.58321921948
234 43152.0 775.0 8580.0 1292.0 0.0201 0.1759 1.2707341575 0.74379094601 0.996900548459 -2733.63592567 0.664897414962
235 10382.0 39.0 5958.0 3080.0 0.0719 0.1621 0.807165172949 0.654978172727 0.99951036861 -191.371530521 0.900144063218
236 50601.0 3618.0 717.0 321.0 0.1183 0.2433 0.922215863151 0.709667084293 0.982675485126 -10888.2095618 0.913727622605
237 50741.0 1293.0 3308.0 948.0 0.042 0.1882 1.09159948929 0.740217340836 0.995261270412 -4559.6876427 0.809450457616
238 97325.0 1079.0 7575.0 2413.0 0.0312 0.1596 1.03495596719 0.763683830839 0.998257850289 -4184.93732136 0.63102873024
239 2435.0 109.0 587.0 273.0 0.0973 0.2294 0.846129241213 0.657261939815 0.990472379222 -343.016218335 0.802192729447
240 7898.0 227.0 4653.0 563.0 0.0115 0.2 1.15369454181 0.699365223981 0.994507836616 -657.160119983 -0.104427396914
241 6582515.0 1184.0 1521991.0 234659.0 0.0096 0.0928 1.34080663182 0.854357649559 0.999983684751 -6193.43441603 0.238349084343
242 114682.0 655.0 22391.0 4622.0 0.0217 0.1438 1.17020672271 0.772460024501 0.999199645748 -3008.95103687 0.804816399533
243 2500396.0 487.0 759303.0 175058.0 0.0137 0.0957 1.16069458643 0.831871006573 0.999982185445 -2701.8924115 0.406700532952
244 39193.0 443.0 9339.0 1951.0 0.0251 0.1628 1.13454585767 0.74565112772 0.998217479192 -1715.79753354 0.713627512169
245 814.0 180.0 90.0 42.0 0.1698 0.3743 0.851003953034 0.612763284536 0.919206894934 -375.635117253 0.880627723982
246 1004.0 126.0 254.0 80.0 0.0719 0.3073 0.897184462444 0.621647013001 0.96346462518 -296.60867043 0.672328985972
247 1010.0 157.0 330.0 65.0 0.0488 0.3266 1.03887638078 0.626382225757 0.950977943838 -348.700846987 0.699268677732
248 1029.0 296.0 156.0 32.0 0.1093 0.4199 1.13517729896 0.610294395839 0.880915632794 -548.706677333 0.869544767871
249 2289599.0 391.0 275829.0 190511.0 0.058 0.0952 0.890556310099 0.827081521241 0.999984592511 -2499.24598179 0.843940491642
250 826.0 242.0 42.0 30.0 0.3197 0.4263 0.681395288245 0.606288680489 0.87758474797 -460.510100499 0.924572082244
251 1655048.0 510.0 376600.0 108053.0 0.0206 0.1 1.12560434946 0.82574838976 0.999970451918 -2876.38391806 0.670057441248
252 2939735.0 469.0 586830.0 214825.0 0.0344 0.094 1.13696594567 0.83386294515 0.999985694944 -2963.4761248 0.81101737259
253 3336679.0 449.0 575228.0 254923.0 0.0196 0.0926 1.02027001498 0.835123120323 0.99998813119 -2587.42530233 0.509433717575
254 1585734.0 285.0 213686.0 165154.0 0.0611 0.0971 0.863817622606 0.815103079977 0.999983690039 -1883.38590053 0.901523700369
255 2327039.0 389.0 826888.0 194540.0 0.0161 0.0951 1.20287762749 0.827228985877 0.999984940582 -2306.95521665 0.655890270707
256 6154.0 235.0 2790.0 406.0 0.0162 0.2134 1.10585116523 0.690883800983 0.992192188662 -682.7362549 0.250356261902
257 2100520.0 458.0 584728.0 152627.0 0.0205 0.0969 1.20388029338 0.828246274847 0.999979826279 -2764.16204351 0.760134159633
258 3158453.0 610.0 591984.0 186928.0 0.0198 0.0949 1.11069337903 0.838301594874 0.99998236193 -3578.10983029 0.676153221947
259 27046.0 152.0 10969.0 3237.0 0.0327 0.1511 1.02160700217 0.727569284049 0.999214512638 -661.248008952 0.717685418726
260 678878.0 425.0 99855.0 47913.0 0.0461 0.1085 1.00783554982 0.808225736856 0.999935083889 -2332.16743693 0.767969009015
261 1576770.0 464.0 337124.0 110901.0 0.0282 0.0998 1.12871053066 0.823782188153 0.999971921756 -2673.23003065 0.720681851358
262 28334.0 288.0 12205.0 1983.0 0.018 0.1617 1.23250284585 0.736614308844 0.99842789929 -1356.03267745 0.922768403133
263 21856.0 319.0 4219.0 1346.0 0.0466 0.1722 1.02747306747 0.729887363826 0.997583546369 -1247.8317305 0.826925964751
264 421862.0 479.0 38500.0 25789.0 0.0522 0.1159 0.902335323769 0.800537869436 0.99987350301 -2530.61637884 0.796641745364
265 1095.0 227.0 157.0 48.0 0.0932 0.3645 0.910396977795 0.618928457963 0.926390245864 -448.413442606 0.677471965328
266 1491863.0 510.0 202357.0 96602.0 0.0349 0.1011 1.02802751442 0.824010084817 0.999966858143 -2823.21336605 0.642705803215
267 154.0 37.0 59.0 24.0 0.1518 0.4225 0.762646284782 0.535688011179 0.908829785883 -70.8016029193 0.73124850562
268 174597.0 910.0 44706.0 5498.0 0.0108 0.1409 1.30326221083 0.781147547579 0.999280297069 -3625.68337294 0.453543961378
269 7412.0 85.0 888.0 1213.0 0.2352 0.1761 0.588245250062 0.683646366895 0.998186621083 -431.487652826 0.922016046229
270 2032.0 306.0 320.0 78.0 0.0689 0.3195 1.03616304526 0.642195168764 0.953088168397 -737.989817998 0.865235468167
271 1840.0 43.0 448.0 425.0 0.2155 0.2132 0.632156524599 0.625591946789 0.995738192206 -181.290102688 0.992716468523
272 1316933.0 519.0 204568.0 83195.0 0.0319 0.1025 1.02945752575 0.822074664349 0.999961202955 -2840.43241706 0.655658391102
273 23011.0 393.0 5208.0 1180.0 0.0232 0.1766 1.05859017899 0.730798291225 0.997082611056 -1345.74903425 0.489720443489
274 84814.0 746.0 31746.0 2915.0 0.0082 0.1541 1.3678276325 0.763818330805 0.998674255625 -2815.29695879 0.424761876796
275 1888.0 303.0 208.0 72.0 0.1042 0.3268 0.929626966952 0.639809764205 0.948751627239 -701.564287809 0.855151146626
276 803770.0 723.0 130493.0 36665.0 0.0313 0.1115 1.21158859866 0.815282219229 0.999902621848 -4399.44041545 0.957827974315
277 4415.0 388.0 800.0 165.0 0.0406 0.264 1.08529064177 0.672861756766 0.977314291354 -1056.80436945 0.805479819686
278 929.0 253.0 216.0 33.0 0.066 0.4133 1.18748811105 0.605494360144 0.890284515917 -472.585904978 0.839604794717
279 2799337.0 362.0 859101.0 251230.0 0.0246 0.0931 1.20626520083 0.828657760823 0.999988640213 -2263.66025991 0.758766734425
280 36976.0 472.0 6121.0 1722.0 0.0235 0.1663 1.03466972546 0.743784601875 0.997940468679 -1666.02507962 0.439323253898
281 2890560.0 454.0 434876.0 216772.0 0.0383 0.0939 0.985099161778 0.833121328837 0.999985947534 -2721.32959472 0.696062019999
282 3724.0 121.0 352.0 411.0 0.1769 0.2109 0.645328953971 0.672565087636 0.993611093471 -466.488645562 0.983166327511
283 13020.0 245.0 3336.0 940.0 0.0398 0.1825 1.03213810317 0.714687707523 0.996721222125 -888.060469286 0.733357947091
284 3813818.0 563.0 982050.0 244458.0 0.02 0.0927 1.24613471841 0.84036473384 0.999986861084 -3382.17223387 0.667807389548
285 38644.0 655.0 5177.0 1334.0 0.0305 0.1744 1.12201852897 0.742455167034 0.997109127351 -2497.06182129 0.820517769841
286 2487404.0 340.0 846175.0 232721.0 0.0209 0.0938 1.19064074569 0.825647116959 0.999987928412 -2138.25561302 0.78320653827
287 2927.0 23.0 930.0 1084.0 0.2693 0.196 0.554509980235 0.594666909553 0.998889234736 -129.482652015 0.791470510097
288 5359.0 45.0 1387.0 1357.0 0.1869 0.1782 0.67990365083 0.651168709109 0.998746329766 -245.779745566 0.850527133359
289 3173299.0 532.0 726081.0 210322.0 0.0205 0.094 1.14838868017 0.836791350966 0.999984895566 -3143.05937622 0.662376910949
290 4842.0 252.0 1975.0 285.0 0.022 0.2301 1.18310564433 0.682082847624 0.988473292337 -772.504482537 0.75024448964
291 2561936.0 469.0 490028.0 185443.0 0.0364 0.0952 1.12956813226 0.831732650671 0.999983370566 -2977.15634863 0.835731917441
292 77504.0 419.0 8185.0 4436.0 0.05 0.1441 0.919968533857 0.76319810829 0.999249111446 -2108.36347081 0.91858735874
293 40870.0 213.0 8031.0 3881.0 0.0564 0.1469 0.907270551549 0.742708103623 0.999280361586 -925.436063783 0.74396485633
294 3904.0 38.0 1854.0 1075.0 0.0918 0.1861 0.73404541484 0.635757031406 0.998511366029 -160.574084705 0.809748245955
295 2683046.0 372.0 774788.0 234917.0 0.0225 0.0936 1.13188353165 0.828557587347 0.99998773862 -2150.19143231 0.556073541907
296 81207.0 513.0 22114.0 3905.0 0.0177 0.1469 1.19617574555 0.764492032143 0.999100052438 -2147.29005099 0.671882394845
297 2633722.0 359.0 374764.0 237021.0 0.0461 0.0936 0.924683019139 0.827596943317 0.999987969981 -2256.26574663 0.771911674047
298 2336864.0 441.0 170856.0 176563.0 0.0576 0.0957 0.833606345533 0.829370861317 0.999982795485 -2702.79211165 0.776903423743
299 1985881.0 469.0 362068.0 140912.0 0.0359 0.0976 1.07210500952 0.827678794212 0.999977970119 -2832.86242964 0.764458163023
300 6136.0 459.0 2711.0 209.0 0.0109 0.2509 1.3356569153 0.682765966077 0.981628471808 -1231.67946798 0.645081819367
301 2280501.0 551.0 350716.0 143169.0 0.0262 0.0973 1.07970739932 0.831920682156 0.999977410636 -3114.99850975 0.623241655687
302 2905939.0 484.0 609054.0 206888.0 0.0196 0.0942 1.03029124363 0.834148136095 0.999985009828 -2541.67756099 0.036300788846
303 2316547.0 530.0 380415.0 150447.0 0.0289 0.0969 1.07041256344 0.831734908887 0.999978738965 -3015.42513053 0.62322393113
304 8912.0 57.0 4905.0 2012.0 0.0538 0.1664 0.886205731953 0.67274298575 0.999087277202 -236.675054921 0.723885662195
305 2903052.0 448.0 679473.0 220138.0 0.0214 0.0938 1.12640680752 0.832979947735 0.999986216236 -2628.20309789 0.600668236764
306 5613.0 328.0 1703.0 264.0 0.0251 0.2356 1.14413140076 0.685277934836 0.986639961344 -873.19483586 0.38794581097
307 2261399.0 384.0 276992.0 190619.0 0.0438 0.0952 0.933817211667 0.826561958422 0.999984677464 -2473.44903823 0.85127868302
308 3082693.0 551.0 622904.0 198117.0 0.0196 0.0945 1.17410616227 0.836773810965 0.999983798816 -3334.53580209 0.737652345112
309 1999626.0 475.0 408505.0 140551.0 0.0224 0.0976 1.0690970747 0.827969124408 0.99997783881 -2723.22632636 0.634549613614
310 3213790.0 413.0 681832.0 262193.0 0.0141 0.0925 1.01892837991 0.833169428645 0.999988724264 -2260.79424874 -0.0341173172202
311 3402129.0 553.0 838306.0 219516.0 0.0244 0.0936 1.2783434708 0.838365874042 0.999985398993 -3479.31597567 0.801610108795
312 5341.0 138.0 2824.0 558.0 0.025 0.1996 1.082076223 0.684978013652 0.995180303338 -469.921321619 0.720712693042
313 2281640.0 421.0 203919.0 178722.0 0.0594 0.0957 0.872357694841 0.828269748474 0.999983217646 -2705.86623116 0.845864899917
314 1991892.0 463.0 627992.0 142876.0 0.0177 0.0975 1.24196240213 0.827549815548 0.999978353295 -2663.07532779 0.65326254343
315 941.0 38.0 654.0 216.0 0.0528 0.2428 0.824410577051 0.602194815968 0.991631142795 -105.353752652 0.322286915498
316 7237.0 152.0 1384.0 728.0 0.0746 0.1904 0.827320395866 0.694434598406 0.996255015002 -548.356727383 0.778723892743
317 2943.0 295.0 1439.0 132.0 0.0138 0.2769 1.24256218642 0.660763278703 0.972996449581 -705.091691664 0.469393257683
318 4049.0 27.0 808.0 1399.0 0.3394 0.1858 0.442680668779 0.613429805515 0.999066075964 -154.729482324 0.849779637786
319 2357249.0 374.0 587965.0 203737.0 0.0311 0.0947 1.13923270424 0.826723114948 0.999985791334 -2332.99111579 0.784005998292
320 1045.0 192.0 154.0 54.0 0.084 0.3479 0.885745490803 0.622337333282 0.938029424183 -388.432528496 0.616249391087
321 2535.0 238.0 561.0 136.0 0.0533 0.2727 1.01481573188 0.657723880075 0.975245185161 -607.746976075 0.697603518761
322 18000.0 401.0 2134.0 871.0 0.0587 0.1863 0.944582342681 0.723494549528 0.995977358872 -1512.44360841 0.877889616265
323 926.0 218.0 110.0 40.0 0.1403 0.3859 0.936133866327 0.611742613751 0.911502547562 -444.278220334 0.87637552839
324 3956.0 71.0 1540.0 688.0 0.0792 0.1937 0.893716120863 0.662760898372 0.99690312844 -300.409105853 0.966917477891
325 3634917.0 542.0 616836.0 239710.0 0.0255 0.0929 1.10261691907 0.839151941041 0.999986723881 -3259.74086423 0.664653026702
326 134387.0 1210.0 10060.0 3132.0 0.0336 0.1536 1.05258863409 0.771290117363 0.998637279804 -4943.34424423 0.746348215229
327 103906.0 509.0 39924.0 5188.0 0.0106 0.1412 1.26486890635 0.770528467396 0.99933018021 -2173.43919608 0.648982223179
328 5451.0 149.0 1974.0 534.0 0.0404 0.2016 1.00362790493 0.686166834493 0.994836125633 -507.47504596 0.73011252973
329 1879679.0 399.0 302027.0 151638.0 0.0439 0.0972 1.03217545672 0.824369591086 0.999980425247 -2568.52207663 0.885449266754
330 3419284.0 400.0 740811.0 287317.0 0.0312 0.0918 1.07790982734 0.833508141902 0.999989821849 -2623.14250042 0.816892583256
331 1416.0 299.0 157.0 49.0 0.1114 0.3666 0.963206680352 0.622540624563 0.92441515462 -632.686460467 0.860550203609
332 5525.0 312.0 1033.0 272.0 0.0496 0.2338 1.02066099041 0.685495373287 0.98721130037 -915.281785635 0.741840935164
333 2001096.0 386.0 387383.0 166554.0 0.0408 0.0964 1.08191935499 0.824779695362 0.999982379526 -2465.94312719 0.858366429154
334 20573.0 155.0 11886.0 2347.0 0.0173 0.1581 1.06918858212 0.721736978427 0.998894471782 -575.020510017 0.280685454299
335 3368736.0 632.0 663218.0 194424.0 0.0169 0.0945 1.1350697537 0.839689132011 0.999982907896 -3592.37259114 0.523754476667
336 1038522.0 510.0 124363.0 65272.0 0.0494 0.105 0.953151502683 0.81776498644 0.99995046637 -2858.2538535 0.760497291971
337 3501560.0 380.0 827271.0 307349.0 0.0341 0.0914 1.14148878211 0.832902087355 0.999990633952 -2469.59955331 0.806760797889
338 1546083.0 326.0 323290.0 144549.0 0.0375 0.0979 1.02865798885 0.817622474201 0.99998056 -2055.36870516 0.851869711151
339 374.0 73.0 120.0 39.0 0.1055 0.3714 0.878390933265 0.583929945815 0.932469762862 -154.3660478 0.768680190195
340 2858715.0 339.0 332813.0 270726.0 0.058 0.0926 0.855180953538 0.827626259481 0.999989670649 -2053.38093325 0.674076144312
341 1388238.0 370.0 261394.0 116305.0 0.026 0.0997 1.01003363286 0.818290724922 0.999974828758 -2193.8536013 0.771604331552
342 3147.0 47.0 570.0 728.0 0.3227 0.1948 0.605898945701 0.642027024794 0.997517364009 -224.810793145 0.923252017963
343 27175.0 139.0 17055.0 3498.0 0.0169 0.1497 1.06337731848 0.725722348158 0.999295796483 -525.733420712 0.10013910029
344 84430.0 729.0 21736.0 2963.0 0.0144 0.1536 1.26933448917 0.763911696473 0.998702810279 -2753.95045299 0.497141080641
345 2087.0 51.0 746.0 430.0 0.1001 0.2124 0.738891393175 0.635169621229 0.995498064997 -196.588408189 0.915039018141
346 2540507.0 396.0 530044.0 210655.0 0.0367 0.0944 1.09937241736 0.828879104612 0.999986051873 -2494.45050676 0.803797681397
347 2678767.0 452.0 521658.0 200426.0 0.0347 0.0946 1.11663287802 0.831874416577 0.99998479093 -2842.68628203 0.806835395696
348 2641365.0 498.0 685767.0 182296.0 0.0217 0.0953 1.208368642 0.833038870219 0.99998280987 -2919.53687817 0.646280898422
349 3717194.0 958.0 318467.0 151936.0 0.0234 0.0966 1.00661490796 0.844101397807 0.999975744114 -5334.60070063 0.493478801182
350 10580.0 44.0 2342.0 2904.0 0.1745 0.1615 0.572293770607 0.662593390845 0.999447432198 -226.242606429 0.963769808239
351 1139.0 45.0 606.0 237.0 0.0707 0.2371 0.825585275601 0.614786740319 0.991854268653 -146.513633067 0.787480533496
352 1042.0 275.0 147.0 36.0 0.1319 0.402 1.11693391591 0.615645950012 0.895292315433 -550.935391847 0.929593871482
353 1246.0 267.0 218.0 47.0 0.0863 0.3706 1.09078469525 0.61932426455 0.922796511081 -560.493376154 0.861584794029
354 2445.0 398.0 186.0 75.0 0.1813 0.3274 0.963473865604 0.645312264825 0.947726941369 -985.417854695 0.959538531656
355 2547211.0 465.0 790182.0 185482.0 0.0182 0.0952 1.24181234755 0.831509948259 0.999983411452 -2745.39296605 0.659588228878
356 4137.0 139.0 1349.0 411.0 0.0397 0.2116 0.946547809658 0.676673005119 0.993340500089 -451.453393927 0.695553141905
357 2367467.0 453.0 370822.0 175142.0 0.0342 0.0957 1.03524936048 0.829977501193 0.999982528669 -2695.77802358 0.716851156694
358 14720.0 447.0 3322.0 620.0 0.0285 0.1989 1.13856155444 0.715652092241 0.994123015337 -1439.91266962 0.614584674726
359 1550998.0 605.0 352115.0 87301.0 0.0186 0.102 1.19822855602 0.826335883382 0.999961633949 -3341.93928641 0.65431392349
360 1688814.0 349.0 147323.0 150529.0 0.0763 0.0974 0.8005831323 0.820318520668 0.99998099066 -2238.80724346 0.869261706064
361 5301.0 62.0 1836.0 1062.0 0.0887 0.1815 0.774808447441 0.665159343887 0.998143886027 -267.335202403 0.915154108292
362 6220.0 49.0 2758.0 1507.0 0.0842 0.1745 0.798988646568 0.658489998086 0.998836121528 -230.930898535 0.955008876894
363 2279.0 286.0 540.0 98.0 0.0484 0.2988 1.132480351 0.650383670645 0.963466346983 -691.318763523 0.772422040425
364 10833.0 283.0 4252.0 666.0 0.0202 0.1944 1.18221156593 0.709158052233 0.995114931515 -932.518949163 0.588462603767
365 1076557.0 222.0 905938.0 132477.0 0.0063 0.0997 1.19194218563 0.803049873769 0.999981029882 -995.668849107 -1.05899648962
366 1847.0 152.0 746.0 144.0 0.0357 0.265 1.06130425228 0.650224900611 0.979189981258 -394.66733625 0.640392091122
367 2459102.0 456.0 598605.0 181456.0 0.0217 0.0954 1.13390733425 0.830670696802 0.99998312157 -2608.28906865 0.541311723138
368 5043.0 159.0 2578.0 460.0 0.0211 0.2069 1.06605254652 0.684312333602 0.993844309068 -451.181154203 0.119717593377
369 3161936.0 509.0 520609.0 217307.0 0.0298 0.0938 1.03454064031 0.836157043568 0.99998555719 -3076.64366275 0.71202973741
370 1852005.0 412.0 233000.0 145384.0 0.0556 0.0975 0.931510820746 0.824654883666 0.999979384101 -2550.83099088 0.82143716519
371 4540.0 354.0 1366.0 188.0 0.0263 0.2555 1.21231829697 0.675677731828 0.980607711875 -973.901993209 0.750570235143
372 72526.0 181.0 11707.0 8369.0 0.0875 0.1333 0.862874378421 0.751992236405 0.999691349274 -955.157001372 0.938283045316
373 2377255.0 300.0 495722.0 244840.0 0.0302 0.0937 0.993146003302 0.822247971279 0.999988945962 -1746.69969329 0.573197038999
374 5543.0 290.0 2232.0 293.0 0.0195 0.2297 1.2094743075 0.685683978702 0.988396275155 -866.103842352 0.715667901974
375 2180624.0 450.0 1525836.0 161250.0 0.0044 0.0965 1.32712517145 0.828588714414 0.999981018871 -2306.63368995 -0.0407266722798
376 717.0 187.0 61.0 33.0 0.2187 0.4061 0.807107508228 0.601697353017 0.897114776075 -372.375724606 0.91465187913
377 6040.0 116.0 2363.0 746.0 0.0306 0.1896 0.897892654477 0.685863661925 0.996639396899 -377.749524819 0.271041337821
378 7111.0 414.0 1963.0 279.0 0.0267 0.2341 1.2384461414 0.6904146201 0.986703125688 -1235.22506299 0.766695864818
379 2143671.0 353.0 386270.0 192607.0 0.0382 0.0953 0.992497820277 0.824179904422 0.999985189175 -2134.89164051 0.728924420377
380 9446.0 418.0 2328.0 390.0 0.0251 0.2179 1.13817146818 0.70114589584 0.990609334316 -1247.00088826 0.58669838414
381 28256.0 246.0 9916.0 2269.0 0.0235 0.1584 1.06288400608 0.735533308024 0.998690133519 -915.88053178 0.428447540238
382 800.0 128.0 151.0 59.0 0.1026 0.3343 0.843195099578 0.615159083589 0.948968358338 -284.076421295 0.743765714426
383 7352.0 418.0 3376.0 288.0 0.011 0.2326 1.3146349277 0.692115238727 0.987099982577 -1195.03130208 0.645629257179
384 6824.0 141.0 1771.0 727.0 0.0547 0.1902 0.887977579533 0.692068481939 0.996328531288 -493.500321118 0.703249672343
385 2324964.0 520.0 763157.0 153390.0 0.0091 0.0968 1.16905890424 0.83155846434 0.999979257557 -2807.86634273 0.338887734397
386 2865689.0 465.0 1203349.0 210525.0 0.0109 0.0941 1.29183450682 0.83334436395 0.999985428653 -2678.90536104 0.565023093814
387 2925.0 307.0 1447.0 125.0 0.013 0.2815 1.25520639608 0.658819493961 0.971286693136 -727.281774809 0.47913276289
388 55219.0 908.0 10454.0 1479.0 0.0215 0.1725 1.3137019877 0.749218401209 0.997212494748 -3537.15199297 0.849914919788
389 6075.0 425.0 3210.0 224.0 0.0082 0.2464 1.31991692061 0.684712547785 0.983158024811 -1092.46628773 0.335989445739
390 2143677.0 438.0 518565.0 161859.0 0.0265 0.0965 1.15031307282 0.827915021639 0.999981226944 -2635.83188924 0.751538623621
391 2859752.0 526.0 727411.0 189809.0 0.0205 0.0949 1.19341407535 0.835006472989 0.999983272048 -3138.16134813 0.685178897149
392 513.0 158.0 35.0 25.0 0.2773 0.4432 0.73022429528 0.587523779919 0.867967449129 -290.117085896 0.91141986614
393 1954736.0 455.0 458629.0 142054.0 0.024 0.0976 1.13392454655 0.827007532265 0.999978324164 -2631.42294545 0.698121121236
394 785.0 174.0 107.0 41.0 0.1215 0.3778 0.915040563705 0.609325193145 0.918928436935 -364.829530147 0.872776544596
395 1860.0 58.0 740.0 341.0 0.0969 0.2197 0.877243708461 0.637150417231 0.993927709178 -234.945042047 0.924647674415
396 34678.0 275.0 6797.0 2595.0 0.0414 0.1553 0.921107802109 0.741487440857 0.998826095727 -1113.96820084 0.640530227612
397 1012.0 186.0 185.0 54.0 0.0721 0.3482 0.924947379123 0.620051797735 0.937999643385 -392.067303456 0.705143668815
398 5921.0 50.0 1964.0 1407.0 0.1033 0.1759 0.704681592457 0.658447570037 0.998737076838 -213.851490002 0.834286566725
399 6375.0 131.0 2062.0 716.0 0.0417 0.1907 0.895239034455 0.68925505878 0.996352919408 -468.411100523 0.665556781185
400 684.0 162.0 115.0 37.0 0.1144 0.3893 0.901719997936 0.606231388938 0.910720996559 -317.274331757 0.785011101208
401 919.0 162.0 153.0 55.0 0.1195 0.3426 0.899621874072 0.619330577285 0.941549293697 -356.083056725 0.816216174242
402 8627.0 141.0 3577.0 951.0 0.0387 0.1818 1.07489434979 0.698580573344 0.997232750622 -575.379436498 0.935821584398
403 10650.0 346.0 2927.0 540.0 0.0221 0.2032 1.08782376443 0.707323626428 0.993611990271 -1056.5969157 0.42361656547
404 7253.0 298.0 2600.0 395.0 0.02 0.2157 1.13354548794 0.695530250636 0.991444337154 -852.137694647 0.308211221306
405 1614001.0 683.0 288573.0 82277.0 0.0259 0.1025 1.19285179754 0.827928899091 0.999958019426 -3852.58286952 0.735421844426
406 5766.0 170.0 1938.0 507.0 0.0439 0.2032 1.05844034375 0.688881941551 0.99433296914 -586.791809283 0.807962246571
407 5937627.0 764.0 875005.0 305100.0 0.0211 0.0907 1.10236744585 0.850418337347 0.999988706238 -4543.12720118 0.590735476938
408 5855.0 334.0 2525.0 273.0 0.0156 0.2339 1.26665889667 0.686782681541 0.987044929061 -979.456540647 0.73858973835
409 8674.0 313.0 2104.0 466.0 0.0377 0.2087 1.09538155717 0.701397687864 0.992723681527 -1038.92374356 0.779746808051
410 3226.0 24.0 718.0 1175.0 0.2979 0.1928 0.446918965855 0.600057727054 0.998952473425 -127.32211015 0.964723483612
411 1046.0 138.0 259.0 77.0 0.0691 0.3111 0.930678262296 0.625064111834 0.960889534152 -326.019892862 0.741361338661
412 2546368.0 389.0 464520.0 214280.0 0.0364 0.0943 1.04531105244 0.82860026852 0.999986360272 -2433.17818933 0.780877508446
413 780.0 250.0 95.0 26.0 0.1494 0.4483 0.996109975835 0.595925284095 0.859700344503 -433.187688121 0.837656658068
414 2606138.0 523.0 1327293.0 172616.0 0.0066 0.0957 1.31347837132 0.833461774033 0.999981592015 -2948.86528091 0.417314046773
415 2866.0 250.0 886.0 151.0 0.0371 0.2665 1.16440514063 0.662249494617 0.977535905548 -710.568721594 0.870464823996
416 2275839.0 584.0 417405.0 136159.0 0.0203 0.0977 1.08496369364 0.832511116626 0.999975870531 -3232.94220178 0.551621030684
417 2734827.0 467.0 1187942.0 199625.0 0.0103 0.0946 1.30290762483 0.832691009805 0.999984596292 -2787.26470545 0.69196276631
418 3573.0 209.0 2250.0 237.0 0.012 0.2386 1.18192016816 0.673299299087 0.986622854801 -598.021548344 0.485113763952
419 1712430.0 336.0 378989.0 157517.0 0.0254 0.0971 1.03483834974 0.819799043326 0.999982047466 -2029.52963122 0.730400693722
420 524.0 146.0 52.0 29.0 0.2355 0.4203 0.796157644891 0.593245816924 0.886478476226 -284.326709166 0.922578513094
421 3154.0 121.0 962.0 338.0 0.0596 0.2194 0.903787812351 0.66728110778 0.992146920317 -392.949704823 0.745893842441
422 2455183.0 380.0 618143.0 210102.0 0.0287 0.0945 1.13147627618 0.827630962516 0.999986171588 -2305.09186836 0.709468930879
423 3001944.0 413.0 1032471.0 243597.0 0.0166 0.0931 1.21666880763 0.832140481162 0.999987842117 -2431.27663886 0.601665727834
424 1907045.0 379.0 303575.0 160482.0 0.0458 0.0967 0.96875995322 0.823708714762 0.999981787389 -2311.71639366 0.774696746718
425 61.0 14.0 39.0 18.0 0.1692 0.445 0.63068244907 0.469328521766 0.915249295533 -26.6795410059 0.663852405692
426 94829.0 823.0 4446.0 3022.0 0.0603 0.1535 0.888209063544 0.766037146452 0.99869495852 -3596.06701324 0.873763054457
427 795.0 16.0 327.0 324.0 0.2693 0.2438 0.529750463888 0.53950943465 0.996748678386 -70.292116009 0.934306808727
428 2063.0 92.0 193.0 261.0 0.3582 0.2308 0.577544759769 0.649852067417 0.990517502601 -370.517474347 0.892457537554
429 2049079.0 591.0 613364.0 120324.0 0.0162 0.0989 1.31528075364 0.830876508619 0.999972534437 -3415.76485432 0.676754364783
430 7878.0 338.0 1717.0 386.0 0.0389 0.2172 1.07283881341 0.697521161211 0.990967109975 -1052.08259806 0.714538032339
431 4220.0 80.0 1174.0 673.0 0.0997 0.1936 0.814752465057 0.667774751441 0.996691726754 -312.806081397 0.907881464564
432 830969.0 401.0 121478.0 62592.0 0.0422 0.1057 0.99404746156 0.811023311838 0.99995141467 -2317.31733838 0.817780253961
433 1137.0 282.0 183.0 39.0 0.104 0.3939 1.13271833482 0.615080031701 0.904474304201 -554.004392333 0.86296220619
434 2589299.0 362.0 416935.0 231246.0 0.0409 0.0937 0.983819197443 0.827510315609 0.999987633288 -2277.2489213 0.777986790602
435 3610.0 85.0 1362.0 536.0 0.069 0.2014 0.92413126606 0.665287132338 0.995697054679 -340.486652746 0.960206990009
436 1116815.0 404.0 343694.0 85662.0 0.0185 0.1025 1.17363917245 0.816141439463 0.999964722373 -2308.01983146 0.759792224972
437 2554.0 66.0 830.0 443.0 0.0945 0.209 0.780731368548 0.649564160806 0.995179424532 -242.47593507 0.838718515126
438 696929.0 461.0 92861.0 46057.0 0.0342 0.1089 1.01287538204 0.809608115726 0.9999309571 -2500.50380264 0.756723158771
439 2488228.0 596.0 197228.0 147390.0 0.0446 0.097 0.915433786233 0.834188796926 0.99997763742 -3485.5201991 0.718436410528
440 1976329.0 721.0 269978.0 97828.0 0.0288 0.1008 1.13484345487 0.831816918092 0.99996437964 -4221.41267304 0.79369833529
441 43361.0 743.0 7948.0 1353.0 0.0226 0.1744 1.22221386284 0.744395885887 0.997071024883 -2775.28268018 0.755572435213
442 2586653.0 554.0 566896.0 163223.0 0.0208 0.0962 1.15546664591 0.834026355049 0.99998021973 -3276.34381952 0.722534901059
443 1667268.0 370.0 335579.0 141669.0 0.0467 0.0979 1.11934646935 0.821193133367 0.999979439886 -2341.11359529 0.854849636175
444 2914560.0 614.0 1070951.0 170497.0 0.0059 0.0957 1.25548674542 0.837069471919 0.999980590173 -3176.08906651 -0.0214156811218
445 41454.0 537.0 12162.0 1743.0 0.0171 0.1662 1.26413636006 0.746238661496 0.997904107695 -2193.59803263 0.832418047188
446 7289.0 387.0 3234.0 308.0 0.0127 0.2287 1.29573740283 0.692722241955 0.988177300589 -1145.52205315 0.700664794246
447 16758.0 600.0 4428.0 544.0 0.0174 0.2054 1.2706578358 0.716522504748 0.992794060846 -1919.90625186 0.709806687584
448 1191789.0 426.0 205253.0 87946.0 0.0345 0.1022 1.04776476036 0.817977729207 0.999965174572 -2511.11353599 0.81232957033
449 5599.0 356.0 2452.0 242.0 0.0142 0.2411 1.27954441332 0.683312535809 0.985112200152 -1008.55874581 0.697338554904
450 10829.0 151.0 4809.0 1162.0 0.0287 0.1761 1.04172787291 0.705408149847 0.997711817662 -548.896183055 0.604752411528
451 1695629.0 626.0 296731.0 93444.0 0.0222 0.1013 1.14800626152 0.828166132134 0.999963914449 -3501.73580489 0.683758487159
452 1784119.0 318.0 245014.0 172002.0 0.0552 0.0965 0.906236468449 0.819300667943 0.999983851325 -1998.21583344 0.821706946204
453 1309.0 18.0 724.0 522.0 0.164 0.2236 0.647273575405 0.559261036876 0.997915786821 -85.6201320853 0.947696707691
454 1934570.0 551.0 396606.0 119906.0 0.0208 0.099 1.14956648374 0.829208240115 0.999972914355 -3125.9267181 0.649195498364
455 2180946.0 430.0 521537.0 167346.0 0.0204 0.0962 1.08005790166 0.827900291887 0.999981946055 -2416.69196823 0.51241789845
456 6355.0 87.0 2000.0 1001.0 0.074 0.1814 0.826274118805 0.680466444434 0.997761477204 -336.869534585 0.793588535625
457 29536.0 154.0 11868.0 3533.0 0.0294 0.1493 0.98588553103 0.72983165649 0.999279983104 -628.568203069 0.508613278099
458 3339.0 105.0 648.0 410.0 0.1212 0.211 0.762713100225 0.667869359868 0.993864145055 -372.907346163 0.888601023111
459 973.0 241.0 115.0 38.0 0.162 0.3934 0.971557132801 0.612898540455 0.904663212597 -488.209106295 0.90413034657
460 7511.0 396.0 3097.0 312.0 0.0143 0.2281 1.29729936928 0.693767246783 0.98828220165 -1186.25803113 0.740834269838
461 3801.0 70.0 1325.0 665.0 0.0916 0.1948 0.848911953572 0.66124111478 0.996805365166 -274.28180158 0.884782109983
462 3523886.0 740.0 516927.0 178725.0 0.0347 0.0952 1.15120508588 0.841784983079 0.999980646157 -4433.29766162 0.742797207849
463 37.0 12.0 10.0 11.0 0.4773 0.513 0.398463517313 0.46126782442 0.857836298645 -22.1658038905 0.913797966705
464 212739.0 915.0 23743.0 6831.0 0.0308 0.1368 1.08104438966 0.786017545896 0.999423697875 -4238.0730518 0.816564334094
465 11140.0 401.0 2754.0 495.0 0.019 0.2073 1.09051595366 0.707773265867 0.992745836017 -1198.02551946 0.423310059368
466 3914.0 43.0 1027.0 990.0 0.1364 0.1869 0.624173342611 0.642748080344 0.998278859766 -189.942321951 0.939151343369
467 1616017.0 381.0 417796.0 133793.0 0.0239 0.0984 1.08711414435 0.821209875269 0.999978022021 -2113.88223457 0.490774324481
468 2532532.0 682.0 487185.0 134124.0 0.0171 0.0978 1.12205960413 0.835678486284 0.999974546866 -3640.43587256 0.358311937396
469 2600132.0 616.0 671073.0 150327.0 0.0165 0.0968 1.22637859133 0.835233337559 0.999977904629 -3665.03394815 0.736044938241
470 2378076.0 470.0 289283.0 170832.0 0.0337 0.0959 0.969427711116 0.830587736955 0.999981902705 -2847.99663088 0.742524047259
471 2029816.0 622.0 595556.0 114125.0 0.0102 0.0993 1.20487547357 0.831188156238 0.999970639094 -3455.31481374 0.577041575264
472 2986675.0 362.0 754104.0 269476.0 0.0281 0.0925 1.12044456759 0.829621517004 0.999989427558 -2274.70733745 0.757377354318
473 985.0 180.0 173.0 54.0 0.0955 0.3475 0.931345556456 0.619063783172 0.93850184232 -396.06903934 0.826372933244
474 1634.0 37.0 822.0 415.0 0.0941 0.2157 0.777264918204 0.615962892006 0.995902789884 -127.110418087 0.698521902941
475 8439.0 53.0 4365.0 1995.0 0.0488 0.1674 0.784127186671 0.668252025369 0.999106704287 -196.055419262 0.243302468421
476 4084.0 75.0 957.0 683.0 0.1242 0.1935 0.771102178355 0.665306041663 0.996816192191 -318.45833812 0.984317285642
477 3300.0 72.0 407.0 553.0 0.2058 0.201 0.560605324029 0.658219571218 0.996077970389 -292.551338273 0.972735635136
478 1767.0 44.0 406.0 399.0 0.1937 0.2153 0.621481495196 0.625706719029 0.995394627444 -175.603382029 0.969033882677
479 5036.0 55.0 1682.0 1097.0 0.0772 0.1815 0.734326075029 0.659292888923 0.998288907105 -202.637311434 0.584395721337
480 10033.0 99.0 2612.0 1510.0 0.0857 0.1698 0.811580831401 0.69508121656 0.998481986936 -394.59139872 0.762361492289
481 7726.0 76.0 3128.0 1386.0 0.0623 0.1732 0.866590264923 0.680918043956 0.998487532925 -300.27585645 0.730764542552
482 4261.0 23.0 2278.0 1630.0 0.0993 0.1865 0.608105225097 0.600353263553 0.999291227451 -91.8735175835 0.545349083754
483 4273.0 93.0 1033.0 604.0 0.0804 0.1969 0.76889721799 0.671982542767 0.996089657099 -320.957584878 0.681886082293
484 2014.0 95.0 573.0 247.0 0.0868 0.2338 0.861761771036 0.650503833262 0.989822580782 -327.64020043 0.930799095467
485 5844.0 157.0 1518.0 553.0 0.0394 0.1998 0.908887893567 0.688914792929 0.99494461758 -469.693371963 0.322108090971
486 3950.0 121.0 1002.0 440.0 0.0724 0.2084 0.849713731981 0.67416867251 0.994059461399 -369.36939981 0.52991442693
487 4120.0 81.0 1730.0 648.0 0.0433 0.1951 0.846882852782 0.667460929994 0.996542968148 -257.734707723 0.313482912566
488 2245.0 43.0 723.0 532.0 0.1226 0.2054 0.635410536862 0.630120851528 0.996652441993 -144.749913365 0.559940153077
489 1010.0 41.0 590.0 222.0 0.0685 0.24 0.837266929827 0.607238960081 0.99157448858 -144.908482905 0.806420006831
490 3600.0 72.0 1443.0 611.0 0.0603 0.1972 0.826314802612 0.660797650277 0.996470573182 -244.753622345 0.589912684274
491 5085.0 142.0 902.0 514.0 0.097 0.2026 0.804905977516 0.684055573079 0.994698831317 -497.266137901 0.83709776282
492 19814.0 226.0 2893.0 1633.0 0.0781 0.1666 0.820568763938 0.725684390993 0.998198198716 -830.823563552 0.606907643905
493 3650.0 77.0 449.0 588.0 0.1873 0.1985 0.573293285031 0.663081603341 0.996234959575 -320.74500889 0.97675499582
494 6497.0 48.0 2327.0 1604.0 0.0764 0.1732 0.694106773825 0.658252359377 0.998920641617 -183.876616238 0.51048084189
495 4203.0 83.0 697.0 650.0 0.1586 0.195 0.636247814184 0.668499776992 0.996524332335 -295.731428218 0.727331372571
496 2544.0 128.0 234.0 249.0 0.1542 0.2342 0.644692255328 0.660366010199 0.98895713519 -407.876590407 0.870697499467
497 7812.0 73.0 1626.0 1447.0 0.1462 0.1725 0.70251011496 0.679787481607 0.99857638965 -318.936605473 0.884856488109
498 3915.0 35.0 1329.0 1140.0 0.1241 0.1859 0.652829551013 0.630872781927 0.998656676333 -150.773765552 0.866847921371
499 5324.0 81.0 1648.0 868.0 0.0885 0.1857 0.828359370257 0.674200576002 0.997460516302 -312.731146352 0.832630860188
500 6533.0 115.0 892.0 822.0 0.1364 0.1865 0.701437935324 0.687702028376 0.996974549511 -477.622056172 0.959153842724
501 7066.0 68.0 2226.0 1366.0 0.0827 0.1743 0.740234440123 0.675104162638 0.998526198349 -256.78870267 0.604693242522
502 4828.0 95.0 3115.0 682.0 0.0245 0.1927 1.00949056044 0.675810374455 0.996539413407 -303.762187815 0.339250676148
503 6035.0 84.0 1765.0 971.0 0.0976 0.1825 0.847725327665 0.678216611604 0.99771676778 -371.14130926 0.979387139608
504 7918.0 17.0 7689.0 3735.0 0.0623 0.184 0.676324428703 0.574415741485 0.999795157435 -59.3893820503 -0.663308772075
505 1633.0 95.0 653.0 192.0 0.0516 0.2461 0.917909403592 0.642893942753 0.986716127824 -259.070528151 0.507771265106
506 4955.0 64.0 823.0 961.0 0.2359 0.1842 0.6055484556 0.664518467184 0.997911474282 -309.090803885 0.975914103626
507 1495.0 55.0 429.0 276.0 0.1246 0.229 0.71499219035 0.628671824171 0.992546665954 -197.156832113 0.914839463046
508 4940.0 69.0 2003.0 904.0 0.0601 0.1853 0.802720999618 0.667164521095 0.997707231654 -226.122029307 0.254073390252
509 10566.0 76.0 4106.0 1964.0 0.0597 0.1648 0.817121118981 0.687788152824 0.998952852676 -275.722900248 0.339408823581
510 4587.0 53.0 1037.0 1016.0 0.1898 0.1839 0.635554509688 0.655631577274 0.998170860817 -228.617440916 0.910769558113
511 6997.0 32.0 5406.0 2279.0 0.0513 0.1715 0.794604762618 0.635035019485 0.99939116269 -128.27649514 0.481077974127
512 3246.0 15.0 2901.0 1542.0 0.083 0.2064 0.647760285151 0.549792375372 0.999513734405 -57.6167819262 0.335306543969
513 4754.0 96.0 2213.0 664.0 0.0427 0.1936 0.970271323073 0.675326154916 0.996429187974 -322.001938876 0.585620054842
514 13759.0 37.0 9738.0 4321.0 0.0465 0.1568 0.770147589628 0.655921223421 0.999667770084 -118.182822473 -1.27329346521
515 4648.0 102.0 570.0 615.0 0.1672 0.1962 0.610266368834 0.675793393 0.996050262567 -387.85777124 0.898074868885
516 4994.0 56.0 1339.0 1072.0 0.1426 0.1819 0.713848698649 0.659802112085 0.998234497996 -250.281357852 0.962437776747
517 1603.0 82.0 276.0 214.0 0.161 0.24 0.7435906028 0.640881066939 0.988722994075 -289.681351731 0.98504891512
518 2850.0 71.0 1016.0 473.0 0.0865 0.2066 0.850182700651 0.654309596687 0.995390500747 -247.798196813 0.779513610336
519 3629.0 59.0 802.0 721.0 0.178 0.1931 0.681359956177 0.654568155393 0.997250393284 -258.851031188 0.986412444748
520 4853.0 72.0 1337.0 858.0 0.0929 0.1865 0.766479473369 0.668442087465 0.997535830687 -285.490850538 0.873424830344
521 11462.0 140.0 1912.0 1322.0 0.0936 0.1724 0.756344137045 0.705832975386 0.998045690421 -551.638469701 0.802234306048
522 7616.0 38.0 3097.0 2237.0 0.0896 0.1689 0.658509009045 0.648061841124 0.999320135823 -148.314079262 0.434325039097
523 4430.0 208.0 676.0 308.0 0.0684 0.2253 0.855092783317 0.680405952589 0.989881691219 -606.569978753 0.630199848525
524 7800.0 98.0 1187.0 1147.0 0.1471 0.1769 0.698239418709 0.688808795214 0.997978986305 -439.338514516 0.983685956543
525 2406.0 44.0 1028.0 565.0 0.0625 0.2033 0.727663918789 0.632699217209 0.996834044529 -150.719558541 0.556927694409
526 1159.0 48.0 482.0 229.0 0.0917 0.2378 0.777078932332 0.617137204904 0.991359008075 -152.021540694 0.719717934521
527 7185.0 31.0 5105.0 2392.0 0.0615 0.1712 0.780115533403 0.632980776074 0.999432610057 -133.446196403 0.679768430925
528 1728.0 49.0 448.0 358.0 0.1161 0.2188 0.643904329493 0.629261011629 0.994598673814 -163.65969699 0.726650841056
529 3189.0 86.0 849.0 460.0 0.1088 0.2065 0.847675448393 0.662186440562 0.994920946394 -359.026807266 0.93471507349
530 3128.0 34.0 2916.0 908.0 0.0338 0.1924 0.817494615405 0.624914216973 0.99830797581 -122.265246146 -0.0918685307773
531 5053.0 100.0 1197.0 689.0 0.0908 0.1923 0.772921505981 0.678113888954 0.996515287235 -344.732208939 0.667816245803
532 8359.0 86.0 2274.0 1375.0 0.0817 0.1728 0.778589084423 0.6866919856 0.998405244633 -317.4137492 0.584843590214
533 3650.0 89.0 813.0 522.0 0.1282 0.2024 0.780726089044 0.666437441171 0.995509640408 -338.680340178 0.92968112757
534 3146.0 53.0 1260.0 666.0 0.0594 0.1964 0.734378201754 0.647201801108 0.997130588598 -173.238515067 0.241320252235
535 11207.0 75.0 7669.0 2118.0 0.0281 0.1632 0.970923454501 0.688649232754 0.999037465955 -322.23971621 0.778411337656
536 4684.0 60.0 949.0 948.0 0.154 0.1847 0.661163821393 0.661137405803 0.997932072371 -246.291295951 0.870489794153
537 1180.0 53.0 177.0 216.0 0.3244 0.2412 0.578714344103 0.621014452729 0.990431962232 -216.180111045 0.805671153892
538 2290.0 23.0 1444.0 829.0 0.0978 0.2029 0.685158198198 0.590712902551 0.99850749234 -90.370096569 0.635914494148
539 3286.0 18.0 3240.0 1417.0 0.0571 0.199 0.688456715164 0.571811474513 0.999330620111 -56.1018250304 -1.06068260031
540 3164.0 50.0 1932.0 700.0 0.0516 0.1951 0.877191679219 0.644970809595 0.997343022296 -175.087509023 0.606576610316
541 3111.0 42.0 2659.0 779.0 0.0325 0.1935 0.8580194984 0.636179100843 0.997801112894 -141.358941827 0.218441855158
542 5602.0 116.0 721.0 684.0 0.1485 0.1923 0.66975075581 0.683462947826 0.99631894413 -454.794629182 0.932496943378
543 1395.0 51.0 373.0 271.0 0.1219 0.231 0.706186020776 0.624372917516 0.992604811951 -179.594503268 0.917589979176
544 5684.0 54.0 3283.0 1272.0 0.0492 0.178 0.850975017071 0.661077926497 0.998548793449 -172.812011311 -0.131649473764
545 3410.0 68.0 1048.0 601.0 0.0792 0.1983 0.768013223902 0.657739317965 0.996483092632 -249.767897604 0.775738791186
546 6038.0 105.0 914.0 811.0 0.1408 0.1871 0.683602966537 0.683872956082 0.997018583291 -412.979402126 0.892693549419
547 5725.0 72.0 951.0 1033.0 0.1715 0.1813 0.663713156076 0.672369992119 0.997976640599 -308.501395498 0.925556060135
548 38938.0 234.0 27818.0 3396.0 0.0082 0.1495 1.20067231995 0.742821741073 0.999150877696 -810.81395676 -0.166708281169
549 2418.0 77.0 1124.0 366.0 0.0358 0.2161 0.846223896614 0.651367083287 0.99376810247 -231.741181238 0.0270754295455
550 7003.0 109.0 1545.0 930.0 0.0966 0.183 0.777679937411 0.688348231653 0.997390236169 -402.982903044 0.735149027257
551 2630.0 21.0 1805.0 1019.0 0.0869 0.2002 0.65358956265 0.584710084416 0.9988877989 -73.593212421 0.239035535011
552 3238.0 54.0 605.0 678.0 0.1949 0.1956 0.582964385353 0.648552829636 0.997165262777 -225.787678899 0.93987355758
553 4176.0 23.0 2184.0 1594.0 0.1258 0.1871 0.639202403549 0.600016081924 0.999273989292 -98.1789240333 0.724924383055
554 3863.0 40.0 1978.0 1026.0 0.0765 0.1867 0.752027745208 0.638505596781 0.998396852199 -145.871641386 0.522674256868
555 1598.0 17.0 772.0 671.0 0.184 0.219 0.534733016062 0.556374397802 0.998513236057 -63.0846933082 0.516492471324
556 5754.0 32.0 4194.0 1842.0 0.0531 0.176 0.757878150214 0.631824986754 0.99923473276 -105.099082107 -0.340190776704
557 3342.0 40.0 2725.0 874.0 0.0373 0.1908 0.846408071427 0.635618615186 0.99809603901 -146.052844116 0.461290466834
558 2604.0 66.0 677.0 453.0 0.1202 0.2083 0.716517968202 0.650014472282 0.995292358687 -229.335802857 0.781182680545
559 2287.0 48.0 678.0 500.0 0.1329 0.2065 0.693663808818 0.634917503518 0.996259082684 -192.498623772 0.931625484587
560 7107.0 137.0 1114.0 780.0 0.0989 0.188 0.739919983961 0.692643392071 0.996624276662 -466.460308837 0.619343369128
561 2449.0 36.0 1762.0 665.0 0.0503 0.2006 0.797960805252 0.622928973107 0.997570217813 -117.24685985 0.224998753624
562 563.0 32.0 179.0 136.0 0.22 0.2687 0.67244634698 0.581435756594 0.987115688622 -114.83930486 0.947835798897
563 3261.0 57.0 1541.0 656.0 0.0689 0.1967 0.860703561591 0.650778350228 0.997000305932 -219.395251474 0.847524676526
564 312.0 24.0 111.0 85.0 0.1773 0.2989 0.560593133972 0.5490211054 0.981008194387 -68.3834972428 0.813206777503
565 4154.0 104.0 578.0 532.0 0.1557 0.2012 0.646147115682 0.673264342591 0.995362492998 -377.248646952 0.854314463314
566 2865.0 82.0 315.0 423.0 0.2097 0.21 0.541871231902 0.658400614667 0.994536052182 -294.316107847 0.863689258918
567 11532.0 84.0 10384.0 2006.0 0.0146 0.1637 0.998547044892 0.693145826242 0.998937283526 -269.271900123 -0.844792185516
568 3696.0 83.0 1081.0 561.0 0.1013 0.2002 0.850342631613 0.665087712155 0.995938049788 -323.556676206 0.941572279068
569 2228.0 70.0 469.0 360.0 0.1288 0.2172 0.69577928051 0.647113550009 0.993870954139 -240.899999588 0.839074823675
570 8008.0 100.0 1599.0 1162.0 0.1038 0.1768 0.721595793397 0.689609035936 0.997993628167 -391.08158825 0.791435467771
571 3354.0 117.0 559.0 375.0 0.1176 0.2151 0.783189929419 0.669029909287 0.993023357858 -409.812511973 0.90862360131
572 4741.0 107.0 800.0 605.0 0.1183 0.1968 0.765715748069 0.677640528287 0.995913312815 -406.763189903 0.906733028498
573 6697.0 21.0 6300.0 2793.0 0.0537 0.1792 0.719210162979 0.597206850397 0.999638248117 -79.8778063368 -0.246326360428
574 8474.0 104.0 765.0 1200.0 0.1886 0.1756 0.563131197461 0.692127335865 0.998034559929 -456.681594414 0.954770714987
575 3624.0 99.0 748.0 474.0 0.1006 0.2057 0.767242590069 0.668829973606 0.994839974243 -366.137288109 0.916645746942
576 4163.0 55.0 733.0 887.0 0.177 0.1876 0.584232846567 0.65520570871 0.99785472785 -233.386298776 0.930324099104
577 3036.0 112.0 356.0 346.0 0.1545 0.2182 0.629432932716 0.665086026627 0.992520960201 -383.96092957 0.883011132566
578 3370.0 39.0 2071.0 897.0 0.0618 0.1906 0.799285146011 0.634023339166 0.998171396442 -144.213711813 0.599900042815
579 7614.0 34.0 7329.0 2403.0 0.0317 0.1693 0.817525633509 0.640796946121 0.999405505464 -125.057215657 -0.45427657233
580 5104.0 131.0 1393.0 554.0 0.0482 0.1995 0.875370725501 0.683139036575 0.995219453254 -416.338766562 0.531181949937
581 3304.0 52.0 1805.0 713.0 0.057 0.1944 0.846782570539 0.647190081242 0.997355780981 -197.465974934 0.781826354127
582 3414.0 61.0 864.0 656.0 0.1564 0.1956 0.731549047296 0.654297640475 0.996919783567 -255.201432016 0.970443563103
583 3569.0 49.0 1593.0 813.0 0.0856 0.1906 0.807860233115 0.646863935082 0.997754666337 -197.218478524 0.869497481238
584 2228.0 51.0 723.0 464.0 0.1256 0.2089 0.729815531754 0.636945558198 0.995842863016 -190.965513909 0.88818210995
585 4152.0 30.0 1803.0 1345.0 0.102 0.1844 0.644780146118 0.621713967989 0.998963394853 -119.769126164 0.660090138599
586 2076.0 42.0 1486.0 495.0 0.0447 0.2082 0.841463274824 0.626837914245 0.996423601269 -143.791498584 0.550730907016
587 3556.0 97.0 803.0 471.0 0.116 0.2058 0.80745737574 0.667826149154 0.994849237551 -366.113790975 0.94565516075
588 46.0 14.0 11.0 12.0 0.4907 0.506 0.379579525126 0.454667950846 0.870646469295 -27.1926525477 0.96012505936
589 1172.0 39.0 282.0 273.0 0.2845 0.2313 0.687338268383 0.60920406814 0.99342314816 -170.863418048 0.759040273194
590 4888.0 75.0 1093.0 837.0 0.1412 0.1872 0.71991047251 0.669797344236 0.99743458621 -313.068891158 0.943769033807
591 3135.0 52.0 2582.0 672.0 0.0276 0.1963 0.889118203248 0.645869502632 0.99718378814 -144.534934754 -0.987996523763
592 5626.0 204.0 1678.0 417.0 0.036 0.2116 1.00608609664 0.688500618422 0.992679673021 -563.317569444 0.216043565857
593 2523.0 36.0 1295.0 688.0 0.0705 0.1991 0.699639353323 0.623788224841 0.997655400005 -117.60505833 0.236411081437
594 7535.0 118.0 2827.0 947.0 0.0441 0.1822 0.930321872634 0.691980624237 0.997371043714 -389.828187794 0.37393139198
595 2451.0 81.0 316.0 357.0 0.1854 0.217 0.619929638367 0.653565813134 0.993475603787 -294.260946912 0.931095836887
596 3869.0 49.0 1402.0 890.0 0.1228 0.1886 0.788714195889 0.64867558574 0.997960581783 -223.286808209 0.986736014541
597 7074.0 127.0 1484.0 828.0 0.0766 0.1862 0.822643461844 0.691396520532 0.996901928047 -458.778490818 0.747441828215
598 508.0 24.0 68.0 150.0 0.6324 0.2644 0.333916161877 0.564128139843 0.989872790873 -107.235035879 -0.610664160448
599 9810.0 31.0 9345.0 3349.0 0.0355 0.1648 0.798738497199 0.637835660725 0.999605071487 -115.21571547 -0.214799455598
600 8674.0 90.0 1549.0 1383.0 0.0935 0.1724 0.715438885072 0.68893677047 0.998389193658 -356.768900228 0.761549471116
601 8910.0 96.0 1991.0 1354.0 0.0693 0.1728 0.756416461261 0.691224445233 0.998315768913 -350.625225768 0.563803199413
602 4599.0 27.0 3481.0 1607.0 0.0632 0.1824 0.760227776546 0.615406603498 0.999196704819 -104.494489842 0.464614376143
603 9126.0 75.0 5930.0 1686.0 0.0297 0.1684 0.945786227076 0.684252205318 0.998775933106 -249.386756093 -0.120800831456
604 6235.0 24.0 5812.0 2396.0 0.0478 0.1776 0.74588584129 0.609487440351 0.999521298615 -85.6968813878 -0.16643381301
605 12855.0 131.0 2485.0 1590.0 0.092 0.1677 0.853642542205 0.707422431441 0.998423119306 -560.257851395 0.895660069418
606 7038.0 51.0 3320.0 1679.0 0.0665 0.1716 0.781376581446 0.662863707146 0.998944424642 -208.589652592 0.662888995579
607 5867.0 36.0 4542.0 1744.0 0.0453 0.1751 0.817484074378 0.640102467746 0.999136250347 -127.230957013 0.0783020214646
608 9988.0 190.0 1393.0 868.0 0.0791 0.1847 0.808171839223 0.705441278223 0.996677927586 -668.187972525 0.703352893898
609 14175.0 106.0 2571.0 2105.0 0.0954 0.1616 0.744501153081 0.70465964253 0.998904121378 -453.039643848 0.825426421161
610 7534.0 151.0 1122.0 767.0 0.1333 0.1886 0.782163308825 0.695536483729 0.996461490903 -606.69101291 0.955853389533
611 3082.0 114.0 730.0 347.0 0.0717 0.2187 0.823480160407 0.665735490136 0.992496138166 -348.231203194 0.632154061253
612 1849.0 58.0 702.0 339.0 0.0938 0.2203 0.813558545488 0.636689917889 0.993883075982 -204.314046082 0.841719494926
613 23765.0 138.0 4495.0 3032.0 0.098 0.1527 0.82273907231 0.722717499317 0.999184086858 -701.921197754 0.984183357449
614 1913.0 53.0 279.0 378.0 0.2182 0.2161 0.530063731759 0.63444364742 0.994750343629 -195.590452305 0.89643700017
615 863.0 17.0 184.0 342.0 0.5557 0.2389 0.378911101455 0.547296039965 0.996780268848 -90.1122196304 -0.0464123948245
616 2473.0 29.0 1620.0 779.0 0.067 0.1991 0.710228185728 0.610152900565 0.998160554575 -102.8744325 0.131074080808
617 5608.0 71.0 3022.0 1020.0 0.0462 0.1819 0.943478389912 0.671375343204 0.997960555162 -289.04767348 0.870852073276
618 2642.0 215.0 374.0 159.0 0.0852 0.2614 0.85015318115 0.661270332699 0.979493520111 -554.008058329 0.633181083948
619 1949.0 52.0 1388.0 392.0 0.0364 0.215 0.881879325601 0.634203732458 0.994987531979 -148.453293386 0.0367512921909
620 1988.0 52.0 1344.0 401.0 0.0415 0.2141 0.897610797535 0.634851276144 0.995107691383 -202.149055244 0.69309940391
621 1110.0 23.0 546.0 373.0 0.1504 0.2277 0.659731404636 0.577735152998 0.996393846487 -89.3912049705 0.905890964483
622 11088.0 112.0 2477.0 1530.0 0.0613 0.1691 0.808778192432 0.700484879323 0.998439478587 -415.132149686 0.583324688449
623 3282.0 80.0 498.0 505.0 0.1846 0.2037 0.609786776056 0.661457921021 0.995511493299 -322.159940558 0.967247662206
624 8966.0 50.0 7981.0 2221.0 0.0251 0.1655 0.892645553449 0.666530078109 0.999222385362 -167.323308482 -0.493702441514
625 3771.0 47.0 2000.0 891.0 0.0593 0.1888 0.787666626837 0.645802046659 0.997999424831 -193.129280344 0.685062056236
626 3738.0 48.0 2187.0 869.0 0.0581 0.1891 0.865549364521 0.646820631017 0.997926892022 -199.720634589 0.907385498195
627 7441.0 116.0 1439.0 947.0 0.0903 0.1823 0.737861143637 0.691281785111 0.997385306105 -395.099769504 0.487953972377
628 1582.0 74.0 130.0 231.0 0.3775 0.2363 0.548442118721 0.63882805079 0.989929616287 -311.246594895 0.535247471018
629 7321.0 96.0 2940.0 1085.0 0.0437 0.1788 0.882753063562 0.686562474232 0.997873476428 -312.612583223 0.21754352006
630 5513.0 56.0 3362.0 1197.0 0.0457 0.179 0.894342904988 0.662061156273 0.998429428349 -224.837004808 0.765335728804
631 251.0 21.0 110.0 73.0 0.195 0.3092 0.622857725435 0.535259959319 0.978859908879 -62.2002670057 0.914145124404
632 13286.0 182.0 2130.0 1250.0 0.0938 0.1738 0.813088421086 0.713168775337 0.997759782367 -639.146653916 0.558629404395
633 4852.0 112.0 1313.0 597.0 0.0825 0.1973 0.882271170825 0.678960192825 0.995799750715 -394.944850963 0.782772320797
634 3403.0 73.0 919.0 567.0 0.1155 0.1997 0.786770276832 0.659904702699 0.996157797606 -305.82486536 0.977146941876
635 2972.0 52.0 1078.0 633.0 0.1018 0.1983 0.751266374107 0.644966074913 0.996997005619 -181.184335786 0.624621540712
636 9731.0 88.0 8449.0 1601.0 0.015 0.1689 1.00681714425 0.690914058917 0.998630266238 -287.65977438 -0.351804370409
637 4896.0 109.0 4036.0 618.0 0.0134 0.196 1.05001918549 0.678692876207 0.995980582252 -344.77874567 -0.143646853701
638 3736.0 75.0 1183.0 617.0 0.0779 0.1969 0.800599288896 0.662983751459 0.996454555053 -281.29066908 0.811271540546
639 2999.0 70.0 890.0 507.0 0.1061 0.2044 0.777796353772 0.655019357024 0.995742573562 -228.101350903 0.57519544689
640 11189.0 98.0 2244.0 1720.0 0.0947 0.1666 0.733314491495 0.697224944544 0.998680839126 -382.841326068 0.680034477263
641 4424.0 130.0 1252.0 472.0 0.0684 0.2056 0.936409638294 0.678460531848 0.994356130105 -482.458936408 0.906601217617
642 5518.0 88.0 1051.0 845.0 0.128 0.1865 0.686563764658 0.677166323687 0.997313052492 -364.417112577 0.919644734375
643 7881.0 127.0 4815.0 937.0 0.02 0.1824 1.05682138728 0.694592106156 0.997279288151 -395.85991118 0.0817327780037
644 4784.0 143.0 578.0 475.0 0.1064 0.2056 0.714269061806 0.681434933635 0.994236215858 -462.134265101 0.682754310411
645 10843.0 64.0 8056.0 2296.0 0.0276 0.1625 0.93213319157 0.681607314673 0.999168573136 -236.86583752 0.225633581675
646 73403.0 307.0 11544.0 5470.0 0.0349 0.14 0.901934183989 0.760197176556 0.999442005286 -1071.7071386 -0.225583942226
647 2350.0 70.0 966.0 383.0 0.0639 0.2145 0.847356900524 0.648300675055 0.994260916942 -241.858146468 0.799305689562
648 5545.0 43.0 4442.0 1454.0 0.0357 0.1768 0.857140002035 0.649261494234 0.998858795126 -153.844157657 0.179906055267
649 3326.0 32.0 1165.0 1011.0 0.1777 0.1904 0.678302123409 0.622159134925 0.99853967059 -177.046612288 0.540035596963
650 4352.0 169.0 785.0 366.0 0.0812 0.2166 0.913678043966 0.680170026955 0.992026990085 -555.240528808 0.834366172991
651 4131.0 41.0 1899.0 1086.0 0.0751 0.1848 0.71585460563 0.641154430469 0.998474758984 -148.499542638 0.432660706039
652 4290.0 90.0 683.0 623.0 0.1372 0.1961 0.631430300646 0.671431903399 0.996260222991 -316.22517967 0.729240811636
653 2724.0 17.0 2512.0 1195.0 0.069 0.2053 0.675090135305 0.563156729118 0.999233916205 -62.5276779984 0.219096667738
654 2438.0 42.0 1029.0 593.0 0.0972 0.2019 0.719672302837 0.63076101901 0.997054703952 -148.258696328 0.610286743734
655 3702.0 32.0 1161.0 1138.0 0.1692 0.1872 0.581383390045 0.624157457329 0.998713775032 -130.112948339 0.741067765949
656 3722.0 243.0 1331.0 215.0 0.0274 0.2448 1.13468593692 0.67320636642 0.984596334149 -604.793856197 0.274819289344
657 5670.0 80.0 1521.0 941.0 0.0866 0.1834 0.739008136082 0.675523653225 0.997679396418 -277.531205453 0.521400485379
658 4002.0 92.0 994.0 565.0 0.0923 0.1993 0.781678035416 0.669951130618 0.995820733665 -324.267451998 0.760441976823
659 3009.0 132.0 414.0 296.0 0.1273 0.2257 0.712076009767 0.666358786518 0.990711428398 -423.700869981 0.830776559926
660 1801.0 25.0 1099.0 604.0 0.0908 0.2096 0.679563674953 0.593536110207 0.997771243697 -85.6113166921 0.364329558077
661 4890.0 52.0 1824.0 1106.0 0.0629 0.1818 0.70593365477 0.656130427341 0.99834228781 -178.011141094 0.0549235707062
662 4262.0 20.0 3947.0 1767.0 0.0581 0.1897 0.708154750562 0.58646496485 0.999422729244 -72.3139934131 -0.0273481764711
663 9846.0 86.0 3726.0 1652.0 0.0523 0.1682 0.853132843127 0.690465317935 0.998685109819 -346.002633311 0.676154245271
664 8879.0 51.0 3227.0 2168.0 0.0908 0.1658 0.708515378343 0.667411540567 0.999195086096 -184.495302343 0.263032063116
665 3059.0 77.0 664.0 480.0 0.1273 0.2056 0.696840733329 0.65801795574 0.995331815663 -278.3559012 0.853819672306
666 1404.0 35.0 859.0 364.0 0.0747 0.2208 0.817651139745 0.60965586465 0.995395179895 -149.825350191 0.734828772641
667 5713.0 130.0 1292.0 635.0 0.0663 0.1949 0.852823296738 0.685977785365 0.995872311482 -477.90566194 0.838161601955
668 4096.0 189.0 1362.0 307.0 0.037 0.2251 1.04723972092 0.678185088029 0.990101336816 -520.873088096 0.422193873531
669 3969.0 36.0 1857.0 1136.0 0.1003 0.1856 0.73180219561 0.633045742529 0.998632337204 -157.745782242 0.901673684816
670 2731.0 255.0 724.0 139.0 0.0447 0.2717 1.11891571548 0.65970163769 0.975424214482 -675.261617057 0.786762493929
671 4767.0 59.0 1545.0 979.0 0.0907 0.1842 0.740157139714 0.660908008676 0.998014942816 -223.101565703 0.716495088384
672 3081.0 72.0 818.0 512.0 0.126 0.2039 0.77546496031 0.656968606431 0.995736359445 -282.070531208 0.944773674984
673 4473.0 81.0 3138.0 712.0 0.0244 0.192 0.977714618987 0.669939895135 0.996869552514 -254.109547301 0.18248878229
674 3628.0 51.0 1278.0 804.0 0.0765 0.1911 0.709492955579 0.648753509188 0.997690221682 -182.160573125 0.508938310136
675 6136.0 37.0 5973.0 1799.0 0.0285 0.1739 0.83458070007 0.642575980612 0.999152853612 -114.552083864 -1.34838171258
676 11728.0 109.0 3376.0 1665.0 0.0751 0.167 0.875130542775 0.700908643737 0.998585443203 -429.918474882 0.714875684423
677 5191.0 91.0 2105.0 767.0 0.0577 0.1894 0.947888357526 0.676359011883 0.996989572015 -365.426715602 0.925780504948
678 12820.0 22.0 10497.0 5441.0 0.066 0.1667 0.715240556299 0.609428109777 0.999820215934 -82.9175002901 -0.136652777254
679 3686.0 29.0 1499.0 1207.0 0.1244 0.1877 0.599381223239 0.617242607745 0.998856425408 -121.63448334 0.658080859974
680 1573.0 92.0 272.0 189.0 0.1457 0.2471 0.727772919333 0.641934665684 0.98662498622 -297.36355653 0.938622484862
681 7553.0 141.0 1650.0 816.0 0.1012 0.1866 0.937645758101 0.694748273283 0.996752564011 -582.327188659 0.966465999444
682 7758.0 79.0 2487.0 1352.0 0.0892 0.1736 0.840258905366 0.682353041066 0.998424502524 -333.05913332 0.877601396732
683 7404.0 299.0 1693.0 403.0 0.0347 0.2149 1.01783679662 0.696172862122 0.991627123362 -797.716933024 0.131836091207
684 6544.0 27.0 3706.0 2354.0 0.1023 0.1747 0.714811902884 0.620676571623 0.999469725819 -131.005050123 0.896778931337
685 3502.0 26.0 2645.0 1223.0 0.0644 0.1896 0.740799974857 0.607977911806 0.998943645652 -102.634651587 0.540865728582
686 8691.0 93.0 2082.0 1351.0 0.1145 0.1728 0.808915913788 0.689978218034 0.998329384157 -399.937916714 0.91599243956
687 15669.0 222.0 2173.0 1270.0 0.0732 0.1734 0.811992185893 0.71942193463 0.99766785352 -758.030519889 0.478679407084
688 7186.0 143.0 1293.0 762.0 0.0667 0.189 0.79852981169 0.693762262478 0.996491942268 -483.182084304 0.604201289147
689 3519.0 47.0 672.0 825.0 0.2268 0.1908 0.607589371766 0.644536016315 0.997827632821 -234.364793769 0.911454286355
690 1735.0 25.0 1046.0 580.0 0.1 0.2107 0.711286566738 0.592432352362 0.997668139048 -111.472039236 0.702649485738
691 2986.0 105.0 614.0 359.0 0.1071 0.2171 0.764924432903 0.663559872199 0.992953667132 -355.836592265 0.853136954978
692 8987.0 117.0 1166.0 1165.0 0.1402 0.1763 0.668241219853 0.696305674214 0.997891641533 -487.102817821 0.908312919978
693 6207.0 49.0 5808.0 1503.0 0.0233 0.1746 0.890857768538 0.658247782942 0.998833274333 -165.659044304 -0.433477672813
694 6329.0 167.0 1345.0 574.0 0.0985 0.1988 1.00599250835 0.691381908387 0.995054742666 -638.652883602 0.940981785797
695 6910.0 63.0 2934.0 1411.0 0.0745 0.1739 0.864242460754 0.671661970471 0.998617183407 -277.311590898 0.916495262536
696 3142.0 49.0 974.0 705.0 0.0824 0.1954 0.666271424857 0.643980668991 0.997384951732 -166.048102883 0.372943700134
697 1623.0 67.0 323.0 259.0 0.1261 0.2314 0.637912794256 0.637040426745 0.991393421649 -206.256738826 0.706607500542
698 6342.0 124.0 976.0 746.0 0.1003 0.1895 0.730918902345 0.68821378323 0.99656591225 -463.010224385 0.836328079445
699 6361.0 61.0 2448.0 1318.0 0.0753 0.1761 0.791203753747 0.66864794882 0.998532399665 -248.20569203 0.79480821878
700 5079.0 66.0 1719.0 966.0 0.0786 0.1838 0.737946362314 0.666520224183 0.997896346749 -220.052346398 0.313488913272
701 12153.0 99.0 4944.0 1871.0 0.0384 0.1645 0.892140507139 0.699342836852 0.998788509309 -385.075976527 0.594594298192
702 4163.0 61.0 800.0 820.0 0.1293 0.1893 0.631276912084 0.658867888869 0.997572288349 -245.113252891 0.882434384028
703 4307.0 57.0 2816.0 897.0 0.0349 0.1867 0.853256676908 0.657385250321 0.997850250276 -182.766182043 -0.0792642493191
704 9031.0 132.0 1191.0 1059.0 0.1313 0.1787 0.726022201801 0.698452704399 0.997579424078 -580.02999522 0.982600663751
705 5065.0 106.0 696.0 658.0 0.1373 0.1937 0.658383463554 0.679448231044 0.996271266982 -369.483821745 0.705529553872
706 2411.0 75.0 1662.0 373.0 0.0278 0.2156 0.974191761159 0.650825915766 0.993945739737 -271.852878552 0.69379829309
707 5859.0 91.0 862.0 881.0 0.1646 0.1851 0.656688311994 0.67971440753 0.997396883879 -400.135773461 0.986461130869
708 5077.0 73.0 1512.0 893.0 0.1041 0.1855 0.799513242998 0.669983924597 0.997626432181 -298.85942329 0.908193558523
709 227.0 42.0 47.0 35.0 0.3 0.3777 0.654821392783 0.551540283722 0.93741247803 -103.848883717 0.945587903854
710 3171.0 102.0 1561.0 395.0 0.0343 0.213 0.965626330887 0.664811583273 0.993690121655 -306.955326908 0.475076397331
711 3115.0 80.0 1250.0 475.0 0.0531 0.2063 0.85565244655 0.659263632418 0.995215789958 -253.083222905 0.510767637762
712 4426.0 101.0 742.0 587.0 0.1439 0.1978 0.724073412974 0.674597719297 0.995858043245 -380.561941435 0.892009139084
