0 30808.0 1546.0 7103.0 8607.0 0.0077 0.0066 1.39153711322 1.47304270617 0.933421734064
1 7350.0 1126.0 435.0 800.0 0.064 0.0499 1.07498266705 1.28613105349 0.750976129811
2 21918.0 592.0 2792.0 5105.0 0.0342 0.0229 1.04391128006 1.24749437091 0.674562101935
3 37740.0 2091.0 8240.0 6637.0 0.0086 0.0111 1.58108412194 1.48390563598 0.81575532602
4 30926.0 619.0 15520.0 12078.0 0.0062 0.009 1.39083377024 1.31865336321 0.947389214019
5 30310.0 367.0 3845.0 8183.0 0.0484 0.0281 0.900216714691 1.16529325983 0.27630361767
6 49489.0 919.0 8208.0 10289.0 0.0259 0.018 1.27535327701 1.32701035947 0.503847474162
7 49760.0 576.0 16820.0 23494.0 0.0078 0.0068 1.21527921306 1.32561071316 0.950066966404
8 28258.0 802.0 1778.0 3871.0 0.0769 0.0415 0.923459238251 1.24372573761 0.45347140163
9 15354.0 332.0 2851.0 3740.0 0.049 0.0372 1.03826396482 1.1314546982 0.651173069717
10 30157.0 3157.0 783.0 1504.0 0.1078 0.0624 1.12795338474 1.40388082267 0.605963899856
11 76628.0 1559.0 40043.0 34328.0 0.0022 0.0028 1.56503468108 1.52880957836 0.889442900861
12 41120.0 780.0 4761.0 9072.0 0.0309 0.0191 1.07999522248 1.29934455224 0.529409360235
13 57981.0 1056.0 11706.0 17424.0 0.0099 0.0083 1.29974218448 1.40051582456 0.771818919331
14 95050.0 413.0 45285.0 50086.0 0.0089 0.0078 1.23594474943 1.26906178436 0.880116521484
15 106085.0 1506.0 16946.0 24255.0 0.0139 0.0093 1.32018124487 1.44419992552 0.594330718812
16 29120.0 1728.0 2800.0 4087.0 0.0273 0.0197 1.28256342805 1.41457259319 0.716460018223
17 9879.0 492.0 2446.0 2309.0 0.027 0.0279 1.25692603808 1.20875025221 0.78503332643
18 22909.0 565.0 4018.0 6679.0 0.0238 0.0163 1.088735312 1.26501286965 0.708878458703
19 60865.0 701.0 11964.0 15279.0 0.0237 0.0169 1.2240777591 1.29245015237 0.47954530425
20 2143.0 464.0 142.0 149.0 0.1627 0.2152 1.04562780233 1.02010940976 0.877779545372
21 137055.0 384.0 80995.0 84098.0 0.0067 0.0064 1.25994946684 1.27121004749 0.942993365913
22 15796.0 1302.0 674.0 1454.0 0.0847 0.0525 1.0275782761 1.29438866499 0.657004195554
23 9628.0 236.0 1033.0 1826.0 0.1133 0.0779 0.812431259919 1.02712671087 0.466862443051
24 90418.0 974.0 5953.0 16198.0 0.0464 0.0217 0.935122165894 1.32093668349 0.21373561583
25 8127.0 379.0 620.0 1380.0 0.0984 0.0607 0.812102499785 1.11192215011 0.565815961365
26 1334.0 444.0 135.0 168.0 0.069 0.103 1.04829332036 1.10174221511 0.785208968898
27 48271.0 1893.0 4757.0 7514.0 0.0228 0.0148 1.29087494965 1.44746575217 0.654404136388
28 100445.0 367.0 29933.0 48072.0 0.0138 0.0104 1.08805112392 1.23352942219 0.572607891697
29 61012.0 878.0 7100.0 12167.0 0.0312 0.0201 1.12802056982 1.31209768274 0.361373517053
30 34414.0 1809.0 2439.0 3253.0 0.0513 0.0361 1.286726924 1.37197536996 0.621673759168
31 49945.0 3581.0 891.0 2724.0 0.0934 0.0473 1.07039908442 1.44758218478 0.560620064551
32 20385.0 295.0 15467.0 12169.0 0.0059 0.0089 1.25426992085 1.2136305495 0.719822291292
33 86800.0 1241.0 6631.0 13310.0 0.0393 0.0223 1.10996400052 1.35356253029 0.299519734045
34 6154.0 1148.0 701.0 754.0 0.0329 0.0405 1.29459188856 1.30659444028 0.824433192427
35 18802.0 1171.0 2435.0 2651.0 0.0312 0.0285 1.31298554188 1.33003242927 0.756407369917
36 26843.0 508.0 7892.0 7675.0 0.0187 0.0187 1.26896835079 1.24037682147 0.738243023536
37 47970.0 800.0 13952.0 13203.0 0.0127 0.0127 1.38079844292 1.33143224932 0.693920383307
38 59779.0 1602.0 6101.0 9610.0 0.0243 0.0163 1.30773419483 1.41508187944 0.534847121787
39 50957.0 906.0 11975.0 13429.0 0.014 0.0121 1.32410896038 1.3526331231 0.723480540216
40 2829.0 523.0 246.0 294.0 0.0804 0.1104 1.05319981169 1.11113046094 0.890263191655
41 899671.0 1987.0 129185.0 231171.0 0.0108 0.0057 1.31167664609 1.51707000829 -0.151618091597
42 28883.0 777.0 5949.0 6089.0 0.0233 0.0208 1.32027479518 1.29287494179 0.640088047927
43 44444.0 817.0 12934.0 12349.0 0.0122 0.0123 1.37779389517 1.33700995568 0.736297220043
44 27901.0 1088.0 8018.0 8955.0 0.0082 0.0073 1.37542763704 1.4144539302 0.919723436805
45 874.0 284.0 52.0 44.0 0.3089 0.4682 0.947239809117 0.859567667152 0.650058910091
46 23715.0 1532.0 887.0 2092.0 0.0835 0.0475 1.03548048841 1.32484906047 0.605444672277
47 6279.0 676.0 231.0 647.0 0.1215 0.0822 0.834497725708 1.16559839142 0.695682046528
48 127281.0 1164.0 35865.0 38562.0 0.0078 0.0074 1.40085878079 1.42209679159 0.640227621701
49 37813.0 1672.0 3165.0 5488.0 0.0267 0.0189 1.26300492331 1.41162760485 0.670560161906
50 425.0 184.0 30.0 35.0 0.3286 0.3948 0.781621390825 0.840625542534 0.636911076937
51 36064.0 317.0 17674.0 16515.0 0.0119 0.0131 1.22076019414 1.19815493809 0.879544356688
52 18412.0 459.0 1475.0 3377.0 0.0741 0.0437 0.868804663504 1.16291553785 0.508338354591
53 7939.0 52.0 2958.0 3374.0 0.1052 0.089 0.778544893831 0.822804464958 0.503277985819
54 79585.0 3247.0 5334.0 7803.0 0.0264 0.0192 1.41778314802 1.50815324918 0.615930830699
55 88208.0 236.0 40104.0 50005.0 0.0143 0.012 1.07183419726 1.16191620701 0.817374077322
56 56647.0 1063.0 7711.0 11164.0 0.028 0.0171 1.22890886254 1.35161636696 0.484324226875
57 37075.0 429.0 5568.0 9882.0 0.0402 0.0247 0.989118939454 1.19635791383 0.460825489868
58 27489.0 1665.0 4546.0 5533.0 0.0126 0.0111 1.37916581004 1.45072788148 0.86229753378
59 38545.0 361.0 7648.0 12698.0 0.0276 0.0203 1.02157434486 1.18615224877 0.562323490775
60 2128.0 459.0 160.0 167.0 0.1328 0.1865 1.04120310014 1.03807199126 0.871362483009
61 13790.0 472.0 7087.0 4622.0 0.0079 0.0155 1.34667880007 1.24401943569 0.884659331082
62 38213.0 786.0 7448.0 9097.0 0.0218 0.0166 1.260007033 1.31025698607 0.603543739597
63 41251.0 1578.0 1479.0 3879.0 0.0778 0.0407 0.994622650157 1.34064438278 0.530674194764
64 23899.0 1283.0 1743.0 1985.0 0.0808 0.0609 1.2699502074 1.27604887389 0.570737950161
65 7693.0 252.0 2198.0 2562.0 0.0349 0.0291 1.06463534854 1.1129584751 0.804053409672
66 29063.0 1075.0 2692.0 5412.0 0.0305 0.0189 1.08657985068 1.3469937323 0.658801437043
67 116789.0 1280.0 15479.0 26820.0 0.018 0.0109 1.22679272134 1.40989818221 0.461728322435
68 65371.0 2658.0 5463.0 9862.0 0.0209 0.0113 1.29205549426 1.517840858 0.654175667018
69 49195.0 3916.0 624.0 2521.0 0.1035 0.0483 0.98843554294 1.45881092066 0.548783605145
70 38568.0 469.0 5690.0 9794.0 0.039 0.0245 1.02368258016 1.20909518797 0.435163722862
71 4844.0 599.0 667.0 841.0 0.0484 0.0409 1.1280606202 1.21250980905 0.749347605675
72 27442.0 963.0 2402.0 4410.0 0.0471 0.027 1.07813784153 1.30458942168 0.517257206569
73 65750.0 3011.0 3243.0 7959.0 0.0277 0.0146 1.25395536762 1.51828235634 0.561463950721
74 7037.0 178.0 2208.0 2750.0 0.0368 0.031 0.974724235531 1.06094774921 0.843248887635
75 46728.0 475.0 6371.0 12745.0 0.0323 0.0214 1.03904675958 1.22055322302 0.409476705111
76 26537.0 1581.0 2758.0 3344.0 0.0287 0.0257 1.34817523836 1.38106861654 0.696957341623
77 34308.0 1088.0 2509.0 5354.0 0.0424 0.025 1.05967996089 1.32724181002 0.623147866256
78 27330.0 1228.0 1744.0 3564.0 0.0472 0.0305 1.12667273515 1.33009889934 0.605430947183
79 80052.0 667.0 20403.0 26951.0 0.0151 0.0106 1.21772059873 1.31694516831 0.604217464447
80 1140.0 290.0 110.0 93.0 0.1651 0.2646 1.00669392064 0.945998352408 0.810605423363
81 31013.0 2740.0 788.0 1973.0 0.0872 0.0478 1.06470721312 1.40883324063 0.644289932107
82 74354.0 701.0 16859.0 21073.0 0.0164 0.0137 1.25019277217 1.30704989268 0.433265965768
83 22139.0 1253.0 2191.0 2792.0 0.0366 0.0319 1.27212674238 1.32998187812 0.721092373435
84 7073.0 599.0 685.0 1079.0 0.0617 0.0482 1.04103799378 1.19505306981 0.792291539496
85 39641.0 815.0 5092.0 9601.0 0.025 0.0156 1.12940432171 1.32004414303 0.552288188196
86 46459.0 2787.0 1674.0 3860.0 0.0559 0.0298 1.14663857445 1.45134404377 0.629750236454
87 69809.0 480.0 35089.0 44804.0 0.005 0.0048 1.21930725468 1.32256274835 0.82283764654
88 29972.0 526.0 3281.0 6345.0 0.0485 0.03 1.0108045104 1.21045463598 0.427221900187
89 808.0 233.0 66.0 58.0 0.2484 0.3649 0.928061021837 0.875405501753 0.729978803657
90 22515.0 642.0 2048.0 4526.0 0.0476 0.0273 0.970019114558 1.24626069063 0.516886923052
91 44929.0 2631.0 2456.0 4184.0 0.0424 0.026 1.27465609419 1.4540071503 0.660464621903
92 21543.0 540.0 2092.0 4636.0 0.0493 0.0286 0.957211151435 1.21808463092 0.479206811612
93 3202.0 230.0 417.0 627.0 0.1019 0.0793 0.882184079252 1.02579583687 0.714753185256
94 20112.0 888.0 3458.0 3512.0 0.0274 0.0256 1.32218105683 1.29773254295 0.721591261136
95 42446.0 1955.0 1836.0 4235.0 0.0591 0.0304 1.0707913273 1.39685818572 0.562643892566
96 55434.0 1500.0 7718.0 8139.0 0.0253 0.0203 1.43159116762 1.38933951595 0.487772364413
