54.0 19831.0 596.0 2309.0 563.0 0.062 0.0319 1.09120161278 1.26820431929 0.247037987057
57.0 31404.0 843.0 2166.0 656.0 0.0443 0.0303 0.953099210832 1.31150016405 0.549601253502
88.0 8550.0 1194.0 628.0 317.0 0.0478 0.0706 1.12675638126 1.2056005205 0.881722886193
167.0 30283.0 2632.0 1539.0 758.0 0.0556 0.0375 1.2568374618 1.37556294239 0.565878298395
174.0 24872.0 2355.0 473.0 281.0 0.1165 0.0936 0.92622050378 1.18815484102 0.483910355115
225.0 58696.0 3634.0 1120.0 621.0 0.1086 0.0501 1.0260686868 1.34022358521 0.379303584301
328.0 24259.0 1321.0 1571.0 643.0 0.0433 0.0359 1.12846553544 1.32933396486 0.599062302785
355.0 28650.0 1348.0 2737.0 921.0 0.0243 0.0246 1.19530441592 1.38726893333 0.534364207216
437.0 41751.0 858.0 1991.0 632.0 0.0706 0.0318 0.900851230708 1.30682494735 0.163844698237
440.0 7940.0 376.0 1029.0 303.0 0.0582 0.0526 1.00885251127 1.15646261271 0.369183008285
482.0 12033.0 464.0 1171.0 358.0 0.0697 0.0473 0.947252402825 1.19159194844 0.448377011907
502.0 63004.0 1086.0 3905.0 989.0 0.057 0.0211 1.01163500138 1.38534479602 0.124251480168
507.0 2024.0 395.0 224.0 112.0 0.0798 0.1372 1.04637163915 1.01175148637 0.271028874337
555.0 12536.0 262.0 1600.0 291.0 0.1077 0.0494 0.898465774351 1.12476750064 -0.0387510582587
574.0 13081.0 316.0 1436.0 317.0 0.0714 0.0477 0.829713057137 1.14962453977 0.506594064701
578.0 7230.0 503.0 962.0 333.0 0.0365 0.0524 1.03826386774 1.18461800205 0.778320185105
580.0 14071.0 300.0 2064.0 348.0 0.0567 0.0426 0.917300858145 1.1570667288 0.460106042008
697.0 61216.0 2787.0 8503.0 2368.0 0.0117 0.011 1.49189730823 1.57042754036 0.673800826377
705.0 59525.0 3876.0 3294.0 1483.0 0.0398 0.021 1.42903385986 1.5061273346 0.491355528068
707.0 16.0 14.0 3.0 2.0 0.8312 0.9454 0.636307438832 0.636307438832 0.853309241909
711.0 35824.0 2440.0 4746.0 1626.0 0.0179 0.0162 1.55838004194 1.50531741303 0.583455556892
713.0 42051.0 2688.0 7254.0 2158.0 0.0094 0.0121 1.59533114411 1.55428392466 0.473847616257
742.0 38782.0 867.0 1221.0 473.0 0.1361 0.0432 0.748002308002 1.26369313462 0.309166652927
755.0 7401.0 808.0 623.0 289.0 0.0621 0.0692 1.07443628568 1.18109047213 0.785494231187
793.0 21107.0 1139.0 4785.0 1148.0 0.014 0.0182 1.4326220078 1.40855676693 0.695625709721
806.0 4451.0 1130.0 834.0 390.0 0.0232 0.0568 1.497800116 1.24013162823 0.911638628952
811.0 25633.0 1528.0 1581.0 675.0 0.0586 0.0357 1.13637807886 1.34203566201 0.521435023775
874.0 24258.0 701.0 3426.0 727.0 0.0273 0.0255 1.08819999516 1.31307925119 0.46400272675
883.0 16970.0 393.0 2395.0 439.0 0.0517 0.0364 0.959081033282 1.20605435972 0.535869070121
909.0 2717.0 561.0 115.0 69.0 0.2029 0.2192 0.979613583893 0.941760443054 0.103335136755
955.0 50806.0 2078.0 1993.0 869.0 0.0489 0.0303 1.09381168482 1.39474814665 0.280804919668
956.0 33591.0 658.0 2243.0 586.0 0.0648 0.0315 0.896122992542 1.28034866077 0.515690599757
1002.0 20192.0 1120.0 1639.0 626.0 0.0467 0.035 1.10942088344 1.31842094014 0.579598328343
1095.0 26970.0 636.0 2531.0 605.0 0.0674 0.0301 1.01321083777 1.28244905165 0.0664047162768
1146.0 34919.0 2411.0 1765.0 826.0 0.0298 0.0334 1.16466913016 1.38930885681 0.746690855254
1149.0 52293.0 3465.0 4594.0 1813.0 0.022 0.0162 1.5119385542 1.53813039216 0.595268448006
1156.0 51231.0 3734.0 3740.0 1610.0 0.0343 0.019 1.58994264056 1.51981231456 0.531979092124
1218.0 17539.0 799.0 2060.0 623.0 0.0447 0.0315 1.20353492618 1.30103734997 0.331093284998
1220.0 19895.0 1173.0 1066.0 472.0 0.0779 0.0475 1.02678534424 1.27413835445 0.40799883699
1224.0 13814.0 510.0 2697.0 556.0 0.028 0.0307 1.12137237964 1.25486876715 0.665564361601
1229.0 19453.0 512.0 2476.0 527.0 0.0491 0.0326 1.0285957416 1.24849055461 0.212734299049
1242.0 3800.0 372.0 517.0 202.0 0.0554 0.0785 0.997638425072 1.0985305769 0.750194319641
1261.0 20736.0 1050.0 1300.0 526.0 0.054 0.0411 0.973910210041 1.28814269326 0.611542512939
1342.0 33111.0 3231.0 501.0 306.0 0.1362 0.0934 0.933408949767 1.20222277389 0.499174449253
1451.0 43089.0 3010.0 1722.0 852.0 0.0642 0.0347 1.21555502185 1.39900913237 0.441522104575
1485.0 23080.0 1227.0 3105.0 948.0 0.0276 0.0231 1.3401445344 1.38660886768 0.498510952079
1519.0 15062.0 1042.0 610.0 301.0 0.128 0.0714 0.9284689796 1.19417045847 0.303133061497
1540.0 19301.0 807.0 2155.0 641.0 0.0342 0.0307 1.11279852126 1.30564471546 0.479952052407
1548.0 10569.0 229.0 1524.0 263.0 0.0602 0.0523 0.822796198917 1.10243234944 0.460894460247
1557.0 29673.0 1559.0 2353.0 889.0 0.0338 0.0269 1.15459759132 1.38837459993 0.656473725557
1568.0 40928.0 1459.0 2212.0 834.0 0.0752 0.0282 1.11380386235 1.37524468902 0.109694347696
1572.0 19476.0 685.0 2558.0 638.0 0.0382 0.0291 1.10922478056 1.2945553605 0.527182188294
1592.0 37816.0 1603.0 1926.0 786.0 0.0658 0.0309 1.12733518941 1.36945406829 0.230780221067
1611.0 1186.0 347.0 50.0 1.0 0.3291 1.0 0.866675196351 0.0 -2.84627409355
1612.0 2643.0 418.0 297.0 141.0 0.0681 0.1133 1.03988855264 1.05021891961 0.395113568387
1617.0 1240.0 278.0 122.0 1.0 0.1178 1.0 0.934905289081 0.0 -2.19699535248
1625.0 7485.0 790.0 461.0 228.0 0.0703 0.086 0.939681930858 1.14232708173 0.799181105691
1664.0 13538.0 430.0 1919.0 432.0 0.0358 0.0381 1.00774261925 1.21093438833 0.555304763832
1675.0 3541.0 243.0 588.0 184.0 0.0716 0.076 0.948241389905 1.06327724543 0.633379198408
1724.0 19781.0 2388.0 283.0 179.0 0.1684 0.1377 0.861027174606 1.10334037639 0.513446099927
1741.0 17586.0 705.0 1982.0 575.0 0.0327 0.0329 1.04967226664 1.2822281464 0.712884987736
1802.0 64872.0 1787.0 10843.0 2014.0 0.0125 0.0113 1.42040208235 1.51689149431 0.430193426883
1803.0 54472.0 1141.0 2594.0 831.0 0.0723 0.026 0.965975269851 1.36301167575 0.209154033701
1831.0 26694.0 1002.0 5003.0 1065.0 0.0104 0.0189 1.23558045231 1.38938957356 0.622058840868
1847.0 10508.0 219.0 1475.0 252.0 0.0725 0.0543 0.819797276282 1.09372860638 0.489305855172
2011.0 42204.0 2753.0 11634.0 2847.0 0.0047 0.0089 1.7133420399 1.59547095505 0.582052979488
2016.0 40419.0 3203.0 653.0 385.0 0.1323 0.0759 0.946320032637 1.24713036945 0.443159458589
2049.0 41470.0 2478.0 6689.0 1986.0 0.0105 0.0129 1.52178663307 1.53702462466 0.662957503733
2053.0 2084.0 75.0 236.0 65.0 0.216 0.1492 0.510709811732 0.860299248039 0.374094609888
2093.0 15674.0 590.0 3023.0 635.0 0.0245 0.0279 1.16007204012 1.28304488446 0.657540713252
2096.0 31143.0 1374.0 1489.0 627.0 0.0725 0.0373 1.06924240451 1.32647218138 0.200153805514
2135.0 8520.0 663.0 1396.0 464.0 0.0388 0.0404 1.24029364784 1.24814009129 0.692938658059
2226.0 1563.0 362.0 138.0 75.0 0.138 0.1874 1.05567367578 0.947949824623 0.153998062369
2245.0 27718.0 891.0 2496.0 724.0 0.0476 0.0278 1.1267798161 1.32879185175 0.257070675211
2251.0 55570.0 2713.0 4606.0 1665.0 0.0263 0.0163 1.4161947207 1.51412271511 0.450807149051
2253.0 57799.0 3233.0 10121.0 2799.0 0.0086 0.0096 1.67859814899 1.60411910248 0.389006875448
2287.0 35550.0 1378.0 2629.0 908.0 0.0434 0.0252 1.18491158309 1.38625602278 0.406099035666
2311.0 68767.0 3446.0 7315.0 2414.0 0.017 0.0117 1.56877194767 1.58514381486 0.356892736903
2344.0 55247.0 2608.0 1448.0 721.0 0.0603 0.0394 1.01119183812 1.36595284023 0.331802732492
2352.0 1346.0 393.0 66.0 41.0 0.3025 0.2992 0.973555046653 0.855090105022 -0.209222890283
2359.0 29694.0 2183.0 662.0 369.0 0.1003 0.0718 0.977050219923 1.23934250844 0.387097374528
2375.0 20637.0 585.0 2073.0 531.0 0.043 0.0337 0.994885694724 1.25988344445 0.47780735698
2393.0 18002.0 369.0 2151.0 403.0 0.0579 0.039 0.911658097006 1.19077976819 0.363505654635
2469.0 1246.0 560.0 118.0 71.0 0.0933 0.2136 1.1491408157 0.944774253742 0.813212732589
2470.0 1585.0 666.0 116.0 71.0 0.1291 0.2216 1.17033252941 0.947000258544 0.971558676933
2481.0 27944.0 978.0 2099.0 690.0 0.0611 0.0302 1.08215654306 1.32716190829 0.189730529527
2503.0 29142.0 511.0 3771.0 598.0 0.04 0.0284 0.982602933038 1.26440734756 0.41994950393
2505.0 32.0 27.0 2.0 2.0 0.903 0.9259 0.418448197529 0.540939028334 0.509090909091
2509.0 3103.0 297.0 273.0 122.0 0.111 0.1183 0.844901637586 1.017278663 0.646006702675
2530.0 54283.0 3477.0 2981.0 1339.0 0.0397 0.0226 1.45254524052 1.48497908177 0.451665718299
2535.0 31990.0 1038.0 5116.0 1087.0 0.0284 0.0187 1.37093655277 1.39480309057 0.269506832276
2565.0 42484.0 3279.0 4066.0 1640.0 0.0243 0.0178 1.59541266981 1.51886211248 0.56742332594
2571.0 5578.0 291.0 648.0 210.0 0.0872 0.0703 0.909925413144 1.09062373569 0.435356439376
2615.0 40597.0 1629.0 1172.0 551.0 0.0794 0.0448 0.925037256864 1.30875962379 0.322356776622
2629.0 20782.0 1862.0 1870.0 805.0 0.0321 0.0316 1.34886893755 1.37836460631 0.692216322789
2647.0 4900.0 249.0 569.0 183.0 0.0652 0.0772 0.843281630046 1.06433838666 0.639179756847
2697.0 30674.0 1106.0 2690.0 836.0 0.0563 0.0256 1.18241340099 1.36208522088 0.234635156755
2710.0 5480.0 209.0 1083.0 227.0 0.066 0.0593 0.924192901905 1.07816402614 0.590294908837
2728.0 28387.0 587.0 2926.0 607.0 0.0456 0.0292 0.970709766552 1.27706123819 0.524683916138
2743.0 55872.0 1052.0 4328.0 1012.0 0.039 0.0203 1.05894662635 1.38603403009 0.468440478665
2747.0 2242.0 473.0 252.0 128.0 0.0903 0.1272 1.13800833487 1.0368604381 0.168221185097
2752.0 950.0 212.0 102.0 54.0 0.1541 0.2183 0.883352316842 0.888506903632 0.285890049643
2777.0 28557.0 2291.0 983.0 516.0 0.075 0.0529 1.09660902816 1.30227315559 0.571241693678
2808.0 89825.0 2300.0 3934.0 1418.0 0.05 0.0184 1.12795831517 1.4807226758 0.279403955662
2863.0 15261.0 977.0 738.0 344.0 0.0651 0.0616 0.95135328559 1.21570899078 0.602890703259
2904.0 50301.0 3753.0 695.0 415.0 0.1181 0.0737 0.95839289899 1.26105663726 0.439530909356
2905.0 54734.0 1018.0 6537.0 1143.0 0.0316 0.0175 1.14408838727 1.39998376614 0.477253546925
2937.0 44094.0 2559.0 6854.0 2041.0 0.0135 0.0127 1.61328740536 1.54304524026 0.490880532843
2962.0 6110.0 216.0 1056.0 227.0 0.0886 0.0598 0.981626919298 1.08182359045 0.194639856808
3005.0 13359.0 460.0 2673.0 520.0 0.0343 0.0318 1.12481475957 1.23899069001 0.603487453801
3025.0 40376.0 3185.0 508.0 310.0 0.1163 0.0921 0.914860797335 1.20507276602 0.462765045086
3046.0 48528.0 3608.0 830.0 482.0 0.1179 0.0636 0.974801820184 1.29067091367 0.434678852917
3135.0 6599.0 566.0 699.0 284.0 0.0522 0.0635 0.988953725921 1.16775141363 0.760153317454
3231.0 30342.0 1311.0 3147.0 984.0 0.0225 0.0227 1.14231899226 1.39603616415 0.720353565114
3238.0 5773.0 1184.0 241.0 143.0 0.0904 0.143 0.991777630496 1.0651296075 0.898829660638
3260.0 31295.0 2284.0 1448.0 700.0 0.0504 0.039 1.20778902922 1.3582307484 0.546313695759
3266.0 68004.0 3529.0 9777.0 2860.0 0.0114 0.0097 1.67755732659 1.61260129893 0.409654087668
3294.0 32777.0 2941.0 719.0 414.0 0.1135 0.0696 1.03324736488 1.26150192008 0.530993758119
3323.0 27365.0 2591.0 590.0 343.0 0.0904 0.0801 1.02862764063 1.22573584585 0.494499895498
3332.0 15353.0 547.0 982.0 348.0 0.1272 0.0513 0.960762014255 1.19587966597 -0.326882634966
3376.0 20939.0 1191.0 906.0 420.0 0.0831 0.0537 0.956365122033 1.25420843022 0.513530206305
3409.0 30032.0 652.0 2716.0 631.0 0.038 0.029 0.946748988424 1.28979230436 0.594742361855
3418.0 6505.0 922.0 1146.0 463.0 0.0194 0.045 1.30930229007 1.26251151151 0.940861088144
3419.0 36545.0 1729.0 2359.0 923.0 0.0333 0.0267 1.12371230455 1.39874112277 0.629072500043
3453.0 45513.0 2314.0 6434.0 1878.0 0.0136 0.0135 1.48898865855 1.52472757543 0.508531867211
3456.0 49567.0 3212.0 5426.0 1965.0 0.0171 0.0144 1.55555972541 1.54849284068 0.431359817943
3463.0 2992.0 114.0 288.0 88.0 0.1702 0.1255 0.601060014574 0.920893219028 0.232243485381
3482.0 3670.0 667.0 318.0 165.0 0.0897 0.1105 1.15905852166 1.08446884642 0.262365009992
3536.0 33554.0 2720.0 815.0 455.0 0.0823 0.0624 1.05795328896 1.27967820643 0.479005956787
3544.0 44797.0 1030.0 3191.0 878.0 0.0468 0.0236 1.0587931776 1.36517674225 0.28847241019
3558.0 57243.0 3905.0 988.0 565.0 0.0973 0.0559 1.01667957192 1.32183404913 0.442959116658
3569.0 4937.0 1049.0 446.0 235.0 0.0722 0.09 1.29215605745 1.1510601609 0.884369727698
3591.0 73741.0 3755.0 7210.0 2482.0 0.0212 0.0117 1.64896020171 1.59364724573 0.356126065912
3592.0 50178.0 2905.0 8818.0 2477.0 0.0094 0.0107 1.65182895799 1.57943718477 0.422798182487
3606.0 40946.0 1388.0 1960.0 758.0 0.0757 0.0307 1.11292079506 1.35794146605 0.0428150727602
3757.0 37013.0 2036.0 4045.0 1373.0 0.0279 0.0183 1.45575314816 1.46963237805 0.497532854224
3820.0 33428.0 2450.0 5160.0 1713.0 0.0126 0.0153 1.55791305738 1.5137267695 0.572663809048
3885.0 1327.0 303.0 162.0 83.0 0.126 0.1663 1.07435329646 0.959143022672 0.172061659043
3888.0 21815.0 1545.0 1194.0 552.0 0.062 0.0441 1.09244485799 1.30824697522 0.611247195913
3967.0 25421.0 968.0 1400.0 537.0 0.0541 0.0392 0.994753112316 1.28799432247 0.324837801007
3968.0 40269.0 1124.0 3340.0 940.0 0.0313 0.0226 1.13637478859 1.38028620306 0.300616291799
3985.0 24259.0 666.0 1746.0 523.0 0.0618 0.0357 0.919281338749 1.26507297072 0.468877599629
4081.0 2799.0 500.0 214.0 113.0 0.0925 0.1435 1.03179990299 1.01720397068 0.319796546826
4091.0 2051.0 512.0 134.0 78.0 0.1668 0.1956 1.074331318 0.960484585324 0.0386006267783
4093.0 5033.0 300.0 1126.0 287.0 0.0485 0.0521 1.10140497962 1.13311944921 0.692448297671
4112.0 28595.0 1264.0 1783.0 690.0 0.0637 0.0328 1.12062259261 1.33890038758 0.162899874462
4133.0 4246.0 318.0 927.0 269.0 0.0344 0.0565 1.04229755314 1.1295945722 0.86480226476
4169.0 31425.0 2023.0 4606.0 1478.0 0.0129 0.0168 1.40018979859 1.48094367397 0.783986905685
4185.0 41920.0 2102.0 6001.0 1730.0 0.0133 0.0143 1.41410543661 1.50684437225 0.602947398904
4196.0 2294.0 361.0 312.0 141.0 0.0604 0.1089 1.04826539094 1.04384038107 0.318164509838
4197.0 1774.0 326.0 280.0 127.0 0.0673 0.1168 1.05686048784 1.02555217627 0.397741421853
4247.0 1745.0 64.0 181.0 53.0 0.2676 0.1722 0.49280710171 0.823234712681 0.141466433038
4272.0 4002.0 409.0 702.0 1.0 0.0436 1.0 1.10705025215 0.0 -1.8524952686
4275.0 466.0 128.0 46.0 1.0 0.3341 1.0 0.832401666226 0.0 -2.74172532579
4330.0 26383.0 2485.0 451.0 270.0 0.1061 0.0981 0.964611910346 1.180108453 0.460999974934
4342.0 6499.0 982.0 316.0 175.0 0.0865 0.1152 0.973195154173 1.09920972804 0.814661728887
4359.0 39184.0 3332.0 599.0 359.0 0.1269 0.0817 0.954693568186 1.23354326583 0.462948503626
4383.0 10371.0 307.0 1437.0 314.0 0.0591 0.0478 0.890683038544 1.14665225588 0.57276588922
4403.0 21391.0 1299.0 1433.0 600.0 0.0427 0.0383 1.18758368086 1.317096514 0.447736361781
4405.0 45.0 38.0 3.0 3.0 0.8736 0.8847 0.53752752458 0.627970570803 0.686077930125
4421.0 33557.0 2747.0 1525.0 759.0 0.0439 0.038 1.19785834467 1.37622357761 0.659308474355
4482.0 46589.0 879.0 4358.0 906.0 0.0505 0.0216 1.0923545635 1.35881379502 0.42383389817
4537.0 57972.0 3337.0 3044.0 1345.0 0.042 0.0222 1.3699262216 1.48474735566 0.466641211282
4556.0 1569.0 367.0 108.0 1.0 0.1654 1.0 0.961231815621 0.0 -2.44798777598
4562.0 3010.0 594.0 270.0 142.0 0.104 0.1226 1.13948050836 1.05817698676 0.253875470074
4571.0 31868.0 591.0 2766.0 597.0 0.0578 0.0298 0.925923362097 1.2757033054 0.374827020474
4572.0 4012.0 288.0 411.0 159.0 0.1 0.0919 0.833072713814 1.0521840618 0.603570544601
4578.0 26598.0 517.0 3591.0 597.0 0.0447 0.0285 1.00099060423 1.26525494219 0.485985217073
4580.0 11549.0 411.0 1174.0 338.0 0.0662 0.0485 0.889845634648 1.17643415622 0.589268776588
4592.0 3843.0 722.0 236.0 1.0 0.1309 1.0 1.11479070061 0.0 -2.53486538319
4606.0 10919.0 429.0 2249.0 469.0 0.036 0.0349 1.130191421 1.22090074514 0.635038043483
4617.0 20101.0 763.0 2929.0 721.0 0.0384 0.0264 1.2334477539 1.31830226305 0.352070335188
4630.0 51586.0 959.0 4299.0 953.0 0.0548 0.0211 1.08546817302 1.37151178975 0.188974444882
4644.0 123.0 54.0 10.0 8.0 0.5122 0.6163 0.526263360346 0.646680129452 0.639013511642
4690.0 20864.0 813.0 2441.0 684.0 0.0515 0.0286 1.18712031316 1.31553161989 0.498374818115
4714.0 22285.0 566.0 2863.0 592.0 0.0538 0.0297 1.08995260454 1.27106962 0.367676888996
4785.0 34134.0 2884.0 3281.0 1360.0 0.0265 0.0209 1.56532819662 1.48236983986 0.498415832583
4808.0 44617.0 1027.0 5682.0 1106.0 0.0339 0.0183 1.22777805466 1.39618861414 0.455364123523
4814.0 9820.0 260.0 1331.0 274.0 0.0763 0.0524 0.895727974523 1.11703607463 0.329662426371
4821.0 925.0 281.0 236.0 108.0 0.0461 0.1299 1.1693033219 0.996222293377 0.927750116108
4823.0 27655.0 2392.0 4718.0 1612.0 0.0122 0.0162 1.60880426115 1.50290277318 0.649958703007
4845.0 11480.0 367.0 1492.0 354.0 0.0565 0.0445 0.91956259337 1.17437984774 0.547724411738
4894.0 32230.0 2372.0 714.0 398.0 0.0777 0.0683 1.00197380106 1.25371897272 0.432420082316
4917.0 42800.0 3277.0 738.0 429.0 0.1153 0.0692 0.978888066053 1.2681582192 0.460033001121
4939.0 17137.0 922.0 1639.0 582.0 0.0397 0.0355 1.06445684009 1.29808043215 0.752400243457
4979.0 22295.0 546.0 3082.0 594.0 0.0393 0.0292 1.05853585432 1.26880976656 0.205794118491
4983.0 7256.0 662.0 571.0 257.0 0.0616 0.0733 0.970811437212 1.15674089019 0.794376557203
4996.0 31508.0 2786.0 1587.0 786.0 0.0376 0.0368 1.24799336371 1.38290502672 0.662368163574
5006.0 19772.0 919.0 1159.0 466.0 0.066 0.0447 1.00464740971 1.26369544117 0.428480592655
5055.0 39376.0 926.0 5738.0 1041.0 0.0295 0.0188 1.23398913236 1.38058159284 0.418401774011
5123.0 23623.0 1727.0 3899.0 1258.0 0.0178 0.019 1.53107008872 1.44781869319 0.632675040023
5140.0 1882.0 344.0 188.0 95.0 0.1383 0.1521 1.02417594636 0.983023526795 0.165402794891
5147.0 34586.0 3032.0 1050.0 572.0 0.1106 0.0517 1.18447726058 1.32362969978 0.501842795832
5168.0 44530.0 1448.0 2020.0 784.0 0.0782 0.03 1.05140102403 1.36496731425 0.0452732256211
5175.0 51337.0 814.0 2250.0 657.0 0.0816 0.0299 0.820575140719 1.30982354719 0.429977157744
5244.0 27381.0 658.0 2866.0 649.0 0.0348 0.0282 1.04047105588 1.29431393637 0.384456307706
5258.0 23154.0 1861.0 1588.0 715.0 0.0319 0.0358 1.18154919744 1.3578436755 0.778994092076
5289.0 7230.0 1415.0 220.0 136.0 0.0948 0.1545 0.980883288854 1.05738297433 0.870354186547
5341.0 5835.0 161.0 599.0 149.0 0.1266 0.0834 0.694165867535 1.00868596042 0.399077413512
5344.0 3125.0 141.0 433.0 121.0 0.1217 0.0986 0.735451733736 0.975325296328 0.569520248214
5346.0 40587.0 2468.0 1636.0 784.0 0.0851 0.0356 1.18929381989 1.38052203097 0.252528657196
5349.0 37280.0 2256.0 2178.0 948.0 0.0562 0.0284 1.26122465202 1.41207316505 0.503449825153
5356.0 11608.0 282.0 1244.0 280.0 0.0738 0.0525 0.831321138282 1.12610752542 0.435569688322
5444.0 58864.0 3738.0 830.0 483.0 0.111 0.0641 0.927944487067 1.29077450417 0.409944341318
5468.0 22379.0 539.0 2912.0 577.0 0.0324 0.03 1.01219116981 1.26433645827 0.522589129973
5490.0 51917.0 3016.0 3279.0 1378.0 0.0412 0.0209 1.38164222071 1.48597871768 0.509644422813
5492.0 62545.0 2442.0 3982.0 1461.0 0.0254 0.0182 1.1947456032 1.48811717207 0.618672506722
5628.0 46907.0 1216.0 4006.0 1066.0 0.0422 0.0202 1.14601159095 1.40313711279 0.282041345236
5638.0 26201.0 1252.0 2759.0 896.0 0.0246 0.0247 1.20805312147 1.37936250647 0.61908575204
5700.0 40274.0 3289.0 484.0 298.0 0.1378 0.096 0.905190881229 1.19733814273 0.433756466926
5707.0 30258.0 2864.0 901.0 499.0 0.1065 0.0581 1.13632359964 1.29742351785 0.532664882624
5708.0 33894.0 3008.0 413.0 256.0 0.1379 0.1071 0.876232080042 1.16876005579 0.473717923962
5712.0 37853.0 1525.0 2036.0 803.0 0.0685 0.0297 1.08682336213 1.37112752522 0.26823611037
5736.0 2361.0 640.0 80.0 52.0 0.2004 0.2757 0.810051620568 0.899318216619 0.84030866056
5741.0 27873.0 2163.0 890.0 471.0 0.0688 0.0568 1.02627163522 1.28475859849 0.558665581633
5753.0 8061.0 1870.0 291.0 178.0 0.1455 0.1314 1.18049636074 1.10407911231 0.827395991342
5837.0 30909.0 2724.0 3604.0 1424.0 0.0178 0.0195 1.51016704929 1.48816862198 0.723312054791
5891.0 21127.0 613.0 1386.0 445.0 0.0837 0.0413 0.881574203278 1.23775867324 0.294727551448
5893.0 14881.0 667.0 684.0 293.0 0.102 0.0647 0.876232443343 1.17751960118 0.188727193832
5901.0 20792.0 655.0 1446.0 470.0 0.0746 0.0398 0.893525101604 1.24887008152 0.42436820767
5904.0 35950.0 1728.0 2512.0 961.0 0.0385 0.0256 1.18323842794 1.40517458513 0.487400143856
5905.0 30417.0 1849.0 2103.0 872.0 0.0351 0.029 1.26082300916 1.39156263991 0.547035509988
5924.0 37612.0 3274.0 1265.0 675.0 0.0846 0.0449 1.22738354597 1.35574465986 0.536504394022
5939.0 22170.0 631.0 1446.0 462.0 0.0811 0.0401 0.888745728403 1.24420791856 0.302913869994
5964.0 9678.0 379.0 1340.0 345.0 0.0542 0.0463 0.964650859229 1.17328479771 0.61422948439
5973.0 22106.0 2591.0 298.0 190.0 0.1528 0.1335 0.853404643488 1.11401063956 0.560133403332
6027.0 63138.0 3562.0 1648.0 851.0 0.0665 0.0365 1.07056053839 1.40082432262 0.429804918402
6084.0 3095.0 364.0 565.0 212.0 0.0433 0.0746 1.07174372303 1.10458590343 0.44241364094
6088.0 19669.0 887.0 1800.0 606.0 0.0379 0.0336 1.09883627475 1.30238161265 0.588458816996
6122.0 34275.0 1420.0 2710.0 935.0 0.0545 0.0246 1.23615950018 1.39211993213 0.0254042773739
6219.0 44628.0 2615.0 2200.0 993.0 0.0455 0.0283 1.25058085202 1.42441774348 0.482922301226
6235.0 1427.0 337.0 160.0 1.0 0.1455 1.0 1.11162030669 0.0 -2.71799676008
6276.0 42329.0 3280.0 2094.0 1011.0 0.066 0.0298 1.43496738311 1.43210514931 0.467331977524
6279.0 37713.0 3193.0 768.0 443.0 0.1063 0.0667 1.02995368221 1.27435007248 0.515027875485
6315.0 21950.0 783.0 1336.0 482.0 0.0743 0.0411 0.951319147995 1.26182611393 0.322383536624
6396.0 21487.0 1260.0 1325.0 563.0 0.0576 0.0406 1.05239212055 1.30534604724 0.561440084253
6438.0 2239.0 437.0 190.0 101.0 0.1316 0.1531 1.06220928402 0.99801869706 0.228728514266
6498.0 2140.0 310.0 359.0 149.0 0.0525 0.0996 1.02572595003 1.04557518568 0.442674346171
6499.0 26205.0 2404.0 1049.0 548.0 0.0599 0.0505 1.22835084669 1.31372116436 0.490232347675
6551.0 17054.0 459.0 2986.0 531.0 0.0338 0.0311 1.04675328647 1.2411881509 0.589558220656
6618.0 9095.0 373.0 2170.0 431.0 0.0378 0.0366 1.19423387498 1.1987883147 0.570764015184
6633.0 12209.0 439.0 1965.0 444.0 0.0365 0.0372 1.01496708735 1.2158258091 0.636834142725
6664.0 17089.0 916.0 989.0 418.0 0.0687 0.0498 1.0149000486 1.24539688481 0.471971884618
6665.0 25487.0 660.0 1767.0 524.0 0.075 0.0356 0.908551514981 1.26527703362 0.270918474269
6716.0 33923.0 2137.0 4218.0 1437.0 0.021 0.0177 1.47990940831 1.47939361015 0.638765650999
6727.0 6775.0 796.0 429.0 216.0 0.0832 0.0906 0.971358023444 1.13257378901 0.721756639344
6781.0 37166.0 991.0 2668.0 789.0 0.0485 0.0262 1.02852512056 1.34742692981 0.389872489106
6822.0 2887.0 413.0 409.0 178.0 0.0463 0.0912 1.06449763923 1.08481528051 0.432064355999
6828.0 30295.0 2785.0 826.0 462.0 0.0766 0.0619 1.07358599102 1.28250856831 0.534533910144
6837.0 19076.0 498.0 1387.0 404.0 0.0847 0.0427 0.853351429282 1.21196200023 0.262401915644
6886.0 782.0 200.0 108.0 55.0 0.1612 0.213 0.998420939342 0.887224169138 0.200987584109
6896.0 14609.0 281.0 1482.0 296.0 0.0734 0.0495 0.807722460596 1.13223271063 0.397805435076
6924.0 37751.0 1660.0 1912.0 790.0 0.0871 0.0311 1.14465379663 1.37126869081 0.209898044329
7038.0 48247.0 3539.0 1046.0 585.0 0.1023 0.0527 1.06550078799 1.32874598784 0.438971194908
7108.0 13274.0 385.0 1898.0 401.0 0.0541 0.0397 0.968005093506 1.19320007145 0.55603008544
7130.0 18459.0 557.0 1776.0 482.0 0.0661 0.0368 0.975896544756 1.24287717117 0.269688613633
7138.0 1311.0 292.0 118.0 64.0 0.17 0.2035 0.992363600352 0.920070041085 0.159044473239
7163.0 894.0 289.0 58.0 1.0 0.3071 1.0 0.980998474292 0.0 -3.3775633173
7255.0 33177.0 876.0 4843.0 950.0 0.0317 0.0205 1.22564563122 1.36462433249 0.430692754791
7269.0 2746.0 572.0 182.0 1.0 0.1434 1.0 1.11881424874 0.0 -2.52427292275
7271.0 1894.0 569.0 91.0 57.0 0.2583 0.2534 1.11778755493 0.913113863581 -0.267947384604
7295.0 4250.0 611.0 792.0 316.0 0.0283 0.0584 1.19788260822 1.18654241599 0.953497796825
7329.0 65.0 28.0 12.0 7.0 0.3601 0.6077 0.542789994437 0.58535546679 0.824596083717
7338.0 8271.0 377.0 930.0 288.0 0.0733 0.0554 0.943442451859 1.14894325285 0.398167109282
7372.0 24849.0 1193.0 1140.0 498.0 0.0699 0.0452 1.00980641398 1.28313602869 0.377255551509
7391.0 29173.0 490.0 3073.0 544.0 0.0413 0.031 0.965560871324 1.24973949577 0.487100851569
7440.0 7889.0 317.0 1279.0 307.0 0.047 0.0493 0.973648625079 1.14573310661 0.54048524487
7477.0 20337.0 1106.0 848.0 393.0 0.0916 0.0561 0.914021866789 1.24139580005 0.499457419421
7508.0 31760.0 1091.0 6311.0 1229.0 0.015 0.0166 1.32680552834 1.41438702719 0.654232265574
7515.0 18207.0 1315.0 1198.0 530.0 0.0714 0.0437 1.15329390922 1.29667001792 0.519740076941
7526.0 27096.0 1238.0 1673.0 657.0 0.0685 0.0344 1.1090761356 1.33003843428 0.309059309877
7595.0 9650.0 300.0 1024.0 268.0 0.0701 0.0557 0.815918742307 1.12521307602 0.595762865291
7600.0 2164.0 494.0 144.0 82.0 0.1899 0.1864 1.05979320688 0.96683165821 0.147821669242
7610.0 28607.0 1175.0 1690.0 649.0 0.0616 0.0342 1.08759290739 1.32617780895 0.296863097123
7653.0 48189.0 3564.0 763.0 447.0 0.122 0.068 0.958292654887 1.27567628126 0.431595331614
7658.0 36307.0 3347.0 512.0 314.0 0.1223 0.092 0.96566892849 1.20782279924 0.498241998452
7662.0 30742.0 2958.0 562.0 335.0 0.1414 0.0845 0.963208673096 1.22079458865 0.494928373752
7673.0 29894.0 944.0 5143.0 1029.0 0.0295 0.0192 1.39714656407 1.38049606636 0.135001961923
7688.0 9323.0 671.0 448.0 215.0 0.0905 0.0869 0.861438952243 1.12855341189 0.593249971089
7760.0 5610.0 654.0 673.0 288.0 0.0587 0.0651 1.14944571318 1.1749743686 0.789720859032
7784.0 2457.0 566.0 238.0 1.0 0.1016 1.0 1.18449812304 0.0 -2.65167574408
7794.0 14949.0 284.0 2096.0 334.0 0.0519 0.0436 0.912312659342 1.14739753847 0.406291074414
7820.0 41905.0 1046.0 5684.0 1123.0 0.0275 0.0181 1.24079007835 1.39954358254 0.41467347077
7844.0 27403.0 2814.0 1743.0 848.0 0.0475 0.0341 1.42670407803 1.39713802421 0.588516129601
7846.0 4035.0 253.0 813.0 224.0 0.0429 0.0636 0.958349578325 1.09090944094 0.828216640999
7865.0 20381.0 418.0 1738.0 404.0 0.0761 0.0405 0.883400996991 1.1999604604 0.261282009583
7935.0 17403.0 496.0 2183.0 493.0 0.0356 0.0345 1.00587973937 1.23799932355 0.611702358931
7993.0 7089.0 960.0 843.0 377.0 0.0352 0.0559 1.19857886402 1.22980610657 0.896105395874
7995.0 5768.0 880.0 459.0 232.0 0.0537 0.0871 1.08117702055 1.14610009024 0.859003282672
8016.0 62613.0 2722.0 2783.0 1191.0 0.0479 0.0236 1.18562496011 1.45743172163 0.374258696903
8020.0 20678.0 1270.0 550.0 289.0 0.1015 0.0782 0.894790725547 1.19051707942 0.442858509327
8022.0 28401.0 1867.0 4565.0 1420.0 0.0126 0.0171 1.41037508109 1.4704011037 0.815326042016
8023.0 30634.0 1778.0 1776.0 766.0 0.0491 0.0329 1.18676144393 1.3685687031 0.530943695203
8064.0 44468.0 1331.0 2884.0 944.0 0.0706 0.0239 1.14230967939 1.39023495251 0.0728332331816
8094.0 9819.0 1838.0 456.0 262.0 0.0941 0.0938 1.24876953947 1.1746486795 0.777152432332
8136.0 874.0 284.0 52.0 33.0 0.3089 0.3299 0.947239809117 0.822897873794 -0.275888050243
8171.0 30.0 12.0 12.0 6.0 0.4076 0.6025 0.549967029494 0.503314507496 0.824860500855
8240.0 29171.0 2228.0 3592.0 1324.0 0.017 0.0197 1.42215090484 1.46805176796 0.778686541445
8429.0 8738.0 337.0 1412.0 332.0 0.064 0.0464 1.02927174617 1.15982548955 0.458732572599
8467.0 7448.0 1149.0 825.0 388.0 0.0381 0.0574 1.27692066815 1.2401151193 0.886269850531
8476.0 22311.0 1219.0 1010.0 459.0 0.0679 0.0495 0.973012505018 1.27077364715 0.538516972149
8512.0 56437.0 3333.0 1402.0 737.0 0.075 0.0414 1.12988641868 1.37286764933 0.215445782865
8609.0 44993.0 973.0 6178.0 1097.0 0.0265 0.0181 1.21593258092 1.39124061814 0.409070032991
8619.0 43906.0 942.0 6425.0 1088.0 0.0297 0.018 1.25136458077 1.3875925145 0.393501219751
8633.0 1640.0 332.0 178.0 90.0 0.105 0.1586 1.00824093242 0.972485056422 0.203563863483
8639.0 47531.0 2760.0 2301.0 1042.0 0.046 0.0274 1.22208416044 1.43417943207 0.544215612961
8641.0 54957.0 3704.0 1883.0 954.0 0.0617 0.0329 1.1917874843 1.42317980692 0.526341912834
8652.0 44848.0 849.0 3210.0 790.0 0.0576 0.0249 1.00100558823 1.33806225038 0.22558807076
8668.0 31729.0 2841.0 848.0 473.0 0.0765 0.0609 1.08518896476 1.28687415965 0.529752752564
8675.0 28725.0 2613.0 634.0 365.0 0.092 0.0758 1.00067547163 1.23716726586 0.499752100369
8771.0 34915.0 1242.0 4477.0 1138.0 0.025 0.0189 1.23254862198 1.41361506331 0.652659429141
8785.0 27868.0 1269.0 1627.0 650.0 0.0804 0.035 1.09598859677 1.3294037485 0.251141235663
8787.0 14020.0 737.0 1865.0 570.0 0.0282 0.0336 1.12218266813 1.28337703374 0.617427836968
8924.0 35659.0 898.0 3949.0 890.0 0.0351 0.0222 1.12613486914 1.3576702696 0.467128204818
8991.0 11170.0 858.0 1036.0 422.0 0.0441 0.0484 1.06291224829 1.24429156796 0.779476671119
9007.0 51018.0 1167.0 3597.0 992.0 0.0438 0.0216 1.0830263706 1.39033986172 0.314901477789
9026.0 18066.0 1110.0 1003.0 445.0 0.0744 0.0496 1.04617486659 1.26247266793 0.406643628172
9073.0 26731.0 1308.0 4555.0 1190.0 0.0156 0.0183 1.37571347117 1.42332370186 0.559987032733
9077.0 18412.0 755.0 849.0 354.0 0.1005 0.0556 0.887979214199 1.21259181404 0.413439623168
9099.0 33350.0 842.0 2044.0 636.0 0.0664 0.0314 0.949992524284 1.30683485905 0.290992076824
9123.0 28659.0 595.0 3495.0 652.0 0.0407 0.0272 1.02265214836 1.28685784555 0.513662523483
9127.0 7250.0 821.0 511.0 249.0 0.0741 0.0801 0.978161193537 1.15717732944 0.810668469836
9180.0 1750.0 353.0 176.0 91.0 0.1009 0.1587 1.00888159202 0.97519952321 0.299242203574
9206.0 12733.0 741.0 2360.0 649.0 0.0221 0.0294 1.213021734 1.30187897972 0.778538674148
9214.0 15.0 14.0 2.0 2.0 0.9454 0.9454 0.636307438832 0.636307438832 1.0
9268.0 8221.0 1027.0 372.0 202.0 0.1053 0.1027 1.03957039803 1.12520503563 0.644675296983
9292.0 1044.0 180.0 231.0 93.0 0.0687 0.1328 0.973403572165 0.956285376981 0.901962234734
9317.0 27754.0 1430.0 2327.0 855.0 0.0278 0.0272 1.15776199765 1.37838877312 0.699171568758
9318.0 36452.0 1626.0 2376.0 908.0 0.037 0.0266 1.1271448701 1.39362001114 0.633087764685
9326.0 32388.0 782.0 2438.0 669.0 0.047 0.029 0.958930970623 1.30966502737 0.479634800059
9328.0 36376.0 794.0 5639.0 932.0 0.0265 0.0202 1.15884032434 1.35419425884 0.550908567888
9404.0 1459.0 291.0 287.0 1.0 0.0565 1.0 1.09309125049 0.0 -2.14964646826
9427.0 29076.0 2405.0 750.0 416.0 0.0782 0.0658 1.04329905378 1.26218372327 0.495785999218
9452.0 10959.0 512.0 2447.0 544.0 0.0208 0.0315 1.14256826515 1.25264773824 0.806416574449
9472.0 1564.0 382.0 120.0 67.0 0.1614 0.2071 1.00016950117 0.931998031083 0.133570069826
9492.0 25681.0 507.0 3508.0 585.0 0.0492 0.029 1.01916053497 1.26104841121 0.467629613992
9514.0 21247.0 598.0 2438.0 576.0 0.0517 0.0311 1.03618565007 1.27155813318 0.408159870239
9530.0 12661.0 970.0 431.0 226.0 0.1422 0.0916 0.864850971885 1.14419378896 0.266572944807
9562.0 48281.0 3246.0 2964.0 1310.0 0.0299 0.0226 1.33365328333 1.47914690789 0.635731929816
9567.0 50461.0 1764.0 5510.0 1512.0 0.023 0.0156 1.2861288459 1.47641946217 0.615760059077
9645.0 25681.0 2159.0 958.0 499.0 0.062 0.0537 1.09825976121 1.29531296601 0.618785627854
9646.0 49540.0 1679.0 2911.0 1044.0 0.0513 0.0231 1.17866505843 1.41743296078 0.227830373659
9651.0 10831.0 695.0 1421.0 478.0 0.0361 0.0398 1.1961387721 1.25494730469 0.595203195658
9662.0 12596.0 744.0 1944.0 586.0 0.038 0.0328 1.25345691821 1.28771337292 0.569258498012
9730.0 2500.0 579.0 148.0 86.0 0.1994 0.1859 1.08315552647 0.977781844604 0.101226642243
9777.0 22757.0 1769.0 1628.0 718.0 0.049 0.0351 1.26283709996 1.35704520001 0.596123568646
9865.0 16523.0 1233.0 1505.0 611.0 0.0444 0.037 1.20255035946 1.31803764357 0.660818983058
9904.0 46638.0 3435.0 4558.0 1799.0 0.024 0.0163 1.64565719543 1.53646982014 0.432646844962
9942.0 31427.0 621.0 3645.0 679.0 0.0473 0.0263 1.04647438689 1.29539637778 0.212358107134
9943.0 25661.0 610.0 2025.0 537.0 0.0703 0.0338 0.945720694037 1.26332726012 0.270041414594
10069.0 10626.0 473.0 897.0 311.0 0.0956 0.055 0.921892559368 1.17246202276 0.32612197719
10124.0 32818.0 1497.0 1472.0 638.0 0.0743 0.0376 1.09374504437 1.33203498356 0.178354534945
10131.0 37106.0 1373.0 2273.0 830.0 0.0797 0.0277 1.1528758946 1.37177702446 0.140952696871
10236.0 2162.0 418.0 170.0 1.0 0.1189 1.0 1.00587346284 0.0 -2.33680865797
10332.0 55103.0 3445.0 910.0 517.0 0.0869 0.0589 0.99057108217 1.30418181133 0.449635359107
10350.0 32866.0 1059.0 4941.0 1083.0 0.0254 0.0189 1.31004440377 1.39576502189 0.422837926604
10361.0 50325.0 3517.0 5258.0 1991.0 0.0219 0.0147 1.68576816226 1.55453129144 0.416899434732
10376.0 9770.0 266.0 1113.0 259.0 0.0738 0.0559 0.8326484273 1.11277946985 0.499473341998
10453.0 69685.0 3438.0 1503.0 785.0 0.0695 0.0392 1.1143357422 1.38539674483 0.123713698278
10498.0 3848.0 258.0 559.0 184.0 0.0719 0.0777 0.885812561904 1.06655020469 0.749500903506
10499.0 3272.0 257.0 877.0 240.0 0.0424 0.0596 1.11001811058 1.10012478044 0.740899861603
10518.0 29135.0 1889.0 2272.0 926.0 0.0255 0.0274 1.24154645317 1.40227102031 0.7093951165
10599.0 55889.0 1599.0 3238.0 1091.0 0.0677 0.0217 1.13266813979 1.42204332263 0.213627613397
10607.0 23177.0 2037.0 1125.0 561.0 0.0642 0.0471 1.15085690892 1.31596352118 0.608409496593
10626.0 50121.0 1358.0 3833.0 1107.0 0.039 0.0201 1.13515582726 1.4151444949 0.409305035374
10736.0 20994.0 591.0 1199.0 404.0 0.0841 0.0451 0.830505000288 1.22144271665 0.383152411221
10806.0 1650.0 360.0 188.0 96.0 0.0865 0.1522 1.05239731745 0.985536760931 0.179446202094
10830.0 1143.0 330.0 52.0 32.0 0.2403 0.3422 0.74841651219 0.821606243635 0.806005259481
10835.0 55002.0 915.0 6357.0 1048.0 0.0326 0.0186 1.12196633557 1.38058000122 0.343049150248
10851.0 23369.0 2553.0 541.0 318.0 0.1432 0.0854 0.999384804137 1.21171844165 0.537976468158
10863.0 22427.0 942.0 1558.0 569.0 0.0436 0.0365 1.02814637618 1.29591718279 0.532698156947
10881.0 28719.0 919.0 5337.0 1030.0 0.0255 0.019 1.38466525271 1.37832293837 0.213779312005
10904.0 25259.0 746.0 1495.0 506.0 0.0747 0.0384 0.923144459376 1.26653253795 0.396919352524
10910.0 25939.0 457.0 2698.0 499.0 0.0429 0.0333 0.921161976705 1.23323592114 0.582930832939
10936.0 39764.0 1661.0 3509.0 1161.0 0.0233 0.0205 1.21204151641 1.43348256699 0.672846048966
11030.0 5342.0 525.0 969.0 341.0 0.0314 0.0517 1.11505172177 1.19160580926 0.898603035956
11055.0 41605.0 2517.0 1980.0 910.0 0.0442 0.0307 1.25093393852 1.40780790156 0.453192358748
11067.0 49708.0 941.0 5119.0 1001.0 0.0318 0.0198 1.04278955309 1.37686663384 0.56617656864
11119.0 13913.0 864.0 1435.0 524.0 0.0424 0.0388 1.07986123287 1.27949936457 0.774381972254
11130.0 39822.0 2496.0 1090.0 570.0 0.0776 0.0491 1.02372584457 1.32188885101 0.404536935722
11154.0 18133.0 527.0 2871.0 571.0 0.0276 0.0302 1.04899329056 1.26134987426 0.624739800546
11178.0 41749.0 2319.0 1714.0 800.0 0.0496 0.0342 1.13849651209 1.38266342247 0.550732286394
11179.0 58177.0 2977.0 3101.0 1320.0 0.042 0.0218 1.34942839255 1.47817114896 0.318492826686
11206.0 45563.0 1971.0 8844.0 2015.0 0.0104 0.0117 1.51371847764 1.52431434863 0.637290879159
11210.0 40777.0 2366.0 6412.0 1899.0 0.0132 0.0134 1.55154171706 1.52757164956 0.723309272991
11216.0 49785.0 2631.0 4908.0 1710.0 0.022 0.0157 1.42451255983 1.51692029712 0.561746826994
11272.0 23115.0 636.0 2235.0 575.0 0.0705 0.0318 1.04753860378 1.27548555179 0.008199874705
11292.0 11762.0 646.0 1851.0 534.0 0.0295 0.0347 1.1156241868 1.26619450729 0.826453739267
11347.0 28651.0 2065.0 593.0 334.0 0.0866 0.0776 0.949428195808 1.22083050822 0.472683332344
11355.0 32922.0 2729.0 1369.0 696.0 0.0589 0.0413 1.18799347511 1.35995829057 0.549384393187
11380.0 34945.0 830.0 5275.0 942.0 0.0233 0.0203 1.20908271612 1.35936856587 0.44384025104
11388.0 55571.0 1902.0 2490.0 987.0 0.0601 0.0257 1.07587814685 1.41323586831 0.0973455505008
11401.0 10271.0 245.0 1454.0 271.0 0.0624 0.0521 0.882398198468 1.11035178051 0.46019886967
11433.0 19831.0 628.0 2486.0 599.0 0.0359 0.0303 1.0309478663 1.28034147874 0.642309721047
11442.0 30086.0 1042.0 1352.0 538.0 0.0868 0.0401 0.932646990399 1.29127251272 0.308289353871
11472.0 29355.0 1854.0 3597.0 1234.0 0.0174 0.0199 1.33877349994 1.44856458648 0.727026934772
11476.0 54179.0 2778.0 2746.0 1186.0 0.0284 0.0239 1.24705205829 1.45728405893 0.664282867584
11558.0 8657.0 185.0 908.0 191.0 0.1087 0.0683 0.735468648821 1.04813255787 0.380199274052
11631.0 1818.0 252.0 285.0 119.0 0.0941 0.1166 0.993349256718 1.00430915739 0.814479058494
11632.0 41.0 33.0 3.0 3.0 0.8351 0.8827 0.50495875874 0.655110801908 0.552370433009
11725.0 1496.0 352.0 124.0 1.0 0.2002 1.0 1.02125325198 0.0 -2.47454079798
11762.0 31033.0 1079.0 4264.0 1030.0 0.0182 0.0201 1.2159079873 1.39034634008 0.520378357639
11798.0 29796.0 929.0 4234.0 939.0 0.0253 0.0212 1.22847635841 1.36718719186 0.377883876509
11840.0 18946.0 1045.0 1083.0 463.0 0.0667 0.0468 1.00891386931 1.26667079581 0.464865791776
11846.0 13020.0 481.0 905.0 315.0 0.0997 0.0547 0.832702358701 1.17510225764 0.327125402947
11967.0 7932.0 351.0 757.0 249.0 0.0696 0.0629 0.840298700473 1.12443887341 0.649803025107
12039.0 23065.0 1709.0 1510.0 674.0 0.0384 0.0371 1.14922352588 1.34546752901 0.738200644806
12089.0 60907.0 3285.0 2937.0 1304.0 0.0515 0.0228 1.35536673258 1.47866035404 0.312319895771
12122.0 9231.0 939.0 810.0 364.0 0.0453 0.0577 1.10650966288 1.22440529177 0.79560459098
12204.0 32415.0 2520.0 877.0 478.0 0.0718 0.0584 1.08641690559 1.28853736506 0.435167874952
12211.0 43529.0 1464.0 3009.0 1007.0 0.0273 0.023 1.09690843045 1.40498104924 0.631739282022
12222.0 84975.0 4277.0 1086.0 621.0 0.0934 0.0524 0.942542977459 1.34033666477 0.388506691178
12227.0 59555.0 4117.0 1060.0 604.0 0.0988 0.0532 1.02417619009 1.33458162325 0.438874431497
12236.0 31699.0 2500.0 985.0 525.0 0.0756 0.0532 1.07541996876 1.30636378493 0.507047802922
12240.0 19066.0 262.0 746.0 215.0 0.2288 0.0668 0.521289558987 1.0882914185 -0.0402623490197
12251.0 53627.0 2761.0 7857.0 2269.0 0.0109 0.0116 1.53256982987 1.56331263148 0.449388334289
12262.0 21475.0 657.0 1230.0 429.0 0.0809 0.0438 0.900641713148 1.2359224349 0.269888097918
12317.0 25687.0 2275.0 1424.0 691.0 0.0433 0.0394 1.28919151322 1.35585027863 0.544107616438
12329.0 24058.0 1017.0 1109.0 467.0 0.0723 0.0459 0.960305849909 1.26791071081 0.388863202624
12340.0 37997.0 2621.0 1200.0 622.0 0.0732 0.0457 1.09797759635 1.33875868517 0.430016169633
12343.0 25506.0 497.0 2477.0 514.0 0.0643 0.0331 0.960075002335 1.24392312496 0.203875910768
12347.0 20240.0 1040.0 1088.0 463.0 0.0743 0.0467 1.00357412295 1.26705340391 0.370343649044
12377.0 44790.0 1296.0 6604.0 1367.0 0.0221 0.0156 1.34472929513 1.44158623314 0.362357340299
12434.0 25793.0 1830.0 960.0 485.0 0.0638 0.0527 1.09285545456 1.28827191896 0.44916710829
12444.0 1581.0 431.0 84.0 51.0 0.2753 0.26 0.984254453634 0.891361313995 -0.0293105803918
12455.0 15649.0 2052.0 500.0 288.0 0.1028 0.0886 1.09064570183 1.19299779385 0.677955195687
12469.0 25476.0 752.0 4512.0 849.0 0.0304 0.022 1.28519525169 1.33847281592 0.237869233788
12513.0 19825.0 998.0 834.0 378.0 0.1239 0.0564 1.02615389771 1.2317799647 -0.521496043881
12539.0 30191.0 631.0 2865.0 631.0 0.04 0.0287 1.00359765618 1.28719228823 0.410705978367
12560.0 19894.0 770.0 1619.0 537.0 0.0467 0.0364 1.03055820086 1.27729347082 0.482578378227
12567.0 23181.0 774.0 2770.0 706.0 0.0347 0.0272 1.07795510659 1.31622563249 0.542257395446
12593.0 18823.0 1602.0 2034.0 815.0 0.0234 0.0297 1.26358916479 1.37514301919 0.848710382468
12644.0 44617.0 2550.0 2579.0 1107.0 0.0399 0.025 1.25668244142 1.44263673387 0.439515500655
12746.0 40307.0 3303.0 614.0 367.0 0.1335 0.0799 0.916062157179 1.2379385597 0.452095006942
12792.0 55625.0 3255.0 2883.0 1284.0 0.0411 0.0231 1.31972307932 1.47566907016 0.504165841871
12842.0 8522.0 419.0 782.0 273.0 0.0591 0.0603 0.89057434315 1.14809243465 0.602952131106
12894.0 23909.0 1362.0 2274.0 828.0 0.0266 0.0277 1.22897919785 1.37124546689 0.567375170929
12896.0 19734.0 1102.0 2822.0 858.0 0.0291 0.0248 1.32229152541 1.36586052199 0.521961568322
12909.0 8094.0 879.0 675.0 313.0 0.0573 0.0656 1.0867675317 1.19771402194 0.776900280602
12910.0 5979.0 469.0 849.0 300.0 0.0567 0.057 1.10262659747 1.16625661578 0.557467743682
12937.0 22820.0 1111.0 986.0 440.0 0.0736 0.0502 0.975096410093 1.26017339936 0.411924617046
13115.0 49841.0 1987.0 3121.0 1162.0 0.0317 0.0218 1.20275601903 1.44209182865 0.496688622528
13176.0 23139.0 2125.0 6411.0 1862.0 0.0048 0.0132 1.5615954672 1.51793027905 0.863452952165
13178.0 6919.0 1249.0 962.0 445.0 0.0239 0.0514 1.3390697345 1.26523639148 0.956230508038
13239.0 43092.0 2918.0 1249.0 655.0 0.0667 0.0448 1.09874862701 1.34953226665 0.431538324207
13253.0 40413.0 1769.0 3868.0 1261.0 0.0214 0.0191 1.29294124733 1.44937260447 0.539102027925
13274.0 49138.0 3751.0 1029.0 582.0 0.0925 0.0538 1.06782437883 1.32757435286 0.467605348638
13304.0 61358.0 3814.0 801.0 471.0 0.1133 0.0659 0.910556589102 1.28586422915 0.388541407509
13308.0 19883.0 1304.0 1423.0 598.0 0.0401 0.0386 1.20420036655 1.31668827851 0.442355834133
13388.0 18334.0 1267.0 709.0 354.0 0.0916 0.0645 0.956353393454 1.22633553474 0.460198793647
13392.0 48713.0 1904.0 1813.0 792.0 0.0487 0.0324 1.01908423998 1.37613368176 0.548173441031
13502.0 39641.0 815.0 5092.0 912.0 0.025 0.0209 1.12940432171 1.35381411492 0.564765166855
13522.0 42939.0 1072.0 2730.0 830.0 0.0513 0.0255 0.979275357255 1.35941752164 0.53005551249
13563.0 55975.0 3437.0 1304.0 699.0 0.0975 0.044 1.05876013128 1.36304298016 0.39912370773
13576.0 39343.0 795.0 3439.0 780.0 0.0536 0.0246 1.02996709374 1.33178144405 0.242569494614
13611.0 31225.0 2543.0 1005.0 535.0 0.0792 0.0525 1.08795394493 1.30995198296 0.486739422087
13619.0 22481.0 811.0 1349.0 492.0 0.0632 0.0406 0.967542537385 1.26640270297 0.367148177356
13679.0 7672.0 909.0 522.0 259.0 0.0609 0.0792 1.03048465252 1.16590001069 0.802913818639
13681.0 31356.0 1886.0 1830.0 795.0 0.0329 0.0322 1.15323588725 1.37627737602 0.680087246104
13693.0 3785.0 223.0 513.0 164.0 0.0785 0.0831 0.838604151765 1.04290041093 0.634156100798
13704.0 7525.0 774.0 468.0 230.0 0.0572 0.0849 0.968253942091 1.14160879856 0.839727810189
13722.0 21679.0 1109.0 748.0 357.0 0.0875 0.0616 0.897155200218 1.22448265353 0.433555119886
13725.0 26810.0 1287.0 4015.0 1108.0 0.0205 0.0197 1.31930904868 1.4122173501 0.558000097818
13743.0 46255.0 3443.0 4728.0 1844.0 0.0234 0.0159 1.68101284527 1.54075018042 0.426950700376
13780.0 808.0 233.0 66.0 1.0 0.2484 1.0 0.928061021837 0.0 -2.63092041259
13788.0 4641.0 233.0 1133.0 252.0 0.045 0.0552 1.01690120635 1.09829022681 0.6981819105
13818.0 39875.0 2931.0 405.0 251.0 0.1304 0.1085 0.835735769356 1.16542201946 0.429997862341
13981.0 8455.0 374.0 1364.0 347.0 0.061 0.0457 1.07239589443 1.17315075376 0.419118573504
14016.0 10529.0 250.0 1769.0 295.0 0.0533 0.0478 0.95166968044 1.12309115592 0.378483338031
14098.0 1615.0 336.0 152.0 1.0 0.121 1.0 1.00468862813 0.0 -2.33550468746
14131.0 38328.0 2967.0 1056.0 572.0 0.0715 0.0514 1.10713515558 1.32360370105 0.447667110885
14169.0 26750.0 965.0 2198.0 704.0 0.0564 0.0294 1.07924401583 1.32945379034 0.444786892588
14187.0 26781.0 1327.0 1155.0 518.0 0.0892 0.0449 1.01876336613 1.29323948305 0.199342003
14191.0 27697.0 952.0 2980.0 817.0 0.0395 0.0249 1.14022801596 1.34999508746 0.314095353203
14205.0 21543.0 540.0 2092.0 508.0 0.0493 0.0344 0.957211151435 1.24823777588 0.532072489158
14212.0 3657.0 240.0 509.0 169.0 0.0981 0.0826 0.896576212696 1.05093853731 0.492327611524
14264.0 50278.0 1411.0 3462.0 1071.0 0.0447 0.0212 1.08055730553 1.41253405239 0.459845258511
14337.0 3548.0 684.0 266.0 143.0 0.1176 0.1263 1.16599770537 1.06084842297 0.0857655155128
14386.0 23763.0 522.0 3432.0 597.0 0.041 0.0285 1.07060117095 1.26621228843 0.323824895898
14395.0 2242.0 395.0 228.0 1.0 0.0881 1.0 1.02453103946 0.0 -2.08036099531
14399.0 3961.0 520.0 340.0 164.0 0.0779 0.1044 1.02341949229 1.07771104249 0.28311742533
14460.0 31090.0 735.0 2357.0 637.0 0.0697 0.0299 1.03791083967 1.29899500474 -0.00624926335722
14480.0 35692.0 2705.0 1090.0 578.0 0.0721 0.0496 1.08397153975 1.32477520288 0.477741929336
14517.0 36301.0 2820.0 1596.0 791.0 0.0531 0.0367 1.20512240517 1.38420865729 0.604936907582
14519.0 21068.0 1143.0 1741.0 656.0 0.0571 0.0335 1.17348758921 1.3268533797 0.521044179428
14535.0 20020.0 593.0 1476.0 454.0 0.0645 0.04 0.872505309581 1.23872290509 0.511613183733
14591.0 55015.0 2390.0 6310.0 1886.0 0.0194 0.0136 1.45028864972 1.52734486219 0.505814407067
14606.0 16570.0 1159.0 2497.0 821.0 0.0273 0.0265 1.37749776169 1.36209972655 0.477059644525
14626.0 30350.0 779.0 2873.0 718.0 0.0467 0.0268 1.02825967912 1.3193388905 0.373232326923
14672.0 39314.0 3380.0 1804.0 905.0 0.0518 0.0338 1.41252207206 1.41184953841 0.552091876494
14687.0 17583.0 756.0 1060.0 412.0 0.0854 0.0477 0.979571076444 1.23640435791 0.113211183965
14710.0 21159.0 1304.0 1890.0 724.0 0.0369 0.0316 1.25594162037 1.34770658875 0.404045405447
14725.0 39877.0 2985.0 6485.0 2125.0 0.0106 0.0128 1.65311364926 1.55750823649 0.484893367293
14778.0 42241.0 1545.0 2366.0 889.0 0.0465 0.0268 1.0787368535 1.38793652061 0.476020668614
14810.0 26719.0 1302.0 3202.0 990.0 0.0296 0.0225 1.32169743745 1.39624026429 0.357466619038
14833.0 48139.0 2772.0 1210.0 632.0 0.0627 0.0457 1.08173671468 1.34212023629 0.356126974852
14890.0 47695.0 1206.0 2912.0 907.0 0.0548 0.0241 1.04070990487 1.37889634225 0.212272003596
14896.0 4816.0 212.0 1196.0 243.0 0.048 0.0557 0.988437189109 1.08670286755 0.719694784912
14962.0 12885.0 754.0 1724.0 552.0 0.0311 0.0352 1.1185056312 1.28042139395 0.72127603799
14965.0 10663.0 679.0 1796.0 540.0 0.0227 0.0348 1.18587963712 1.27100034902 0.770991975927
