6.0 2643.0 489.0 248.0 5153.0 0.1146 0.0081 1.06304985982 1.31834291331 0.896193044504
80.0 4818.0 634.0 597.0 1668.0 0.0356 0.0134 1.06467255482 1.33993384792 0.988940335797
88.0 8550.0 1194.0 628.0 8425.0 0.0478 0.0047 1.12675638126 1.49318159996 0.979706837819
106.0 1851.0 585.0 231.0 237.0 0.0542 0.0625 1.15222519886 1.23907548294 0.994885448154
191.0 4919.0 907.0 289.0 5303.0 0.0764 0.0064 1.05333021309 1.43294188513 0.94738532765
214.0 36660.0 263.0 27958.0 5274.0 0.0065 0.0107 1.22629504447 1.20284394777 0.959717074467
394.0 27823.0 1086.0 6227.0 13642.0 0.0111 0.0039 1.2975193775 1.48387819718 0.983897397585
425.0 3150.0 159.0 694.0 16654.0 0.0684 0.0112 0.905952524955 1.11630745195 0.939748222162
496.0 17948.0 605.0 5272.0 20512.0 0.0145 0.0046 1.27364483997 1.37709319939 0.986733847727
503.0 21389.0 571.0 8375.0 15731.0 0.0089 0.0051 1.28332059961 1.3630406533 0.990934667378
535.0 4268.0 999.0 244.0 1197.0 0.0775 0.0164 1.05161289905 1.40556580153 0.987952938467
566.0 31973.0 281.0 17716.0 34858.0 0.0106 0.0066 1.19992795392 1.23179124997 0.975966533581
595.0 1377.0 222.0 165.0 1626.0 0.1084 0.0179 0.874887949381 1.15393959932 0.946150203131
707.0 16.0 14.0 3.0 2.0 0.8312 0.9454 0.636307438832 0.636307438832 0.853309241909
752.0 5926.0 993.0 1227.0 1886.0 0.0191 0.0117 1.40573473029 1.42141340728 0.995837761095
754.0 6482.0 1329.0 149.0 5134.0 0.1264 0.0059 0.876494124249 1.50190673986 0.969855060485
808.0 7354.0 525.0 760.0 25447.0 0.0626 0.0047 0.980855889736 1.35170318831 0.968564803087
809.0 7111.0 690.0 1021.0 4775.0 0.0248 0.0074 1.13302537859 1.38058469374 0.987384955852
1031.0 12083.0 467.0 1592.0 12105.0 0.0351 0.0061 0.963374543138 1.32149621945 0.979001458621
1121.0 7124.0 935.0 464.0 13234.0 0.0678 0.0042 1.06910674813 1.4550023607 0.960904911476
1165.0 7451.0 923.0 486.0 11159.0 0.0573 0.0045 1.01476049506 1.4499145469 0.957530701533
1170.0 7350.0 1126.0 435.0 8856.0 0.064 0.0046 1.07498266705 1.48322974653 0.968018038189
1176.0 4574.0 996.0 218.0 3300.0 0.1056 0.0081 0.998852242545 1.43865946769 0.964084075302
1180.0 2514.0 541.0 100.0 2971.0 0.1761 0.0101 0.818544934864 1.32641432011 0.929365470257
1294.0 105362.0 424.0 48228.0 10489.0 0.0076 0.0068 1.17919247781 1.30140822589 0.969436321659
1296.0 2183.0 72.0 359.0 4740.0 0.1273 0.0238 0.615401153051 0.956596429768 0.936973739051
1310.0 26316.0 1092.0 11096.0 13185.0 0.0046 0.004 1.4638381606 1.48438481728 0.957067622795
1338.0 3257.0 413.0 417.0 4543.0 0.0593 0.0092 1.02345817209 1.28498240722 0.964255095814
1361.0 5311.0 214.0 1072.0 5465.0 0.0567 0.0119 0.897254295256 1.16445388196 0.965450019832
1436.0 15673.0 637.0 5308.0 19815.0 0.0114 0.0045 1.32648887316 1.38668038869 0.991903885792
1445.0 7768.0 887.0 728.0 6565.0 0.0431 0.0058 1.09035057397 1.43315459534 0.989965364403
1517.0 31777.0 459.0 10988.0 27312.0 0.0112 0.005 1.18779989721 1.32614706412 0.976278679771
1560.0 9728.0 1212.0 759.0 11341.0 0.0464 0.004 1.12339409691 1.50153066452 0.97890284378
1578.0 25602.0 510.0 8572.0 28457.0 0.014 0.0047 1.2558360473 1.34704391413 0.983737579373
1588.0 6321.0 1123.0 337.0 9792.0 0.0968 0.0044 1.04585011167 1.48458334665 0.937647888186
1597.0 8891.0 1217.0 542.0 30537.0 0.0797 0.0028 1.10393632711 1.51695426362 0.925059158468
1624.0 43711.0 329.0 19725.0 13629.0 0.0126 0.0073 1.19241472182 1.25552375775 0.954036846707
1667.0 2174.0 184.0 514.0 2451.0 0.0624 0.0164 0.958463366262 1.12648488178 0.975640411699
1677.0 1800.0 537.0 61.0 1027.0 0.2206 0.0189 0.785308533065 1.29627811561 0.918284888315
1695.0 12805.0 293.0 3651.0 24153.0 0.024 0.0069 1.04800436166 1.23764271933 0.976555239334
1708.0 11580.0 531.0 2884.0 3379.0 0.0168 0.0095 1.15768176743 1.32571762477 0.965440789619
1722.0 7338.0 318.0 1779.0 13703.0 0.0274 0.0074 1.07194343311 1.24902050526 0.986425880798
1725.0 5794.0 332.0 1169.0 5258.0 0.0385 0.0096 1.01995373735 1.24647912036 0.983785360343
1733.0 12101.0 464.0 2478.0 10283.0 0.022 0.0065 1.07353246979 1.31833815589 0.986050712827
1749.0 14147.0 1297.0 1808.0 31364.0 0.0207 0.0027 1.29115866011 1.52962194532 0.967689038549
1814.0 5476.0 1263.0 152.0 3755.0 0.1296 0.0072 0.91744730105 1.4845657708 0.963867094416
1816.0 8939.0 1141.0 539.0 13137.0 0.0575 0.0039 1.05403484518 1.49262843859 0.969497299842
1893.0 35796.0 349.0 13590.0 23631.0 0.0146 0.0062 1.14746382096 1.27158097481 0.984486438689
1989.0 2564.0 154.0 501.0 24277.0 0.0827 0.0108 0.921611868347 1.11200730407 0.849324223569
2037.0 935.0 34.0 354.0 541.0 0.1326 0.0601 0.638546973365 0.79972194945 0.890065797476
2044.0 2204.0 123.0 1365.0 2286.0 0.0209 0.0205 1.07006515405 1.05127623719 0.951704996034
2060.0 3818.0 168.0 1156.0 10813.0 0.0513 0.0117 1.02708269108 1.12425311847 0.961032476734
2116.0 556.0 23.0 225.0 504.0 0.1576 0.0749 0.575574744238 0.726323655423 0.927602137691
2139.0 7130.0 509.0 1201.0 3907.0 0.0241 0.009 1.08869309823 1.32090121039 0.984396540806
2152.0 19826.0 898.0 9636.0 3618.0 0.004 0.0079 1.41107560782 1.42244781434 0.977667659627
2205.0 10450.0 332.0 2668.0 4176.0 0.0246 0.0104 1.08167622502 1.24317109084 0.941758345775
2208.0 37266.0 582.0 14514.0 34418.0 0.0091 0.0041 1.29044942364 1.37447907229 0.988963060078
2212.0 10395.0 432.0 2563.0 4990.0 0.0226 0.0087 1.12687320776 1.29479085116 0.970289725942
2213.0 12721.0 338.0 2824.0 15730.0 0.0309 0.0069 1.03945515258 1.26201758869 0.970648602036
2220.0 14923.0 420.0 4783.0 11908.0 0.0167 0.0065 1.17796410644 1.30102235296 0.982018958905
2222.0 7855.0 445.0 1155.0 6679.0 0.0378 0.0077 1.01954864757 1.3047427972 0.972234571326
2262.0 15773.0 877.0 2977.0 22634.0 0.0199 0.0036 1.25717974374 1.44994036163 0.990671897662
2297.0 6519.0 214.0 1517.0 20434.0 0.0437 0.0088 0.944709676267 1.17530408704 0.974135667925
2300.0 5633.0 302.0 934.0 33396.0 0.063 0.0064 0.993037903742 1.24568494949 0.948393408018
2304.0 10088.0 365.0 4629.0 26997.0 0.0125 0.0058 1.27835366368 1.28132892811 0.972965328342
2326.0 3825.0 103.0 1164.0 23530.0 0.0648 0.0146 0.854508237944 1.03316444776 0.940531266193
2388.0 5455.0 359.0 1355.0 7067.0 0.0258 0.0083 1.09484390494 1.26507149979 0.982731976011
2394.0 52994.0 247.0 27760.0 13356.0 0.0129 0.0087 1.15368204738 1.20011197426 0.947643868889
2433.0 10238.0 495.0 3346.0 8700.0 0.0162 0.0066 1.28368204822 1.32847023897 0.974666946719
2492.0 9114.0 261.0 3161.0 5382.0 0.0221 0.0107 1.06609433281 1.20165228653 0.978730148931
2494.0 16177.0 327.0 6235.0 26926.0 0.0168 0.0063 1.17754109344 1.25983433263 0.988764976937
2502.0 8604.0 182.0 2803.0 7258.0 0.0343 0.0121 0.982675041135 1.1364859567 0.966095841305
2509.0 3103.0 297.0 273.0 12900.0 0.111 0.0078 0.844901637586 1.23533361794 0.928359290071
2518.0 5518.0 309.0 1008.0 20396.0 0.0543 0.0069 1.01474384746 1.24677577754 0.962958214788
2532.0 1477.0 49.0 985.0 424.0 0.0439 0.0543 0.868768858547 0.862909486679 0.944045156039
2586.0 30.0 21.0 6.0 4.0 0.5357 0.7664 0.582733553617 0.627172984656 0.717239582328
2646.0 45.0 34.0 3.0 7.0 0.8632 0.6036 0.369906175284 0.655138589693 0.289693588018
2660.0 27632.0 1236.0 8897.0 32160.0 0.0065 0.0027 1.4581705172 1.5205844387 0.949914202082
2710.0 5480.0 209.0 1083.0 21894.0 0.066 0.0088 0.924192901905 1.17111448307 0.957642175294
2717.0 9438.0 216.0 6213.0 7060.0 0.0104 0.011 1.18047099596 1.1688168802 0.991215942058
2739.0 6744.0 894.0 507.0 4227.0 0.0558 0.0072 1.04494274391 1.42530200277 0.983058998878
2742.0 8483.0 718.0 913.0 16835.0 0.0406 0.0044 1.07914546587 1.40783580649 0.975880518377
2835.0 186.0 37.0 133.0 10.0 0.0521 0.4926 0.828443437926 0.702224815119 0.663315311048
2845.0 4127.0 170.0 1591.0 18245.0 0.0339 0.0105 1.0665755677 1.12982810015 0.94198640924
2873.0 13049.0 190.0 3472.0 29671.0 0.0315 0.009 0.919384887441 1.15411735386 0.984611019587
2883.0 8737.0 96.0 3040.0 4950.0 0.0384 0.0195 0.818671233317 1.0117373211 0.967157082866
2888.0 67418.0 371.0 30805.0 36204.0 0.0099 0.0054 1.19531416505 1.28659548724 0.973120533457
2895.0 80.0 14.0 56.0 19.0 0.1412 0.305 0.625033413342 0.586771724878 0.869302273603
2897.0 6399.0 214.0 1920.0 26476.0 0.0422 0.0084 1.08933901394 1.1768268619 0.939151274109
3000.0 1418.0 402.0 200.0 196.0 0.0578 0.0694 1.06081131163 1.17354451622 0.980222728774
3007.0 10055.0 431.0 4427.0 21642.0 0.0114 0.0055 1.30963584145 1.31190604956 0.979697254241
3032.0 37778.0 309.0 29543.0 9403.0 0.0052 0.0083 1.25996701511 1.23986465372 0.991306319005
3135.0 6599.0 566.0 699.0 16062.0 0.0522 0.0051 0.988953725921 1.36158050117 0.95993150645
3136.0 6566.0 939.0 656.0 6462.0 0.0573 0.0058 1.20189676143 1.44338594169 0.979103218863
3170.0 54585.0 1277.0 13400.0 35278.0 0.0071 0.0026 1.31706505401 1.52803715482 0.976781999312
3172.0 17489.0 1357.0 4402.0 29560.0 0.01 0.0026 1.49377513299 1.53762630641 0.982034944238
3194.0 47868.0 300.0 33035.0 42297.0 0.0068 0.0061 1.24114453401 1.24577119007 0.980967861322
3210.0 3875.0 245.0 669.0 11977.0 0.0549 0.009 0.931881182642 1.19764647709 0.959031443074
3229.0 7345.0 1481.0 191.0 5092.0 0.0992 0.0058 0.948339394341 1.52129939026 0.978733509536
3278.0 17747.0 575.0 11707.0 2423.0 0.0039 0.011 1.388892541 1.33274050937 0.973461537831
3301.0 65930.0 280.0 52457.0 5404.0 0.0055 0.0103 1.23511728559 1.21493340455 0.96574483814
3335.0 44712.0 501.0 13181.0 29655.0 0.012 0.0047 1.12431949103 1.34392044495 0.96269757633
3389.0 6798.0 1057.0 366.0 17197.0 0.0942 0.0036 1.04726492435 1.48220458845 0.920412800777
3407.0 6859.0 1785.0 269.0 2671.0 0.0909 0.0088 1.12232841728 1.53455068734 0.97721360699
3408.0 45452.0 220.0 30880.0 11870.0 0.0095 0.0096 1.17630075376 1.17687471067 0.969529024605
3421.0 7786.0 938.0 1244.0 5851.0 0.0292 0.006 1.3142455668 1.44118621415 0.987604322698
3424.0 36330.0 570.0 15654.0 24517.0 0.0082 0.0045 1.31976303471 1.36734667085 0.975428318652
3425.0 13755.0 565.0 3643.0 11746.0 0.0158 0.0056 1.2141071476 1.35750951286 0.985484575365
3436.0 28889.0 1316.0 8414.0 23064.0 0.0073 0.0029 1.46161393661 1.52837041488 0.98449881334
3500.0 10112.0 282.0 3772.0 16329.0 0.0181 0.0077 1.11658161269 1.22731565865 0.987730505346
3508.0 43.0 14.0 10.0 22.0 0.4667 0.2867 0.339218191089 0.586489563741 0.839636965809
3553.0 22826.0 308.0 12779.0 6589.0 0.0094 0.0092 1.2168018736 1.23527683743 0.972296748198
3555.0 8504.0 1632.0 178.0 35060.0 0.1878 0.0023 0.881252536411 1.57557807286 0.845580456918
3568.0 2035.0 646.0 91.0 898.0 0.1925 0.0205 0.97830918213 1.32217498159 0.937754804893
3569.0 4937.0 1049.0 446.0 5535.0 0.0722 0.006 1.29215605745 1.46054323817 0.926217807058
3584.0 6202.0 1016.0 167.0 29221.0 0.1455 0.0031 0.864667513938 1.48142294771 0.846212172023
3612.0 1831.0 51.0 508.0 12631.0 0.1476 0.0269 0.676873130292 0.893842567476 0.894985487693
3656.0 89831.0 221.0 79651.0 9702.0 0.0057 0.01 1.19648593466 1.1760701205 0.95203796513
3697.0 22085.0 776.0 7019.0 15296.0 0.008 0.0044 1.30570639219 1.42150429434 0.987424919355
3699.0 25706.0 978.0 15706.0 22126.0 0.0027 0.0034 1.50013758436 1.4706843384 0.97680135204
3728.0 7565.0 251.0 2280.0 12048.0 0.0329 0.0088 1.08017685871 1.20236039881 0.982617323994
3733.0 8818.0 295.0 3938.0 24654.0 0.0145 0.0068 1.18270056028 1.23911324365 0.957166420952
3736.0 5026.0 664.0 642.0 8594.0 0.0449 0.0058 1.15092149248 1.38371493562 0.935353999654
3741.0 7150.0 1265.0 407.0 8581.0 0.0721 0.0045 1.1090395001 1.5042912126 0.949769739033
3890.0 6014.0 946.0 1036.0 3692.0 0.028 0.0077 1.3792839032 1.43230998186 0.986864894741
3954.0 24677.0 1147.0 12026.0 9239.0 0.0035 0.0045 1.50694403478 1.48747580579 0.981473076618
3956.0 22038.0 991.0 10238.0 9919.0 0.0044 0.0046 1.47126151397 1.46134926103 0.971865960966
3983.0 561.0 18.0 197.0 853.0 0.2064 0.0801 0.460937794365 0.68200886281 0.899809358991
3989.0 7946.0 187.0 1984.0 22379.0 0.0413 0.0095 0.94787403229 1.14954025194 0.979082611363
3992.0 23577.0 314.0 10141.0 4992.0 0.0135 0.01 1.15126898467 1.23533920175 0.959241371454
4095.0 18413.0 468.0 4799.0 35373.0 0.0224 0.0047 1.18754818683 1.33199937661 0.978449015359
4100.0 34694.0 696.0 6547.0 23558.0 0.0142 0.0041 1.14877086277 1.40568027951 0.985475830096
4128.0 5175.0 219.0 747.0 8686.0 0.0721 0.0104 0.810354662971 1.17336313087 0.96540841887
4137.0 2010.0 102.0 442.0 20406.0 0.1172 0.015 0.818682996793 1.03073224725 0.872111553499
4140.0 11122.0 220.0 3320.0 15634.0 0.0269 0.0091 0.976890377165 1.17890936952 0.976759439822
4142.0 7136.0 113.0 2543.0 12309.0 0.0393 0.0149 0.890779364991 1.04843237239 0.979304138805
4161.0 37832.0 339.0 18283.0 7116.0 0.0082 0.0086 1.15462265345 1.25431782759 0.97572853312
4202.0 3105.0 175.0 547.0 25292.0 0.0831 0.0098 0.867031860632 1.13721628939 0.893352105842
4216.0 124.0 43.0 22.0 55.0 0.3367 0.1567 0.621187448942 0.791558815409 0.948568060156
4250.0 5673.0 85.0 3546.0 28523.0 0.0292 0.0166 0.987659150107 0.996108067408 0.94898354382
4252.0 6399.0 1037.0 366.0 3746.0 0.0601 0.0075 1.02394373928 1.44914722672 0.985768957644
4321.0 21455.0 229.0 11334.0 8516.0 0.0138 0.0101 1.13988227979 1.18172267693 0.969527413759
4390.0 11949.0 42.0 6377.0 10516.0 0.0688 0.0318 0.772633585086 0.855420863342 0.922944183339
4424.0 61.0 51.0 5.0 5.0 0.7845 0.768 0.748469415575 0.726266638359 0.866228936204
4434.0 34.0 26.0 4.0 5.0 0.7171 0.6947 0.56951078499 0.629354858624 0.967976609704
4462.0 10520.0 992.0 874.0 21179.0 0.0407 0.0035 1.10840273737 1.47287013877 0.97370507021
4472.0 14782.0 470.0 7053.0 4827.0 0.0087 0.0085 1.31729438303 1.30995463036 0.969211148942
4518.0 24577.0 951.0 3105.0 32797.0 0.0208 0.0031 1.12187577382 1.46986821709 0.993837138128
4673.0 4869.0 226.0 1255.0 4788.0 0.0342 0.012 0.975262322525 1.17322474847 0.990650037683
4674.0 5024.0 210.0 1145.0 7893.0 0.0388 0.0109 0.940374226333 1.16450471797 0.986616087341
4729.0 212603.0 709.0 139265.0 28250.0 0.003 0.0038 1.3892482049 1.41115940165 0.986631285476
4733.0 57524.0 424.0 43829.0 9030.0 0.004 0.0071 1.32314512392 1.29962494804 0.979986923477
4741.0 4910.0 138.0 1110.0 26678.0 0.0801 0.0115 0.854727187019 1.09095067289 0.947711894993
4748.0 4442.0 144.0 1029.0 36133.0 0.0838 0.0108 0.909389281316 1.10050963121 0.931445239987
4802.0 4401.0 119.0 490.0 40716.0 0.1405 0.0123 0.647602106832 1.06336638771 0.906393866785
4848.0 1200.0 388.0 145.0 100.0 0.0627 0.1269 1.0214656842 1.12184258896 0.954083114372
4931.0 67525.0 428.0 29138.0 27040.0 0.0064 0.0053 1.18570864424 1.31242305556 0.991352695489
4983.0 7256.0 662.0 571.0 11251.0 0.0616 0.0053 0.970811437212 1.38707957886 0.980781391155
5109.0 4327.0 260.0 545.0 13599.0 0.0657 0.0084 0.884724165572 1.2101458534 0.964445694101
5114.0 4061.0 258.0 1344.0 13930.0 0.0311 0.0084 1.1651022997 1.20885659656 0.94668350788
5121.0 5795.0 987.0 192.0 9695.0 0.1138 0.0047 0.912458520476 1.46020126724 0.94103579775
5172.0 107.0 51.0 14.0 26.0 0.4276 0.2611 0.602384292744 0.78366031882 0.956475691542
5234.0 80326.0 380.0 59284.0 17741.0 0.0048 0.0062 1.3020897442 1.28573431793 0.958917932835
5239.0 17573.0 207.0 4701.0 36709.0 0.0309 0.0082 0.949758647348 1.1719821377 0.987387077275
5285.0 6562.0 360.0 1227.0 24204.0 0.0419 0.006 1.03744154364 1.27780860706 0.965570516899
5290.0 4792.0 631.0 690.0 3653.0 0.0451 0.0086 1.1669664776 1.35874079336 0.989080210699
5291.0 9944.0 1580.0 506.0 13157.0 0.0639 0.0034 1.1088499096 1.55410270004 0.964032467366
5299.0 34756.0 798.0 12876.0 16041.0 0.005 0.0043 1.31267361069 1.4274848053 0.995479811249
5331.0 100116.0 229.0 58235.0 16777.0 0.0098 0.0087 1.10241801025 1.1871760116 0.946884930623
5340.0 5362.0 120.0 2706.0 12665.0 0.0298 0.0142 1.026431343 1.06022680893 0.968886646173
5365.0 94421.0 251.0 72719.0 24690.0 0.0066 0.0076 1.21561527958 1.2075889608 0.958293386014
5436.0 38318.0 143.0 15903.0 4969.0 0.0302 0.0153 0.966741606721 1.08735678179 0.889381057852
5491.0 81.0 66.0 4.0 6.0 0.8354 0.7127 0.590170625427 0.694285073909 0.766781241684
5584.0 6313.0 1368.0 255.0 3488.0 0.0905 0.0074 1.01374091877 1.4966913433 0.978489171539
5587.0 6941.0 1009.0 534.0 11014.0 0.0581 0.0044 1.10621253188 1.4665198917 0.947562461061
5626.0 114901.0 253.0 103965.0 20059.0 0.0048 0.0079 1.2246120819 1.20777295214 0.98827479034
5631.0 6570.0 420.0 2413.0 1084.0 0.015 0.0188 1.24484452192 1.25625631212 0.953481729217
5633.0 20810.0 240.0 4413.0 19975.0 0.0371 0.0082 0.903214194136 1.19748578109 0.961988506471
5669.0 11263.0 1362.0 1084.0 37556.0 0.0433 0.0024 1.30522202555 1.54131451428 0.935587031729
5749.0 10188.0 435.0 2059.0 5793.0 0.0256 0.0082 1.07200503166 1.29841554032 0.97580405872
5801.0 2897.0 171.0 416.0 9206.0 0.101 0.0119 0.825440180327 1.12648669338 0.929442881028
5803.0 29809.0 440.0 13064.0 5895.0 0.0095 0.0081 1.23451541504 1.30079586389 0.946881887649
5851.0 7123.0 193.0 2480.0 7000.0 0.0323 0.0118 1.03501331338 1.14734424031 0.981982435269
5959.0 80763.0 433.0 69607.0 31139.0 0.0031 0.0051 1.3363815508 1.31580147917 0.988866608411
5985.0 2367.0 227.0 325.0 3491.0 0.0645 0.0132 0.86327580572 1.17009522139 0.937599264454
6028.0 3519.0 222.0 515.0 9727.0 0.0734 0.01 0.869475566985 1.17696951266 0.967164703569
6050.0 94.0 50.0 12.0 23.0 0.4485 0.2823 0.693281733408 0.777367646574 0.814738382478
6081.0 6394.0 1006.0 390.0 3816.0 0.0533 0.0075 1.04706322206 1.4441755542 0.983354460535
6120.0 33081.0 276.0 13908.0 16111.0 0.0152 0.0078 1.11922654214 1.22304247977 0.96570362992
6159.0 91762.0 204.0 79131.0 8508.0 0.0066 0.0109 1.17836850364 1.15963051381 0.952711537978
6185.0 6098.0 329.0 2418.0 18660.0 0.0184 0.0067 1.25569741742 1.2582487154 0.946863931982
6245.0 4633.0 290.0 955.0 9378.0 0.0522 0.0086 1.04445049797 1.22772244698 0.974949088628
6272.0 14355.0 442.0 4188.0 5907.0 0.018 0.008 1.16190311287 1.30166894793 0.975719785834
6277.0 13.0 12.0 2.0 2.0 0.9389 0.9389 0.603697820643 0.603697820643 1.0
6303.0 6369.0 286.0 1264.0 11421.0 0.0433 0.0083 0.982240457154 1.22697330646 0.984096472293
6373.0 1053.0 155.0 137.0 2046.0 0.1465 0.0189 0.801398659798 1.09252073475 0.91126591005
6384.0 41361.0 230.0 33721.0 21618.0 0.0065 0.0083 1.20152622368 1.18970339339 0.987079380226
6397.0 3080.0 200.0 518.0 18405.0 0.0831 0.0094 0.900613581896 1.16148648037 0.913397600246
6420.0 11617.0 607.0 1966.0 26112.0 0.0348 0.0043 1.16510903708 1.38017296371 0.981341884139
6422.0 15598.0 898.0 1193.0 31660.0 0.0408 0.0032 0.986519222921 1.4583216286 0.982799769752
6457.0 22997.0 667.0 6636.0 5521.0 0.0107 0.007 1.22380526571 1.37709137809 0.97726158852
6458.0 31379.0 404.0 16914.0 18823.0 0.008 0.0059 1.28578074949 1.29811833268 0.980524603356
6459.0 10682.0 223.0 3148.0 26210.0 0.0342 0.0082 1.02821479949 1.18482541886 0.978325020244
6462.0 7959.0 353.0 654.0 23786.0 0.0804 0.0061 0.816772575835 1.27385164741 0.952378237428
6465.0 6393.0 221.0 2511.0 6797.0 0.0244 0.011 1.10614328434 1.17280597905 0.987686489643
6468.0 7551.0 214.0 1231.0 27863.0 0.0606 0.0083 0.883962133395 1.177106902 0.964153891448
6470.0 4185.0 225.0 767.0 13552.0 0.0607 0.0092 0.960224173333 1.18221938425 0.947204239953
6471.0 4199.0 284.0 517.0 8481.0 0.0731 0.009 0.882797065423 1.22272037069 0.965847565525
6513.0 1682.0 551.0 55.0 851.0 0.2539 0.0215 0.798019629973 1.2938966443 0.910336847412
6522.0 12767.0 307.0 3697.0 11547.0 0.0218 0.0079 1.05149204978 1.24066726623 0.988634790511
6524.0 81181.0 269.0 50572.0 24182.0 0.0084 0.0073 1.17573499336 1.22097678189 0.972258353686
6558.0 16223.0 400.0 8941.0 32425.0 0.0078 0.0053 1.28958656317 1.30058882736 0.976107813571
6576.0 17.0 13.0 3.0 4.0 0.8234 0.7171 0.448192780171 0.56951078499 0.667302942375
6626.0 30.0 13.0 11.0 10.0 0.4171 0.437 0.53755710601 0.54489547277 0.987637289575
6682.0 58124.0 478.0 49863.0 3628.0 0.0028 0.0095 1.35610338972 1.3079537407 0.974684627145
6773.0 1392.0 33.0 461.0 20392.0 0.1747 0.0368 0.632629282265 0.809119841616 0.808994335693
6799.0 4040.0 268.0 537.0 15242.0 0.0814 0.008 0.885138926646 1.21691192792 0.955778364266
6811.0 1549.0 75.0 254.0 5199.0 0.1538 0.0228 0.637070256886 0.964922905063 0.91851141804
6868.0 5259.0 396.0 1236.0 10919.0 0.0273 0.0069 1.13549105425 1.28882703022 0.954617723434
6903.0 3254.0 288.0 819.0 2682.0 0.0357 0.0131 1.0680949371 1.20992563037 0.982579872868
6966.0 4269.0 306.0 519.0 13494.0 0.0737 0.0076 0.909468610596 1.24147021298 0.960538146921
6976.0 10810.0 389.0 2673.0 6352.0 0.0244 0.0083 1.09636681889 1.27876641052 0.969450222004
7007.0 1295.0 234.0 530.0 127.0 0.0232 0.0924 1.16057219 1.07178922489 0.943542186519
7014.0 1544.0 93.0 425.0 5108.0 0.09 0.0198 0.845497565912 1.00588925521 0.942274133719
7052.0 66260.0 296.0 48432.0 30524.0 0.0062 0.0066 1.24790704354 1.24118753691 0.984394957326
7061.0 15428.0 144.0 6130.0 25682.0 0.0287 0.0112 0.957896222927 1.09912409707 0.981674312055
7085.0 1110.0 61.0 302.0 1124.0 0.1203 0.0362 0.69278012334 0.91432298607 0.945375121467
7090.0 5304.0 667.0 252.0 7658.0 0.0955 0.0061 0.871450219331 1.38276291102 0.968692717528
7234.0 15832.0 428.0 2765.0 18862.0 0.0262 0.0057 1.02270271566 1.30931146177 0.977596223854
7290.0 7593.0 451.0 2389.0 7862.0 0.017 0.0072 1.22380654643 1.30952824689 0.987798929385
7296.0 5079.0 1022.0 549.0 2229.0 0.0346 0.0104 1.27593665525 1.43181713342 0.98253279535
7335.0 5567.0 987.0 618.0 2059.0 0.035 0.0111 1.22497020502 1.42323463755 0.993544869676
7337.0 13415.0 406.0 3484.0 21681.0 0.0186 0.0057 1.10860859698 1.30031725562 0.985797526824
7457.0 7100.0 523.0 1184.0 4498.0 0.0248 0.0084 1.06888287548 1.32846486523 0.990110854735
7540.0 22673.0 1382.0 9356.0 27401.0 0.004 0.0027 1.54599063012 1.54015200493 0.941811084766
7557.0 116.0 56.0 10.0 33.0 0.5006 0.2212 0.515292232092 0.813412848777 0.897250959843
7571.0 113542.0 218.0 71268.0 38750.0 0.0106 0.0078 1.14550338619 1.18243146839 0.968596277327
7588.0 6014.0 251.0 1001.0 27022.0 0.0635 0.0075 0.911023537385 1.20814469108 0.965079332655
7601.0 3607.0 252.0 1659.0 3790.0 0.0179 0.0122 1.2011204286 1.19062945598 0.975156591302
7643.0 15848.0 523.0 5290.0 16974.0 0.0139 0.0052 1.27221346602 1.34697939716 0.985013800762
7646.0 9613.0 285.0 2070.0 6821.0 0.0427 0.0095 0.985076575183 1.2210190757 0.95100712478
7651.0 16921.0 295.0 3242.0 37002.0 0.0357 0.0063 0.942092366337 1.24169714421 0.976222019272
7704.0 1736.0 330.0 184.0 3414.0 0.1473 0.0113 1.01595050616 1.23890059659 0.878281650799
7739.0 24432.0 379.0 9130.0 19628.0 0.0134 0.0061 1.15307135634 1.28610677307 0.990801919827
7752.0 13371.0 452.0 5312.0 6014.0 0.0124 0.0079 1.27985970533 1.306117928 0.972247927235
7755.0 6333.0 490.0 1263.0 4467.0 0.0254 0.0086 1.14968507351 1.31630242844 0.986807003878
7762.0 5614.0 888.0 274.0 3063.0 0.07 0.0087 0.948594242724 1.41614344716 0.985422660403
7789.0 1531.0 503.0 231.0 123.0 0.0434 0.1114 1.13916036766 1.17152485845 0.967733155166
7823.0 2732.0 190.0 333.0 12124.0 0.121 0.0105 0.807152036426 1.14877742181 0.929485371145
7836.0 4809.0 541.0 566.0 25099.0 0.0842 0.0046 1.16015056837 1.35741563664 0.903651732004
7860.0 621.0 217.0 35.0 280.0 0.3088 0.0493 0.711783636098 1.10136880301 0.914437804693
7944.0 5898.0 521.0 1397.0 2217.0 0.0191 0.0118 1.17383759374 1.31306208103 0.991435126411
7982.0 8371.0 188.0 2626.0 3757.0 0.0274 0.0142 0.98191955136 1.13594112112 0.960079481315
7986.0 26419.0 737.0 7551.0 17024.0 0.0115 0.0043 1.27429087711 1.41299174926 0.991992792646
7991.0 3756.0 627.0 234.0 2843.0 0.0746 0.0099 0.947037174839 1.35206828213 0.965728370183
7992.0 5871.0 722.0 495.0 6042.0 0.0529 0.0065 1.03019901584 1.39344172729 0.974156988608
7999.0 21970.0 618.0 5899.0 13389.0 0.0123 0.0051 1.21439655063 1.37626073308 0.980414232303
8003.0 21380.0 1184.0 6078.0 23641.0 0.0064 0.0031 1.37233196661 1.50836740013 0.959726551546
8009.0 84700.0 594.0 72351.0 11362.0 0.0023 0.0055 1.40218290556 1.36660793531 0.976183749558
8044.0 28.0 17.0 5.0 9.0 0.7206 0.4781 0.484947769553 0.580719217819 0.607429403452
8047.0 28565.0 1087.0 7102.0 24430.0 0.0097 0.0032 1.33308082444 1.49231300439 0.977080550893
8054.0 7416.0 210.0 3434.0 29798.0 0.0209 0.0084 1.15493640592 1.17376734845 0.962995373705
8055.0 27901.0 1088.0 8018.0 19205.0 0.0082 0.0034 1.37542763704 1.48929361887 0.979997667119
8067.0 5313.0 411.0 1686.0 13266.0 0.0197 0.0064 1.22897232711 1.29802418491 0.930631799352
8092.0 8651.0 1636.0 269.0 19764.0 0.1119 0.0028 1.02488838348 1.5677141519 0.898235012413
8104.0 18895.0 476.0 6250.0 15014.0 0.0115 0.0057 1.20315940566 1.32754466417 0.981820059934
8154.0 17085.0 621.0 4800.0 22448.0 0.0145 0.0044 1.25167133548 1.38308785353 0.991589194068
8164.0 11459.0 799.0 1798.0 20406.0 0.027 0.0039 1.22109345113 1.43072569321 0.984193454379
8230.0 147.0 12.0 126.0 19.0 0.1126 0.3011 0.600791992179 0.560890703543 0.793629893995
8249.0 19402.0 459.0 4506.0 15017.0 0.0183 0.0058 1.09759152294 1.32054972716 0.989379499967
8309.0 3271.0 276.0 741.0 8362.0 0.0505 0.0091 1.08630374692 1.21714076266 0.955083511157
8314.0 5104.0 298.0 644.0 16795.0 0.0672 0.0074 0.92008022118 1.23822268947 0.967313391079
8318.0 2349.0 667.0 80.0 1281.0 0.1921 0.0159 0.824206393393 1.3402263461 0.941605224847
8387.0 6538.0 1171.0 587.0 2824.0 0.0496 0.0088 1.19755420474 1.46294417084 0.993618669143
8390.0 8126.0 466.0 2577.0 17179.0 0.0157 0.0056 1.22608152573 1.32485211743 0.964966180375
8409.0 10396.0 194.0 3669.0 28487.0 0.0284 0.0089 1.02231731502 1.1580010731 0.974091242221
8421.0 11464.0 544.0 2935.0 7579.0 0.0198 0.0067 1.22319531903 1.34432853839 0.976229646262
8439.0 8650.0 387.0 2056.0 30129.0 0.0314 0.0055 1.1328236033 1.29358518323 0.972341724413
8463.0 7758.0 785.0 914.0 9255.0 0.036 0.0053 1.12272457117 1.41638860725 0.981376827519
8468.0 8225.0 772.0 514.0 22368.0 0.0723 0.0039 0.970538229054 1.42517128649 0.963663809844
8571.0 35865.0 456.0 16722.0 22313.0 0.0084 0.0053 1.25969418399 1.32312765909 0.990424683396
8625.0 26.0 25.0 2.0 2.0 0.9657 0.9657 0.755482696687 0.755482696687 1.0
8800.0 19941.0 312.0 4266.0 32329.0 0.0258 0.0063 0.970093251666 1.251871681 0.98674786433
8810.0 5180.0 1008.0 265.0 12329.0 0.1171 0.0042 1.07446655353 1.46814836542 0.876252710307
8948.0 6815.0 1146.0 432.0 6331.0 0.0629 0.0055 1.09791558779 1.47974065202 0.97299564938
8959.0 13166.0 367.0 2623.0 8917.0 0.0341 0.0077 1.00197348788 1.27203726808 0.962123333869
8961.0 19226.0 335.0 3994.0 29774.0 0.027 0.0061 1.02358888648 1.26525917818 0.972507370799
8987.0 37589.0 321.0 18154.0 7787.0 0.0116 0.0086 1.20239627804 1.24505296679 0.947547416392
8991.0 11170.0 858.0 1036.0 24829.0 0.0441 0.0036 1.06291224829 1.44679036325 0.982106020144
8992.0 16820.0 553.0 4518.0 8965.0 0.0162 0.0062 1.18818798304 1.34982550776 0.987589076344
8994.0 7612.0 449.0 1220.0 6014.0 0.0354 0.0079 1.03642627355 1.30489382437 0.979205587452
9033.0 443.0 148.0 22.0 521.0 0.4661 0.035 0.600288340012 1.05833059951 0.591361134798
9050.0 7224.0 122.0 2174.0 21998.0 0.0481 0.013 0.873349468182 1.06602569193 0.976826675043
9054.0 7035.0 199.0 1727.0 11767.0 0.0409 0.0103 0.946727323338 1.15747744637 0.98308618279
9062.0 11856.0 381.0 3152.0 13787.0 0.0234 0.0066 1.11100362002 1.28386133451 0.98399453882
9069.0 6971.0 1442.0 374.0 3897.0 0.0744 0.0069 1.1142166991 1.50931045242 0.982325680713
9071.0 38718.0 358.0 24378.0 6553.0 0.0066 0.0086 1.26321056287 1.26356034712 0.959642964356
9079.0 80233.0 323.0 39109.0 18744.0 0.0105 0.0068 1.17347419396 1.25470884159 0.963023918446
9131.0 274558.0 328.0 229928.0 14242.0 0.0043 0.0072 1.27495505312 1.25533040201 0.930098454856
9171.0 4105.0 246.0 557.0 17070.0 0.0615 0.0083 0.880826865931 1.20119034249 0.93482346153
9177.0 1518.0 658.0 137.0 185.0 0.0998 0.0811 1.19334562699 1.23752934029 0.920838739096
9184.0 11523.0 51.0 5236.0 31639.0 0.0706 0.0248 0.771792306812 0.895800069248 0.963165734884
9196.0 9129.0 1068.0 523.0 21112.0 0.0499 0.0033 1.0353167143 1.48702528861 0.937455541581
9301.0 7136.0 854.0 506.0 8920.0 0.0572 0.0051 1.01841504586 1.43159627723 0.975269826763
9342.0 15166.0 471.0 2571.0 7882.0 0.0238 0.007 1.03458712974 1.31773828042 0.96836510759
9377.0 8257.0 1255.0 980.0 5593.0 0.0301 0.0057 1.29788893066 1.49353865076 0.988695263653
9452.0 10959.0 512.0 2447.0 9063.0 0.0208 0.0064 1.14256826515 1.33540190453 0.989396178822
9483.0 8470.0 289.0 917.0 14420.0 0.0677 0.0078 0.804351257123 1.23103100535 0.959119728866
9490.0 12891.0 277.0 2665.0 24363.0 0.0476 0.0071 0.983667835028 1.22674905169 0.953469780665
9522.0 13003.0 341.0 6810.0 7153.0 0.0099 0.0085 1.24712293276 1.25549143979 0.991147334564
9573.0 16201.0 638.0 3726.0 13011.0 0.0189 0.0051 1.20664639306 1.38198746109 0.981317513016
9574.0 5237.0 1215.0 162.0 6947.0 0.1608 0.0051 0.923942048799 1.49247204092 0.90020745171
9590.0 21191.0 684.0 5128.0 16272.0 0.016 0.0046 1.22378623893 1.39811172837 0.981013281294
9633.0 42.0 36.0 4.0 4.0 0.8167 0.8167 0.699133081364 0.699133081364 1.0
9663.0 21113.0 375.0 5351.0 34372.0 0.0259 0.0055 1.09742905332 1.28834916633 0.975011092709
9677.0 8339.0 992.0 610.0 6301.0 0.0477 0.0057 1.07298430754 1.45305480331 0.987732563433
9689.0 26825.0 301.0 6494.0 27635.0 0.0245 0.0066 0.979398511942 1.24382192685 0.983205941321
9690.0 23554.0 596.0 3344.0 41752.0 0.0293 0.0039 1.02645792167 1.38073839616 0.985175586889
9752.0 8559.0 1297.0 330.0 25583.0 0.1051 0.0028 0.985860574196 1.52699183147 0.925218535815
9790.0 89494.0 323.0 53595.0 32356.0 0.0067 0.0061 1.17862234943 1.25866815297 0.984933712738
9903.0 173.0 115.0 8.0 18.0 0.6038 0.4055 0.646996942699 0.849417767157 0.935345989958
9913.0 4947.0 371.0 486.0 25429.0 0.096 0.0058 0.902673166345 1.28405969278 0.935405957185
9954.0 15768.0 448.0 2251.0 12790.0 0.0314 0.0062 0.974850645582 1.31416405473 0.970502054079
9966.0 12748.0 525.0 2050.0 5795.0 0.0281 0.0075 1.04093947142 1.33348767793 0.966048930834
9973.0 508.0 161.0 33.0 286.0 0.3047 0.0492 0.676077082532 1.0545303462 0.915109582567
10011.0 6589.0 268.0 2131.0 10465.0 0.0281 0.0088 1.12051482888 1.2136892125 0.983355738635
10012.0 5088.0 422.0 669.0 19135.0 0.0571 0.0058 1.03460332727 1.30670780984 0.936639690994
10018.0 4461.0 189.0 869.0 29305.0 0.0689 0.009 0.891928453322 1.15302464274 0.94043334525
10030.0 11810.0 1083.0 1884.0 35972.0 0.024 0.0028 1.32228894274 1.49619011554 0.928769873064
10036.0 88.0 61.0 9.0 10.0 0.5719 0.5433 0.738752372459 0.756705896059 0.937924287408
10087.0 32.0 21.0 6.0 7.0 0.6416 0.567 0.595416157466 0.637172502579 0.895218422635
10089.0 5093.0 905.0 399.0 4097.0 0.0749 0.0074 1.10008807064 1.42678186152 0.972894297745
10091.0 10583.0 468.0 1252.0 12627.0 0.0388 0.0061 0.958657832418 1.32238585577 0.978891079841
10093.0 15100.0 585.0 5527.0 34826.0 0.0115 0.0041 1.34550654703 1.3755827764 0.983308519653
10111.0 11972.0 61.0 7365.0 11442.0 0.04 0.0237 0.894712434197 0.928466531219 0.957636524796
10203.0 47.0 20.0 12.0 13.0 0.3744 0.3901 0.528028298429 0.633332609158 0.883125764291
10262.0 90.0 35.0 25.0 25.0 0.2697 0.2622 0.726733242228 0.725413796459 0.958155087238
10344.0 8318.0 902.0 817.0 7943.0 0.0427 0.0053 1.0849757986 1.43981375587 0.987269164733
10440.0 70975.0 249.0 60566.0 40147.0 0.0055 0.0071 1.22063535227 1.20878930633 0.993596160027
10482.0 34250.0 516.0 16150.0 24215.0 0.0078 0.0048 1.31283311467 1.34788471902 0.975902169981
10522.0 23744.0 1043.0 6548.0 36732.0 0.0091 0.0028 1.38536082659 1.48907781839 0.991865115971
10557.0 7803.0 772.0 614.0 14076.0 0.056 0.0045 1.03007829631 1.41940447287 0.973577284755
10612.0 8839.0 822.0 933.0 9931.0 0.0355 0.005 1.12408984399 1.42618711177 0.985173505912
10614.0 10423.0 806.0 1365.0 12646.0 0.0317 0.0046 1.14289715731 1.42611524836 0.984650330488
10620.0 47236.0 276.0 41164.0 2964.0 0.0048 0.0128 1.24150382914 1.20378471784 0.961798699151
10661.0 359.0 25.0 193.0 169.0 0.1218 0.0984 0.697546214271 0.729932186381 0.913885186603
10710.0 29576.0 571.0 9004.0 11469.0 0.0088 0.0056 1.21491450241 1.3592170084 0.985225100279
10713.0 22185.0 495.0 6546.0 14827.0 0.0144 0.0056 1.17368690696 1.33493565772 0.981418203634
10716.0 28546.0 497.0 11747.0 28435.0 0.0098 0.0047 1.27206366255 1.3420023721 0.99499567188
10730.0 19774.0 807.0 10891.0 8912.0 0.0039 0.0053 1.44362596496 1.42098012121 0.96914714182
10750.0 1474.0 67.0 281.0 1322.0 0.1266 0.0329 0.628213866731 0.933317809927 0.920646589745
10810.0 49.0 31.0 9.0 9.0 0.5269 0.5091 0.695702335403 0.692547798938 0.910902924069
10830.0 1143.0 330.0 52.0 748.0 0.2403 0.0245 0.74841651219 1.20391766003 0.912413192107
10868.0 6787.0 1453.0 247.0 4035.0 0.0974 0.0067 0.995225724956 1.51164047249 0.97961542713
10872.0 5657.0 89.0 5183.0 517.0 0.0134 0.0403 1.01149448894 0.971080188585 0.953245041717
10874.0 26312.0 932.0 6432.0 13516.0 0.0109 0.0042 1.29595758861 1.45469834352 0.980717178001
10934.0 47041.0 1366.0 35508.0 19765.0 0.0013 0.0031 1.57731860947 1.53326909294 0.965688055129
10958.0 7554.0 821.0 2169.0 8673.0 0.0137 0.0053 1.42962224166 1.42373851903 0.976039830221
10974.0 10422.0 1095.0 1407.0 15691.0 0.0216 0.0037 1.2614483359 1.48760136654 0.969730642457
10980.0 13633.0 1187.0 3417.0 25452.0 0.0115 0.003 1.46752727929 1.50982163694 0.96970411889
10998.0 1329.0 37.0 391.0 912.0 0.1295 0.0501 0.585737896018 0.819939602795 0.91330068885
11030.0 5342.0 525.0 969.0 2750.0 0.0314 0.0105 1.11505172177 1.31938922479 0.983420562934
11035.0 4894.0 620.0 741.0 2748.0 0.0324 0.0101 1.1708713534 1.34924446723 0.988855543084
11037.0 6501.0 1063.0 1348.0 2175.0 0.0168 0.0106 1.39315143471 1.43788805134 0.993225380368
11038.0 5456.0 954.0 348.0 3943.0 0.0778 0.0074 1.02295207019 1.43540818511 0.981409709701
11128.0 12119.0 654.0 1488.0 21786.0 0.0424 0.0043 1.07147948953 1.39279851237 0.969467665769
11160.0 12039.0 273.0 5436.0 15529.0 0.0158 0.0079 1.17413455982 1.22064513676 0.992733210491
11195.0 15044.0 492.0 2383.0 29366.0 0.0345 0.0047 1.0392188242 1.34030347826 0.978528407168
11200.0 13624.0 506.0 4920.0 39522.0 0.0136 0.0044 1.30978235566 1.34816184231 0.970762430933
11249.0 49576.0 178.0 40723.0 37674.0 0.0083 0.0091 1.14804748637 1.14239755467 0.983091054397
11259.0 20417.0 818.0 8547.0 9117.0 0.0057 0.0052 1.37027774682 1.42388995588 0.985912313646
11273.0 22.0 16.0 5.0 4.0 0.6576 0.7449 0.605920452014 0.569723485326 0.983348454532
11287.0 14074.0 181.0 5727.0 26491.0 0.0252 0.0095 1.04029856111 1.14404779404 0.97853078742
11383.0 8750.0 1146.0 733.0 40846.0 0.0566 0.0026 1.20132890648 1.50860363193 0.88603826376
11384.0 3701.0 944.0 197.0 2715.0 0.121 0.0093 1.06122445479 1.42375357604 0.930703614072
11466.0 79.0 55.0 5.0 11.0 0.7137 0.4897 0.526576178989 0.746860074063 0.830014603658
11498.0 31472.0 277.0 11369.0 21182.0 0.0136 0.0073 1.07749585643 1.22578549248 0.990244858987
11523.0 4440.0 252.0 746.0 7112.0 0.0603 0.0101 0.937089817258 1.19815704689 0.961291422398
11564.0 3811.0 117.0 2397.0 16253.0 0.0212 0.0139 1.05755870342 1.05653985389 0.905207083869
11565.0 5427.0 131.0 2294.0 9259.0 0.0353 0.0141 1.00006148508 1.07534794355 0.983850751688
11574.0 956.0 149.0 60.0 11477.0 0.3588 0.0125 0.660609306177 1.10150674018 0.411775240052
11629.0 17828.0 572.0 4749.0 29810.0 0.0173 0.0043 1.22445735312 1.36984122844 0.990556260544
11653.0 102461.0 335.0 53412.0 38074.0 0.0089 0.0058 1.1910977432 1.26686412532 0.966114931476
11669.0 27.0 26.0 2.0 2.0 0.9668 0.9668 0.763427993563 0.763427993563 1.0
11739.0 45419.0 320.0 17331.0 13171.0 0.0137 0.0075 1.10275203407 1.24986694728 0.966118485064
11742.0 17274.0 417.0 5476.0 24424.0 0.0158 0.0055 1.1720712061 1.30651532893 0.98586849166
11746.0 8900.0 1185.0 1062.0 8671.0 0.0287 0.0046 1.26853083799 1.49234948901 0.978243324876
11755.0 29866.0 219.0 15963.0 6656.0 0.0144 0.0111 1.14180971801 1.17086279842 0.938854512526
11773.0 21927.0 343.0 10887.0 6509.0 0.0094 0.0088 1.19292824679 1.25540954278 0.980128888313
11780.0 31528.0 487.0 17385.0 12615.0 0.0063 0.0059 1.32231789754 1.3300068659 0.985255104485
11796.0 17648.0 311.0 5070.0 37084.0 0.0187 0.0061 1.06907363814 1.25209048262 0.976585315962
11985.0 1628.0 163.0 342.0 7746.0 0.096 0.0127 0.968403037645 1.11595890745 0.858258152792
12003.0 68.0 11.0 17.0 147.0 0.5321 0.1497 0.245725185457 0.574506078509 0.460383954021
12011.0 7182.0 1117.0 399.0 8609.0 0.0636 0.0047 1.07955120375 1.48117915081 0.969546770059
12012.0 6326.0 1065.0 268.0 9859.0 0.103 0.0045 0.942167398873 1.47477683691 0.946714110435
12019.0 4587.0 590.0 552.0 4446.0 0.0546 0.0081 1.08384810912 1.35042503991 0.985269116493
12021.0 8036.0 1172.0 487.0 7870.0 0.0647 0.0049 1.05367730897 1.48838525283 0.984261559446
12025.0 89050.0 248.0 80924.0 7560.0 0.0049 0.01 1.22069296859 1.19574156634 0.965215988541
12063.0 7037.0 178.0 2208.0 30207.0 0.0368 0.0094 0.974724235531 1.14140689661 0.96681167266
12121.0 4655.0 617.0 531.0 4875.0 0.0383 0.0076 1.07061948219 1.36043894916 0.943302610762
12126.0 7212.0 1245.0 300.0 7464.0 0.0971 0.0049 0.960131623001 1.49851141143 0.972361413501
12127.0 7343.0 903.0 699.0 16720.0 0.0592 0.0039 1.15695514455 1.45169172081 0.956420830006
12130.0 24364.0 1298.0 4899.0 38054.0 0.0116 0.0025 1.37029546307 1.53210573305 0.985881729435
12135.0 6347.0 188.0 1390.0 25425.0 0.0676 0.0093 0.934167581808 1.15126304397 0.955268701241
12139.0 344.0 201.0 53.0 23.0 0.1625 0.3836 1.10380934962 0.928004582285 0.941478122787
12141.0 188.0 107.0 22.0 16.0 0.2703 0.4395 0.811459063795 0.836706688402 0.925376187998
12172.0 44143.0 775.0 11817.0 28381.0 0.013 0.0036 1.29217251391 1.42851491933 0.967086740152
12344.0 28492.0 513.0 10074.0 40182.0 0.0116 0.0043 1.24006391652 1.35098545929 0.986411943408
12358.0 7683.0 477.0 2597.0 5180.0 0.0158 0.0082 1.27462969066 1.31382127067 0.96564298718
12374.0 1570.0 126.0 765.0 1170.0 0.0313 0.0255 1.04984746682 1.04661704792 0.979656168193
12388.0 91449.0 506.0 79364.0 10233.0 0.0026 0.0062 1.3675272027 1.33475683318 0.987210797253
12401.0 30503.0 432.0 9382.0 21286.0 0.011 0.0055 1.14242429171 1.3122123592 0.988139491191
12404.0 74711.0 185.0 61907.0 9338.0 0.0078 0.0113 1.15336255014 1.14168404531 0.9625736713
12465.0 9350.0 655.0 1069.0 34805.0 0.0507 0.0038 1.06108451635 1.39769205098 0.960686553739
12526.0 9575.0 184.0 3987.0 11299.0 0.0257 0.0109 1.06364883132 1.14207967391 0.980268226875
12580.0 29242.0 113.0 22593.0 9203.0 0.0145 0.0156 1.04737817335 1.04685641476 0.979130998575
12582.0 5311.0 273.0 2382.0 13523.0 0.0171 0.0082 1.20886570803 1.21951409388 0.958225476744
12590.0 3196.0 127.0 2074.0 1758.0 0.0182 0.0219 1.0707560992 1.05399013056 0.985657400774
12651.0 6915.0 821.0 1954.0 1171.0 0.0128 0.0168 1.37672987338 1.37217994711 0.977800446923
12657.0 6875.0 482.0 625.0 9787.0 0.058 0.0065 0.916264323968 1.32496466156 0.970118359102
12791.0 53.0 41.0 3.0 7.0 0.8458 0.624 0.438101849938 0.684387303671 0.598373247252
12844.0 18372.0 494.0 3818.0 41629.0 0.0239 0.0044 1.08952133223 1.34383615108 0.976540293942
12851.0 7916.0 781.0 517.0 13108.0 0.0629 0.0046 0.948499996653 1.42063550972 0.977973420999
12878.0 7436.0 463.0 2442.0 3713.0 0.0142 0.0095 1.22330769596 1.30260273428 0.980893999013
12903.0 7343.0 1183.0 658.0 5077.0 0.0403 0.0061 1.20421401356 1.48049919402 0.979428616185
12904.0 10458.0 1454.0 394.0 15632.0 0.0713 0.0033 0.984434806928 1.54143747929 0.969553897388
12940.0 23093.0 659.0 4616.0 24742.0 0.0175 0.0041 1.13759285498 1.39560313071 0.990073196879
12962.0 93895.0 289.0 57797.0 41236.0 0.0078 0.0063 1.18191649217 1.23827111834 0.976505507746
13024.0 14252.0 218.0 5764.0 43310.0 0.0233 0.0077 1.10022069654 1.18295654899 0.978627666231
13097.0 23131.0 522.0 9879.0 10783.0 0.0092 0.006 1.30524676164 1.34134283938 0.988227405396
13107.0 57875.0 560.0 45223.0 15736.0 0.0029 0.0052 1.38669109359 1.35930365147 0.985131319729
13113.0 56726.0 467.0 29695.0 17320.0 0.0071 0.0056 1.30233165681 1.32534150889 0.978185212193
13148.0 7961.0 1125.0 526.0 6243.0 0.0475 0.0055 1.10198016281 1.4760036681 0.982583673651
13162.0 2652.0 205.0 463.0 6412.0 0.0755 0.0116 0.919072412373 1.15795370366 0.958788154023
13170.0 7199.0 1266.0 612.0 4883.0 0.047 0.0061 1.24273716714 1.49183355641 0.980966589458
13176.0 23139.0 2125.0 6411.0 32525.0 0.0048 0.0021 1.5615954672 1.62555958867 0.950259503885
13178.0 6919.0 1249.0 962.0 3058.0 0.0239 0.0082 1.3390697345 1.47667122819 0.985879163245
13201.0 11762.0 416.0 4073.0 13839.0 0.0161 0.0063 1.22086888133 1.30079245909 0.986315164642
13204.0 28238.0 192.0 17603.0 23145.0 0.0125 0.0093 1.130897317 1.15487168848 0.986243140819
13317.0 75505.0 337.0 50650.0 39398.0 0.0064 0.0057 1.2663868211 1.26824829965 0.981035255901
13386.0 6129.0 100.0 1785.0 8644.0 0.0613 0.0172 0.803830846581 1.0229651682 0.957957208449
13402.0 8048.0 1076.0 1134.0 10871.0 0.0289 0.0043 1.3299739181 1.47840886159 0.962394959354
13403.0 8149.0 763.0 1186.0 13371.0 0.0405 0.0046 1.24069509192 1.41646728413 0.982157403838
13424.0 5539.0 498.0 763.0 8675.0 0.0513 0.0066 1.07452107002 1.32957636004 0.980049271531
13431.0 8006.0 1188.0 517.0 9053.0 0.0725 0.0045 1.09601417404 1.49364975446 0.978286786331
13433.0 5734.0 1088.0 274.0 4527.0 0.0976 0.0066 0.995770370576 1.46255539624 0.975261448338
13444.0 47154.0 402.0 25586.0 17150.0 0.0078 0.0061 1.27720432842 1.29630317059 0.969651975113
13458.0 2798.0 439.0 244.0 8485.0 0.1339 0.0071 1.00471752075 1.30541724163 0.890315080631
13476.0 65.0 56.0 3.0 4.0 0.8672 0.8291 0.590604701993 0.682565594494 0.86727607535
13484.0 104647.0 264.0 95737.0 5676.0 0.0045 0.0105 1.23364705031 1.20444349525 0.960416451948
13548.0 6668.0 851.0 393.0 4693.0 0.0714 0.007 0.940640660304 1.41868137753 0.974741571327
13592.0 6688.0 158.0 1176.0 4852.0 0.0557 0.0145 0.788210805559 1.1059747548 0.955164928097
13599.0 4873.0 500.0 1008.0 17597.0 0.0345 0.0053 1.23103657122 1.33867928641 0.910256399154
13614.0 6937.0 1069.0 455.0 10849.0 0.0591 0.0043 1.09202689826 1.47712314162 0.931752316004
13645.0 14723.0 172.0 6211.0 33604.0 0.0254 0.0095 1.03320575685 1.13515920611 0.9784074243
13651.0 6731.0 357.0 1946.0 33793.0 0.0285 0.0057 1.21596468462 1.27858178912 0.950603009393
13670.0 5976.0 300.0 950.0 41245.0 0.0536 0.0062 0.970934035528 1.2456273995 0.934113393613
13680.0 6680.0 1187.0 398.0 9995.0 0.0899 0.0043 1.11057629652 1.49535998766 0.94478183073
13687.0 6051.0 655.0 1121.0 6647.0 0.0316 0.0065 1.25410389947 1.37701873022 0.981342712242
13693.0 3785.0 223.0 513.0 13315.0 0.0785 0.0093 0.838604151765 1.18036523826 0.956075223415
13700.0 6633.0 493.0 1883.0 6186.0 0.0207 0.0075 1.26186602617 1.32282117782 0.992786957987
13702.0 1438.0 267.0 461.0 910.0 0.0333 0.0227 1.19362389626 1.17357106513 0.926595374924
13707.0 69809.0 480.0 35089.0 11529.0 0.005 0.0061 1.21930725468 1.32618189853 0.950787309608
13708.0 11942.0 502.0 1589.0 17096.0 0.0374 0.0053 1.00861124129 1.33915385288 0.971704036741
13738.0 9866.0 332.0 3091.0 9149.0 0.0241 0.008 1.15682737293 1.25326271751 0.97940668604
13750.0 2877.0 200.0 490.0 5778.0 0.0742 0.0121 0.882431269363 1.1522345467 0.967974902484
13788.0 4641.0 233.0 1133.0 9461.0 0.045 0.0098 1.01690120635 1.18599107197 0.976563974051
13789.0 6343.0 271.0 743.0 39183.0 0.0653 0.0067 0.857032705948 1.22532875823 0.951504867733
13796.0 5538.0 234.0 801.0 19704.0 0.0651 0.0083 0.861858544815 1.19246429964 0.967510823048
13890.0 93384.0 355.0 83079.0 2764.0 0.0036 0.012 1.29459355254 1.24865063992 0.934422625493
13955.0 42.0 34.0 4.0 4.0 0.7412 0.8105 0.626725936877 0.652862735513 0.776315789474
13957.0 38.0 33.0 3.0 3.0 0.8752 0.8752 0.598151097213 0.598151097213 1.0
13963.0 29473.0 824.0 4551.0 23562.0 0.0236 0.0037 1.13898323719 1.43836115926 0.967470136727
13971.0 8569.0 1254.0 561.0 14191.0 0.0649 0.0036 1.11092205221 1.51178718348 0.951786084214
13976.0 75376.0 217.0 68082.0 5565.0 0.0056 0.0117 1.19286203747 1.16726921233 0.960357179366
13978.0 900.0 201.0 140.0 127.0 0.0744 0.0903 0.8782598563 1.05232251279 0.934563708995
14032.0 6987.0 983.0 1014.0 5798.0 0.0266 0.006 1.30012905672 1.44960560751 0.974438519153
14106.0 210981.0 490.0 108592.0 5573.0 0.0049 0.0079 1.22771684681 1.32002549494 0.939419371441
14173.0 6030.0 690.0 1381.0 2265.0 0.0141 0.011 1.25979567017 1.36342197072 0.991230907416
14176.0 5534.0 1072.0 289.0 6290.0 0.103 0.0056 1.06416328793 1.46726357924 0.954025138831
14194.0 7929.0 894.0 771.0 17865.0 0.0555 0.0039 1.13909997415 1.45066217317 0.960111306435
14215.0 5945.0 283.0 520.0 21664.0 0.097 0.0072 0.788337717448 1.23011265779 0.94427226848
14216.0 3409.0 283.0 505.0 5595.0 0.0684 0.0101 0.960108763963 1.21734063611 0.958148014747
14390.0 3294.0 96.0 2642.0 391.0 0.0161 0.0451 1.02462248122 0.977965043984 0.925027186933
14391.0 8134.0 118.0 5686.0 3943.0 0.0169 0.0181 1.05497222218 1.04905421138 0.973325389109
14392.0 17423.0 182.0 5535.0 29914.0 0.0365 0.0093 0.989623776884 1.14571962012 0.959686091893
14495.0 5936.0 300.0 1266.0 27292.0 0.0499 0.0066 1.07363921978 1.24308622431 0.960593813523
14498.0 6436.0 1112.0 509.0 4041.0 0.0505 0.0071 1.16374381778 1.46365902436 0.980340522692
14505.0 32.0 25.0 4.0 5.0 0.7877 0.6914 0.589574694804 0.621207926325 0.779600788792
14553.0 143898.0 558.0 115159.0 35210.0 0.0028 0.0042 1.38656981758 1.36642702503 0.990197803521
14564.0 8877.0 395.0 2750.0 6193.0 0.021 0.0083 1.19971612723 1.28129411953 0.978523341838
14577.0 8434.0 1017.0 634.0 4034.0 0.0415 0.0072 1.06238761947 1.44755525419 0.985512300589
14645.0 6901.0 1534.0 1470.0 3808.0 0.0135 0.0069 1.57003826105 1.51964701675 0.934576364644
14703.0 7607.0 183.0 2064.0 40833.0 0.0453 0.0088 0.964114656961 1.14819760649 0.965720099266
14752.0 2093.0 189.0 489.0 6212.0 0.0686 0.0123 1.01210750114 1.14224058925 0.936186267476
14893.0 4314.0 169.0 763.0 40094.0 0.0804 0.0094 0.840727492385 1.13243953014 0.926242723219
14895.0 4241.0 172.0 735.0 23401.0 0.0791 0.01 0.858962502735 1.13344286162 0.940809682417
14899.0 8272.0 315.0 1467.0 35690.0 0.0509 0.0061 1.00274868232 1.25436603404 0.965143891185
14915.0 112621.0 397.0 83768.0 16863.0 0.0045 0.0062 1.30672510326 1.29372405515 0.965164571212
14965.0 10663.0 679.0 1796.0 22696.0 0.0227 0.0042 1.18587963712 1.40049615078 0.979453622855
