71 29166 4048 -0.0603637636211
73 78523 2152 -2.51626496756
121 32533 3789 -0.244180488024
173 110831 24087 0.273370278604
178 97377 13345 0.214873330553
183 97431 5298 -1.00479496764
203 25730 1243 -1.71772666488
244 94536 6339 -0.503980411789
269 22855 3565 0.0898622182446
271 179021 4820 -1.17177340964
288 136309 23135 0.0474686780949
307 9916 624 -0.974811456754
314 12360 454 -1.62638454604
353 81967 12241 0.285267263476
370 22528 2875 0.234175313176
388 68699 4188 -3.01135618008
433 18817 1478 -0.779769667076
441 37847 3107 -0.527824587071
464 27082 2050 -0.478931812123
490 17747 1285 -0.406887426783
538 92113 14481 0.243156155821
547 421354 7897 -3.98309234586
578 56954 4018 -0.422247432068
600 36230 2888 -0.568090504537
677 81349 2512 -2.22018820087
678 88609 2660 -1.89018673123
713 15799 576 -2.42703636034
727 142692 19034 -0.320027717348
782 237252 33718 -0.37239420077
801 102456 15584 0.408311129754
889 1555 544 -0.711959636937
894 200380 2486 -8.22460589877
917 154186 22688 -0.152520589123
986 110665 3219 -1.35344578351
1075 321509 9950 -2.41145283388
1094 184949 5390 -2.3406002269
1110 5121 1524 0.0742284994917
1154 113341 4158 -2.45542281872
1171 119996 24121 0.206170939703
1189 163967 18473 -0.128780615364
1252 209029 15005 -1.37828155188
1254 131739 28139 0.155999548332
1273 189644 6295 -1.05411077044
1356 102296 7349 -1.65500898029
1360 55768 4677 -1.49102933149
1385 510077 3431 -11.8866598966
1455 104595 3752 -1.22988823051
1468 116179 1592 -6.68604863021
1560 12 11 1.0
1563 563037 8471 -3.64522404306
1587 21033 2798 -0.196556614958
1607 13267 373 -0.746118176225
1622 15403 680 -1.78725794426
1672 2271 830 -0.510863934527
1683 85408 3012 -1.86180706612
1745 39497 3820 0.027303664473
1754 28895 1655 -2.0541079545
1787 8589 1167 -0.591219087159
1799 221646 12895 -1.84307226258
1833 120576 3409 -1.88600577202
1858 14853 511 -1.90882607733
1884 34482 2835 0.145027380336
1898 26150 3451 -0.16118397369
1946 36480 1520 -0.58787408586
1967 380719 10350 -2.61343209614
2002 47768 4054 -0.255326021742
2054 38 27 0.604836324457
2066 119326 3211 -3.10448236036
2117 24962 1943 -0.29714055829
2141 12391 381 -0.609169828583
2153 27938 1795 -0.466472278894
2240 104011 4966 -1.11938433191
2297 39067 1724 -0.555156709553
2337 16922 1599 -0.0822950217782
2346 103535 16742 -0.0806289949788
2374 113394 22361 0.0448336796012
2403 27433 4196 0.0238171615559
2489 38214 1354 -3.03497958862
2496 196025 15554 -1.36541001998
2510 232727 24645 -0.270287954311
2519 156094 6569 -1.99087845589
2561 2224 1191 0.59775998535
2584 23828 1945 -0.89097479026
2642 44417 654 -1.4636762995
2703 106335 7105 -1.24769369604
2752 259275 36849 -0.314516956401
2759 116802 21121 0.427074114521
2781 204235 3417 -4.41913448991
2851 4295 1255 0.0167134958162
2855 2537 722 -0.186989411582
2902 42607 1458 -1.07504428629
2910 128532 5877 -1.21624728647
2937 75594 1996 -1.58459091013
2940 10996 435 -0.423798973308
2955 29823 3379 -0.296562870507
3037 204077 23114 -0.242223424723
3141 128088 27338 0.219056601765
3227 92559 20759 0.108981328432
3234 277584 39106 -0.23273814963
3279 41470 4649 0.165551394826
3318 151024 3902 -2.89097881885
3333 25408 2169 -1.06076107651
3349 203258 16679 -1.07316610818
3384 151747 22707 -0.324200017408
3401 181561 7784 -2.7497351
3456 72954 3362 -2.52044949041
3519 61991 2715 -0.392258744702
3551 82837 3955 -3.17910589204
3589 118267 4159 -1.19974735679
3600 2882 1006 -0.47745783795
3612 46277 3727 -0.492996270615
3694 37627 9728 0.424780342551
3707 83501 3117 -2.03429584796
3754 48 41 0.675612168072
3765 49231 2502 -0.154601132716
3794 239101 26242 -0.55456911551
3811 66 37 0.882607736251
3890 43239 1541 -0.985038154406
3896 42530 2499 -1.48575180229
3927 101066 18803 0.092435702599
3946 105955 2127 -3.87258158
3971 222059 5088 -1.57099391359
4010 2691 821 -0.265255412705
4017 30894 4785 -0.0800993913706
4081 90393 1297 -5.51825261175
4140 116884 2732 -3.95831860798
4182 160605 26004 0.0529711086979
4261 6877 798 -0.32859721585
4274 3143 261 -0.0129200323518
4397 7095 1429 0.461849628041
4437 299663 33068 -0.359297349591
4485 613001 3867 -7.67743935907
4488 40172 720 -1.45905545759
4509 52462 3987 -0.427204556238
4518 85019 3223 -0.385619678259
4601 47145 4364 -0.0916930595635
4602 56228 5059 -0.183708487831
4647 43689 5068 0.074716096792
4664 14079 405 -2.28578092212
4689 54252 14555 0.464982603806
4691 99433 17087 0.0411985829869
4739 97476 15756 0.223183247738
4771 38931 4569 0.0507949792664
4839 25593 2589 -0.548316891729
4861 57119 1765 -0.934318616305
4991 181820 26028 -0.0439365101396
5019 48154 2853 -1.54968393734
5025 35431 1761 -1.02282214248
5053 30214 514 -0.622691541949
5093 159886 24327 -0.392797645394
5185 84160 4905 -1.37572402724
5206 13939 361 -2.32916718533
5213 15298 628 -1.94865557962
5236 45141 1514 -1.41848546417
5249 167974 3980 -2.98810670521
5270 22348 2268 -0.259976370057
5315 92046 19996 0.147361293337
5333 124599 3292 -1.53288337806
5363 35707 2894 -0.930854024768
5438 29417 1887 -0.680083305687
5457 220914 20652 -0.96580878222
5470 125700 23869 0.049056255511
5530 66241 1731 -2.14299553896
5550 15 14 1.0
5622 97289 3407 -0.788683239526
5626 69656 3610 -0.705953797197
5713 26542 3977 0.107635510292
5736 38553 1102 -1.4444409756
5748 1754 587 -0.334480152921
5775 521981 7892 -4.78989801335
5785 24926 3466 -0.273495174703
5823 34743 1217 -1.1035298422
5925 96057 3462 -1.39200505755
5940 77263 3635 -3.76818230296
5962 91488 4254 -1.45667484441
5979 227486 12319 -2.39337865172
5984 211913 8662 -2.64980601639
6019 420385 10908 -2.72449939421
6036 76321 6410 -0.932197692518
6045 26593 2648 -1.14128189035
6070 156899 4512 -2.45149131922
6141 79 56 0.682816121363
6143 115611 22542 0.262432962535
6150 129152 25320 0.206384980592
6195 95320 20907 0.0660655855397
6225 2419 814 -0.326260229731
6291 82943 1787 -1.03639957999
6297 74724 1987 -4.50890348399
6307 61977 3849 -0.536822949259
6317 31017 1796 -1.82869765803
6380 205915 17136 -0.358149021829
6489 7849 929 -0.619987692533
6582 28370 3769 -0.377051029402
6593 269418 9056 -2.47898571583
6694 69455 11418 0.353561850627
6695 111777 22650 0.229049539178
6726 116076 3860 -1.39098706654
6740 198538 5254 -1.60235878314
6758 87404 1520 -2.06333745959
6812 102764 4513 -0.365812062566
6871 71231 9883 0.341423901297
6903 13644 429 -0.456612104174
6977 16113 589 -1.98401726876
6987 30104 1589 -1.63234747569
7020 127471 24527 0.140388778968
7042 77771 7858 -0.0386240569986
7043 90001 6679 -0.254337816082
7076 27584 2142 -0.259791983865
7079 31957 1423 -0.736699415883
7161 52720 1709 -0.947274379311
7184 104419 21063 0.311278391575
7191 94687 14086 0.187653134286
7308 18 13 1.0
7311 36100 4677 -0.750797879133
7334 202363 29063 -0.147265753714
7359 54177 5818 0.0629804676879
7366 2449 797 -0.0234618707672
7371 43310 3414 -0.283477834403
7418 52784 3593 -0.536434539532
7445 4625 602 0.017149567896
7473 46131 1918 -0.722090573496
7485 217050 29845 -0.390565147379
7493 4109 1085 0.127290709835
7501 16666 612 -1.80723702379
7507 279485 38284 -0.293571415171
7554 31132 2597 -1.06494107781
7563 12551 1216 -0.034592989665
7614 29672 3975 0.0844231514599
7619 210823 19725 -0.928628109452
7629 101430 22289 0.160744688883
7650 143761 5783 -0.727034982029
7747 28846 3959 -0.195814381049
7788 85191 8150 -0.655804864193
7789 56980 6773 -0.31273952554
7820 13074 859 -0.823888575139
7935 45018 1585 -1.02700345649
7990 5269 326 -0.846625115078
8002 32642 5064 0.334875147387
8057 133633 2664 -3.54977840289
8098 27190 2677 -0.75708014083
8106 106321 21317 0.282103985716
8163 38313 2039 -1.13943895078
8165 28280 944 0.172504075856
8198 13703 567 -1.42557432531
8205 56945 2053 -1.1751083397
8219 67976 4191 -0.435074668985
8240 8555 1000 0.106715070167
8271 97772 14105 0.208177446922
8339 39331 766 -1.30244423753
8342 6837 679 -0.847908259432
8365 31296 2119 -0.63366507777
8382 98229 5522 -1.0165307333
8403 164116 2848 -4.217980902
8409 13 11 1.0
8480 46076 1739 -0.984376343122
8505 163707 5515 -2.34768299552
8523 2797 930 -0.353869449721
8534 2615 829 -0.333112083093
8623 68771 4938 -0.477509232308
8672 209789 12516 -2.17074809609
8716 7849 423 0.0331923144552
8730 88045 4328 -1.38589166286
8795 30122 2511 -1.31552746758
8828 24648 1917 -1.05307135375
8938 242328 40493 0.00463267355447
8940 169642 3507 -3.31002857941
8951 49959 923 -1.25604642554
8980 79678 2305 -2.12511934961
9005 25401 4356 0.303035168987
9047 57859 3396 -0.929330688067
9048 32888 2998 -0.299935104137
9072 22633 6323 0.446259769539
9077 42053 1777 -1.04057705108
9087 8831 1119 -0.652941910074
9137 18192 655 -2.23305206647
9171 11829 804 -0.630005412162
9173 87496 4190 -1.76220668923
9252 179130 12576 -1.5823047844
9296 29113 3596 0.0993636416184
9325 65806 4043 -0.544124673377
9376 129363 3288 -1.30183427967
9385 50162 2643 -1.30093820555
9411 219336 6547 -2.62870075966
9495 73587 6469 -0.373065007875
9498 112954 3553 -3.10629901979
9503 124083 24184 0.206463941589
9561 200835 5987 -2.49047451459
9589 8317 861 -0.233191101647
9607 39505 2996 -0.755152784171
9663 24732 1437 0.262983288121
9678 72387 5197 -0.432729061267
9713 124873 25078 0.275667393547
9723 124185 5736 -0.376634528051
9758 2026 937 0.340066631912
9814 107625 20284 0.0771301611241
9837 93833 1666 -4.38129123984
9853 85741 4551 -1.21110562153
9855 183900 6575 -2.32435018556
9860 316793 23322 -0.132641014225
9872 35820 3187 -0.638952891396
9901 110266 8257 -1.50231366642
9937 64608 6079 -0.220376380564
9948 16912 3035 0.0794311526312
9962 28737 2685 -0.304697867393
9974 116236 8548 0.629032653198
10002 44940 4322 -0.0678517766961
10022 4050 1267 -0.00400324113465
10146 12698 530 -0.528240930997
10197 92305 3325 -2.38534162207
10204 38682 2038 -1.28652510914
10342 102142 4655 -1.48105506752
10345 102472 1600 -6.62932786416
10487 230480 23688 -0.363489198842
10489 50981 4169 -0.313241782743
10496 103910 18564 -0.254101597999
10663 174155 23710 -0.291190877953
10680 186492 5892 -1.04601290394
10695 86008 5670 -0.800225089619
10708 35322 3861 0.0239268050193
10714 424590 37952 -0.400935949578
10723 83217 1853 -3.70638045084
10801 72136 5485 -0.508937159415
10861 79468 15966 0.261143930086
10927 207732 18888 -0.990116321521
10945 32427 3003 -0.660929550066
10990 65534 1958 -2.03715179035
11016 168057 6225 -1.99922050853
11097 24 21 0.579769193609
11110 13750 555 -1.3527111376
11156 113422 21918 0.274689754522
11160 118323 22776 0.241636983573
11199 30056 1509 -1.50720155307
11218 5641 571 -0.590349381422
11220 586710 57635 -0.636238751199
11224 13661 1198 -1.02730736477
11275 94987 1783 -3.43242428322
11288 68992 1872 -1.46765312193
11330 244988 3862 -4.09047388705
11397 149184 15969 -0.732560459009
11427 194085 26500 -0.222708793833
11460 13484 445 -0.551035193623
11473 144766 6325 -1.83366059877
11484 3553 1253 -0.207920711541
11506 34491 4056 -0.172755252694
11540 79110 5234 -0.350567221923
11580 99035 1605 -1.56750053976
11658 40802 3476 -0.329152941161
11660 130967 8493 -0.55328618109
11698 53198 1783 -2.64968843534
11702 137859 25534 0.219252437579
11708 55791 13998 0.426504702903
11710 158614 27633 -0.00334168720055
11713 34988 1236 -1.22486594636
11735 21264 1728 -1.18210154349
11744 106944 23235 0.227799587975
11763 53 33 0.860614724847
11852 2471 869 -0.469865165073
11860 57241 1502 -1.22670581078
11876 109710 23658 0.101495867026
11903 56297 1082 -2.5895817779
11911 5450 758 0.191288634522
11943 100740 4554 -1.94783647642
11966 31821 2429 -1.51012815807
11968 40067 3039 -1.76813265557
11971 21507 1877 0.63407015158
12009 50 47 1.0
12033 52778 2044 -1.248663432
12099 33256 4164 0.193406238612
12101 35751 4284 -0.132792842943
12127 152922 5585 -3.2912949791
12190 88598 11967 0.185241686026
12196 26388 3051 -0.063580528094
12212 31391 885 -3.00019275532
12230 157863 6126 -2.36749067324
12262 19320 962 -0.702787804644
12292 69779 3995 -1.0011166342
12348 19 17 1.0
12352 1040 114 0.366815918779
12367 6286 890 0.221565567235
12385 238825 33632 -0.333151632979
12462 243379 21279 -0.86551163117
12522 155480 2993 -3.60105694342
12544 129583 25733 0.226570535909
12545 116883 24207 0.248565066727
12602 93836 18795 0.0257565651877
12628 72006 8192 -0.106098713815
12733 126048 4697 -0.835942668725
12764 157828 3029 -3.36983899982
12815 79276 18946 0.37231943526
12848 161427 4233 -1.8079735307
12889 32796 2321 -0.873727289292
12896 25397 2381 -0.758882665055
12900 29819 2125 -1.27154936694
12904 34967 2248 -1.81075630478
12921 10837 389 -0.55119499615
12935 58745 2117 -0.897564611922
12938 86671 1426 -2.15898932811
12943 134704 1219 -5.01784503219
12991 72356 1408 -2.78570255015
13016 122156 4994 -1.33429105554
13060 44575 3626 0.00464374249613
13072 4955 775 -0.227031917338
13075 4149 583 -0.154753880296
13078 121046 24048 0.277415208899
13120 123455 9763 -0.620542505013
13123 32099 1128 -1.46930659905
13163 32476 4513 0.0965505801438
13196 198875 5024 -1.63717608128
13214 42796 878 -1.49097280858
13251 150006 21731 -0.120248755347
13284 26018 1854 -1.16473432806
13298 85409 3491 -1.96971023616
13331 143041 7157 -0.450573200593
13343 43599 5114 -0.175627260382
13351 33603 2179 -1.0930907136
13375 176098 15818 -0.997293191968
13404 3278 982 -0.074726219603
13448 298946 7354 -2.87293122514
13505 165416 10167 -0.647231520685
13537 3541 618 -0.161688429397
13572 371143 9839 -2.57329335277
13633 27017 1330 -1.92359347512
13644 153134 5161 -1.74515991672
13647 124792 12579 -0.462452219305
13649 126604 22974 0.215434573094
13681 141607 5472 -1.45955445019
13698 83959 3078 -1.3851213551
13750 92236 2992 -1.11978154556
13784 9130 1406 0.112038789002
13820 87620 2334 -1.42636201882
13897 35188 2964 -0.66306459424
13904 236263 27786 -0.52303267837
13943 75623 2232 -1.39433890298
13976 154291 25443 0.219428130364
14009 88457 8871 -0.0618164527748
14107 193644 33851 -0.12428824114
14110 67010 5762 -0.757689417644
14117 35065 6643 0.355174463317
14167 1591 524 -0.246741681399
14171 1327 474 -0.597717421076
14275 110 64 0.740169289668
14389 33951 2945 -0.590778223797
14401 100769 2998 -3.14049029988
14468 14021 605 -1.78148819795
14482 23978 6348 0.268436064988
14534 128845 24130 0.20800594356
14540 101988 11470 0.02262457296
14551 49474 5230 0.0320777778499
14562 29056 1900 -1.36576847403
14568 30482 2799 -0.53829315058
14623 27692 4017 0.216715631222
14687 72786 2283 -1.51947899023
14720 131580 7760 -0.740214394779
14741 217354 16068 -0.908029862743
14752 236517 39623 0.0509347743703
14799 5779 1809 -0.0622134485725
14812 77636 4458 -1.66333511905
14817 140933 10302 -1.0597139663
14831 43113 1959 -1.48077714709
14835 137532 5871 -1.74097211316
14883 100039 21278 0.286403852294
14906 74 58 0.795655775564
14916 93926 5420 -1.57236833952
15000 159674 19806 -0.427794310638
15028 38969 1732 -1.40609307336
15039 36506 712 -1.36371072432
15087 60922 15088 0.414625125523
15106 10606 635 -0.769243902469
15112 45925 3645 -0.318983901559
15115 41316 1583 -1.03365287122
15128 67122 16549 0.189878997547
15145 46438 891 -1.07895672908
15181 49936 4338 -0.479581867518
15236 146709 25550 0.186121490112
15242 30476 2952 -1.52165807034
15272 290098 21213 -0.950539207668
15314 20475 1941 -0.215927831909
15335 135679 3783 -2.21922723034
15370 19012 1022 -0.237878133232
