0 3839 10 1479 0.580526935007
2 513 158 35 0.766286578986
3 2986675 362 754104 -1.3527559964
4 2857800 353 793915 -1.20083128442
5 3109993 506 845860 -1.37374521276
6 2003269 355 297868 -1.11917759772
7 2643 288 1281 -0.0255374143892
8 2316547 530 380415 -1.58526453564
9 20141 130 6760 -0.944785037198
10 1999626 475 408505 -1.71064981749
11 1101270 259 202694 -1.18360075857
12 2720624 564 394001 -1.61841950913
13 6442 319 2862 -0.0988011524606
14 5701 147 2255 -0.0395026446916
15 2876693 563 674837 -1.50124182141
16 1644619 376 213248 -0.946906078003
17 4702 174 1770 -0.657595109883
19 929 161 233 0.46898743502
20 86371 1055 13575 -0.249078006386
21 616 13 233 0.727255634252
22 7125 176 1654 -0.929820994731
23 1655048 510 376600 -1.52714610693
24 1269 302 197 0.729443579923
25 2939735 469 586830 -1.15615114568
26 4415 388 800 0.294646182972
27 2062264 466 384109 -1.60361705236
28 909 267 200 0.647209933973
29 27283 846 2476 0.103627280928
30 18000 401 2134 0.0721292182639
31 28334 288 12205 0.221101810703
32 3699 102 1264 -0.535975342674
33 3523886 740 516927 -1.33596256023
34 378 81 71 0.50189311015
35 4915 133 1353 0.0559754226681
36 1784119 318 245014 -1.05545734366
37 215474 872 39676 -0.674338580719
38 4137 139 1349 -0.19720193056
39 2407831 374 673411 -1.03270676584
40 296215 400 176780 -1.26430527725
41 1533454 303 259530 -1.32715537168
42 3522280 422 734806 -1.39185208932
43 4606 23 1705 0.552609283191
44 852 15 365 0.664984513278
45 10145 115 1189 -0.29042031917
46 1324137 334 240180 -1.18473359842
47 3087547 398 1181981 -1.63259065687
48 1676186 568 265227 -1.44183313211
49 165909 985 42379 -1.40649299115
51 120194 182 20706 -0.310626501248
52 6582515 1184 1521991 -2.69277616257
53 5855 334 2525 0.0297342388386
54 173664 849 27568 -0.571867012904
55 2630794 538 651335 -1.71248235977
56 1652395 542 321726 -1.18131327138
57 3108748 363 340541 -1.33162976933
58 1528431 314 326499 -1.22022254476
59 206 19 81 0.844336024904
60 26304 828 7561 -0.134921691127
61 6370 129 1538 -0.0960919901561
62 3002 123 1077 -0.63645478218
63 3805 16 1356 0.544090154465
64 2555 16 641 0.491501008866
65 1388238 370 261394 -1.26367348813
66 1407767 707 163939 -1.62279658205
67 27728 171 6016 -1.70217847402
68 6986 320 2248 0.281572066572
69 3352 318 1555 -0.126021246019
70 4452773 443 1099269 -1.58060684132
71 2916907 479 679042 -1.28658000404
72 3072622 426 416854 -1.05268692362
73 2602121 407 457349 -1.03085912041
74 4237806 1092 495723 -1.42576932248
75 108148 532 28966 -0.805834937457
76 2622732 575 427111 -1.54096761734
77 1529 91 344 0.16522926382
78 3367301 437 829592 -1.53997699357
79 14946 284 2961 -0.362173843976
80 900 21 195 0.752495109156
81 2376427 575 540171 -1.47281593389
82 5159 355 2216 0.00224002909221
83 2313196 594 422103 -1.55386366734
84 3501560 380 827271 -1.22413426237
85 5660 389 2650 -0.0568717573933
86 28256 246 9916 -1.19003460248
87 3067465 760 508424 -1.405729097
88 1088 254 86 0.756232761318
89 1149 170 158 0.197233973232
90 23279 342 5714 -0.295228344966
91 121930 582 36286 -0.68097509766
92 2180946 430 521537 -2.07149129915
93 6877 401 3110 -0.116532225268
94 2731263 493 769375 -2.22511630867
95 5403 156 2842 -0.337573940055
96 3154 121 962 -0.028406812161
97 3472994 822 381300 -1.54461240167
98 2680 277 1256 -0.0192413030899
99 2519980 473 348206 -1.65238182897
100 22368 238 11342 -1.2683286989
101 3613878 456 904983 -1.66505054179
102 164 38 53 0.764950349022
103 1817841 348 385828 -2.11152404371
104 1925705 297 658142 -1.02962649049
106 9028 22 3990 0.440377281657
107 2318218 434 304550 -1.16544621379
108 8593 611 3774 -0.273832140238
109 48 22 7 0.966429934495
110 5246 245 1809 0.155955993791
111 84389 498 23581 -0.74949280045
112 2515958 469 567500 -1.43868454542
113 35587 135 23200 -2.22921505165
114 2051600 458 324448 -1.02163965977
115 243717 708 62147 -0.974410624367
116 52235 237 17081 -0.726381089459
117 982 35 267 0.738746972951
118 2299623 411 290811 -1.09395172754
119 1736 272 230 0.569474884885
120 2137 53 684 0.668180932316
121 514486 755 114646 -1.04273997578
122 6830 142 1249 -0.0973374423548
123 2377255 300 495722 -1.86479735699
124 1191789 426 205253 -0.967416869453
125 1991892 463 627992 -1.60194185657
126 1576770 464 337124 -1.29082137736
127 2380384 314 741435 -1.51330868119
128 8787 229 2450 -1.17160725813
129 27675 431 6237 0.118580001983
130 30772 395 4510 -0.164831036687
131 38644 655 5177 -0.171373744982
132 2603480 462 684441 -3.84620150805
133 734238 778 114919 -1.21652267858
134 6419 170 2952 -0.359450619666
135 7430 365 1931 -0.298154591795
136 53939 781 15650 -0.706747078883
137 1847 152 746 0.00110418934388
138 5206 127 1083 -0.217859322391
139 780 250 95 0.684254492584
140 1612212 284 230940 -1.37495681244
141 3472453 425 1100848 -1.57437670893
142 2194738 523 353097 -1.43603602996
143 745803 928 190477 -1.15701263358
144 2537081 400 489816 -1.39056270086
145 2102287 481 353355 -1.28108241563
146 1903485 520 292051 -1.28240438172
147 2423201 475 318984 -1.42279771717
149 2274658 936 258772 -1.08389159871
151 8123 302 2495 0.111077447999
152 174597 910 44706 -1.34618114188
153 2005551 497 349646 -2.0743753696
154 2519 80 1017 0.400988911311
155 2324964 520 763157 -2.70725910631
156 3904 38 1854 -0.248849410384
157 994197 289 413257 -1.22234506023
158 1562655 450 350550 -1.35603908004
159 2610856 389 615884 -1.31748034705
160 2492714 350 696346 -1.35468814398
161 7352 418 3376 -0.145591712489
162 2245806 521 470284 -1.92212885231
163 2694915 381 923521 -1.24467367751
164 2802564 529 672856 -2.01430624707
165 1860 58 740 0.632750604554
166 2237349 682 273929 -1.8544385267
167 2328569 356 390841 -1.72926695689
168 102547 796 29683 -1.12077534821
169 2071352 425 273632 -0.960388029066
170 128084 851 26099 -1.2142899465
171 2099890 372 485646 -1.20790788233
172 2357249 374 587965 -1.26388783383
173 4842 252 1975 0.0491194386766
174 3402129 553 838306 -1.21334335003
175 2914560 614 1070951 -3.63296987302
176 2814362 504 862190 -2.05625477495
177 1012 186 185 0.359473065968
178 86901 882 12140 -0.531361792904
179 3228844 538 684179 -1.57320424219
180 74509634 1555 10620353 -1.43066141317
181 2976 150 1010 0.15371875127
182 1667268 370 335579 -0.95000940806
183 235882 1618 51052 -0.385125412728
184 1967938 341 754168 -1.63666847487
185 1878103 296 199182 -0.965855477006
186 2409903 542 553808 -1.46177857843
187 771 34 146 0.680358033318
188 7412 85 888 0.623727938224
189 2001096 386 387383 -0.985770321058
190 2312743 359 457041 -1.54788013517
191 1359162 370 390571 -2.69950802604
192 4232 26 1186 0.582867517283
193 2143671 353 386270 -1.36671877425
194 401 75 134 0.215392420648
195 2561936 469 490028 -1.0826977391
196 4561087 648 1340224 -1.72663573443
197 1121503 322 254833 -2.61659975483
198 9463 120 2201 -0.142888132483
199 3896075 440 918934 -1.74165672642
200 1888 303 208 0.530763489694
201 1865696 525 393956 -1.36241584463
202 3213790 413 681832 -3.92441451816
203 9049 244 1300 -0.685472023253
204 2927864 514 616969 -1.58848957299
205 2246373 327 519962 -2.20756018
206 2143587 492 357160 -1.22627454276
207 2851 11 2344 -0.257883592972
208 2435 109 587 0.129296366732
209 2943 295 1439 -0.204191119017
210 2344365 393 486720 -1.69464790709
211 18639 261 9736 -0.629721138164
212 1137 282 183 0.640947235331
213 2133337 472 277945 -1.42441756201
214 1860207 494 931013 -2.16754204581
215 1888435 415 228813 -1.42338226711
216 1253204 312 651361 -2.38906740973
217 10050053 2011 1448271 -4.98257813917
218 7898 227 4653 -1.68552772374
219 43361 743 7948 -0.309562351924
220 2637298 476 409637 -1.33442753914
221 2859752 526 727411 -1.66204276548
222 1884250 414 298377 -0.934942622394
223 2223439 299 274511 -1.10622138549
224 11140 401 2754 -0.687626360626
225 3034117 630 776418 -1.857839956
226 84430 729 21736 -1.07637255283
227 2563732 704 802389 -3.00700389381
228 2412 379 279 0.580802473684
229 2858715 339 332813 -1.45922554763
230 3109894 413 370984 -1.54458929125
231 3281 10 1256 0.705611002232
232 94829 823 4446 -0.187830233868
233 18785 201 10365 -1.23273616301
234 2882 278 1277 0.135092178679
235 2058906 595 318947 -1.52617589135
236 2396 23 615 0.457236195108
237 10631 437 2272 -0.122507653986
238 1053 55 188 0.349555809702
239 10580 44 2342 0.0301779762363
240 888135 975 248938 -1.23116185614
241 2405950 476 680313 -2.45847407229
242 7237 152 1384 -0.147442315536
243 2327039 389 826888 -1.68384718493
244 1801420 425 488861 -1.36155057662
245 26315 197 7715 -1.77652078594
246 8379 32 1911 -0.0181462546096
247 1271 315 211 0.578186024691
248 921 127 211 0.614857197749
249 2210574 497 183997 -1.1915398644
250 5377 34 1444 0.422738163262
251 12526 261 4236 -0.198023448702
252 3813818 563 982050 -1.61741054365
253 1864319 380 364308 -1.44265524032
254 2175845 516 535342 -1.50873940974
255 6470 115 2662 0.221933358854
256 2666001 365 838122 -1.42878100143
257 1494205 569 374605 -1.51832670996
258 103906 509 39924 -0.9969222084
259 961 223 116 0.645939691891
260 3003966 436 515709 -1.3873026544
261 2495 20 841 0.52523865387
262 2041929 351 159754 -1.01521326802
263 3801 70 1325 0.0859110539693
264 2266760 353 502668 -1.46087842441
265 2867462 506 373288 -1.47437086032
266 1132868 308 234548 -1.65842116275
267 16992 221 9631 -1.19669398906
268 830969 401 121478 -0.960175535223
269 302045 1278 60933 -1.32125283169
270 1046 138 259 0.309344343022
271 2049180 408 374275 -1.12954180471
272 3193092 494 901478 -1.2568504579
273 2368169 458 516096 -1.75930187476
274 2280501 551 350716 -1.60045429794
275 22911 532 2075 -0.319146164296
276 2927 23 930 0.702212101185
277 3249446 503 1211513 -1.35622330276
278 1955788 411 309757 -0.840822948661
279 6350 55 2500 -0.210266156275
280 1522917 360 387477 -1.16295844017
281 2478899 590 450855 -1.52207415614
282 2796 61 1173 0.0233575697613
283 1045 192 154 0.22811521429
284 4385246 964 263630 -1.58996620776
285 2105600 411 426716 -1.57030039263
286 1703922 525 572591 -2.72888125065
287 6137 127 3579 -0.76885340736
288 34678 275 6797 -0.779543895456
289 2564849 346 408595 -1.62734064197
290 1781442 330 551774 -1.04171818563
291 3985888 667 884552 -3.23918712386
292 6220 49 2758 0.0895216561747
293 2486125 387 560403 -1.65425141461
294 2527076 601 417128 -1.80494777733
295 1771555 425 917359 -2.81801804026
296 7147 41 3101 -0.117452845891
297 5450 21 3304 -0.438115283546
298 2874158 506 735282 -1.32395461522
299 1615877 368 307072 -0.970037660458
300 2260016 414 734061 -1.93690314226
301 2445 398 186 0.744434836079
302 5734 67 2617 -0.115559295076
303 3322792 478 615951 -1.37810495092
304 5342912 1070 427304 -1.97807385155
305 1614001 683 288573 -1.24093257251
306 1600284 512 372740 -1.37999565731
307 4065417 495 1225958 -1.46017516682
308 37 12 10 0.824271129655
309 1188 296 83 0.720784733352
310 1595 23 580 0.129551666322
311 2769446 453 513423 -1.28248383803
312 2998229 387 341116 -1.36728866375
313 67892 448 9784 -1.07681789081
314 35836 360 9473 -0.510731339292
315 6135 137 1605 -0.150799197535
316 4125 314 1773 0.0808481689555
317 982 202 113 0.514489350515
318 1142 316 245 0.555331914889
319 1760526 399 181746 -0.857061605161
320 3107563 541 747892 -1.78907594496
321 71635 791 17631 -1.10986941964
322 29095 168 20296 -2.42592785937
323 1330 294 156 0.629435865694
324 2680909 438 618093 -1.4234026078
325 3063 271 885 0.495835620832
326 2517880 672 703350 -3.73100004739
327 8326 137 4838 -0.833565715234
328 1930348 425 506495 -0.933450520689
329 4041828 529 673509 -1.36396236524
330 5206 30 3078 -0.069399247316
331 9162 68 2551 -0.471298877757
332 13604 150 4557 -0.716493082673
333 2896860 515 871638 -1.33796490877
334 1873896 488 325907 -1.14448059375
335 1852005 412 233000 -1.07682194671
336 10209 43 6798 -0.338890642541
337 7288 169 3975 -0.641664929675
338 2007014 583 278048 -1.30196456663
339 8627 141 3577 0.137561841348
340 2089 109 513 0.336443853579
341 3094940 431 1028763 -1.55803600998
342 1709820 446 190814 -1.13096631311
343 3353 64 511 0.157952353406
344 2144675 375 511785 -1.23819535106
345 1747036 568 292539 -1.08361125698
346 2548320 472 388792 -1.50976696842
347 24610 413 3582 -0.190557016351
348 951 254 135 0.636914641597
349 3967 19 1463 0.431277207387
350 1451 47 781 -0.331980241924
351 1719309 388 319429 -1.11645708905
352 2918 84 481 0.296883834982
353 3557541 425 816048 -1.83807832488
354 2492533 559 573229 -1.83948087867
355 2590925 444 738805 -1.50163028008
356 4220 80 1174 0.132511450558
357 2742348 548 559095 -1.53123479421
358 2641365 498 685767 -1.66517049039
359 2058988 329 339504 -1.16003323643
360 663318 452 122623 -1.02796001358
361 5512 138 1538 0.139465295524
363 1491863 510 202357 -1.45386813757
364 1778469 545 1095835 -2.63110435586
365 5288 205 2434 -0.266972448899
366 2546368 389 464520 -1.21106163547
367 1997750 315 358266 -1.14703001395
368 6781 199 2494 -1.19072299197
369 2675666 629 356453 -1.44669006507
370 1449891 476 236222 -1.4263657157
371 20573 155 11886 -1.5811697046
372 8912 57 4905 -0.530448882585
373 1817389 459 616562 -1.2275980262
374 2141 31 648 0.0897075247379
375 1486 17 409 0.465383821042
376 2317861 418 291738 -1.5957493472
377 37416 801 3640 -0.54195000138
378 2334548 559 651994 -2.04343458665
379 22984 246 12691 -1.18411457716
380 1336264 333 565629 -3.99945112469
381 1673380 633 427779 -2.24566136885
382 2334757 450 418616 -2.76127722087
383 2336 14 801 0.474019972989
384 4540 354 1366 0.161185236121
385 4055750 758 548772 -2.45479942721
386 3724 121 352 0.527248623351
387 1976329 721 269978 -1.13498538498
388 1829 36 560 0.036367602538
389 3027149 341 577987 -1.0489248514
390 23011 393 5208 -0.832475318632
391 1004 126 254 0.208363621975
392 2386587 375 524053 -1.59778876082
393 1046 284 170 0.634830685409
394 2487 350 425 0.470250352863
395 3229 47 1022 0.251469658317
396 440298 255 75222 -1.05712315169
397 2313800 470 353691 -1.59569712682
398 3112463 521 472190 -1.39338315974
399 8538 500 1242 0.0791773611601
400 2063 92 193 0.865934686847
401 9270 503 4219 -0.241716148421
402 17663 45 9265 -0.676579708035
403 36976 472 6121 -1.03611126521
404 1115 243 109 0.633643986061
405 2011 13 921 0.366424502234
406 7289 387 3234 -0.0703112022407
407 2230 31 1134 -0.0641695270071
408 3147 47 570 0.576486584573
409 3037670 465 440241 -1.22718813823
410 983725 523 122668 -1.09844742661
411 1246 267 218 0.618914275428
412 1485365 392 257730 -1.10631624438
413 2082310 429 391229 -1.63569434976
414 4276 376 1851 -0.107390060064
415 11902 420 5421 0.0546647589593
416 10759 150 6492 -1.09088163778
417 2253223 299 568322 -1.21737990602
418 1708664 487 383398 -0.968049045774
419 961 229 147 0.613914674864
420 2448410 504 326126 -1.58403894176
421 7416 71 2973 -1.30077583688
422 54003 420 14432 -0.679987307339
423 4111 444 648 0.335199698234
424 4860 477 2217 -0.235931696363
425 2242006 449 698637 -1.27548545036
426 936 289 107 0.742534518613
427 14070 210 6836 -0.816883679687
428 6458 147 1469 -0.255494663353
429 2378235 381 358167 -1.32730952265
430 1102 264 64 0.701919284715
431 1953562 358 617460 -0.854697027295
432 1095 227 157 0.34338138568
433 2044884 360 325900 -1.17062639857
434 2626 55 1154 0.377624223554
435 6651 127 1462 -0.0373602686212
436 1029 296 156 0.70605348984
437 4815 99 1475 -0.299150095479
438 2938295 407 949490 -1.88861375836
439 826 242 42 0.794002326905
440 2081964 530 585812 -1.51441738739
441 1714236 517 402774 -2.22006892006
442 1502 269 174 0.464095053592
443 2797128 453 212886 -1.34447336319
444 4599 109 2465 -0.69333907176
445 3851 69 1066 0.410846063371
446 985 180 173 0.539474739474
447 57 19 19 0.701387961768
448 28141 587 3546 -0.564201536161
449 1907045 379 303575 -1.19822869434
450 7511 396 3097 0.00200643328114
451 7040 477 3658 -0.484716880651
452 6371 51 3486 -0.519133861896
453 2002431 479 652665 -2.47815493328
454 2289943 339 596827 -1.3442671119
455 5563 160 1900 -0.446171196844
456 8652 499 3973 -0.275193909124
457 4254 147 1258 -0.126558267515
458 789 245 67 0.703400634734
459 5391 52 2776 -0.166550593666
461 1969809 570 235429 -1.47779030255
462 5400 263 2307 0.163409549138
463 2925 307 1447 -0.173927025728
464 929 253 216 0.633538405424
465 1984444 502 449498 -1.19334518745
466 3439 115 650 0.350687399869
467 3001944 413 1032471 -1.8623360741
468 3888 34 710 0.51308243129
469 1034402 423 131686 -0.978927636047
470 1442679 523 484381 -1.44893717148
471 943 202 106 0.547826713213
472 1105 177 243 0.433200520187
473 5007 115 2939 -0.730785083329
474 1946228 356 282911 -0.994876977856
475 6052 132 2333 -1.42720219247
476 2967760 524 533567 -1.94605939416
477 2055715 318 507833 -1.12655630477
478 2122789 301 445427 -1.3316965754
479 19397 118 6097 0.186933126565
480 2189119 485 320962 -1.71580780026
481 10822 362 1894 -0.708114387637
482 10483 33 4098 -0.216137994197
483 21082 148 7131 -1.12370212607
484 1060 241 139 0.584046005512
485 973 221 122 0.586422352501
486 2512294 537 773658 -2.4468795088
487 5341 138 2824 -0.250001461503
488 5689 133 3236 -0.56569088575
489 2546970 560 546486 -1.43813888953
490 2359873 550 282089 -1.59030751247
491 1083 302 109 0.658754091154
492 2066565 607 300427 -1.42949189512
493 4562 70 1164 -0.0456860257322
494 1616017 381 417796 -2.11742962071
495 2459102 456 598605 -1.99639558529
496 893 221 131 0.530434477017
497 2304425 286 436192 -1.10422671439
498 1490853 315 631487 -4.27644799795
499 10955 612 4854 -0.295779843016
500 1066347 545 133589 -0.963696801858
501 758 24 157 0.723747798103
502 4982 279 643 0.478023851247
503 428 76 127 0.47689425094
504 755 161 178 0.516734314791
505 2061518 393 326722 -1.2735932756
506 5523 202 2245 -0.264604726104
507 557 17 138 0.803505829344
508 2458345 409 374975 -1.43219606252
509 2890560 454 434876 -1.47164464144
510 6136 459 2711 -0.0492323210099
511 2788 106 868 0.349121110953
512 1844002 348 348357 -1.0331487129
513 333 59 95 0.548910637554
514 2683046 372 774788 -1.93422310122
515 110364 528 27033 -0.725118816489
516 1669492 343 357873 -1.01236027986
517 5787 24 1639 0.332964353055
518 2378076 470 289283 -1.42474025585
519 803770 723 130493 -0.3994052704
520 2347270 575 360194 -1.83708324725
521 1645308 356 258564 -0.996054165842
522 6075 425 3210 -0.56531115991
523 5930 133 2823 -0.175049326328
524 273156 961 107079 -0.525898135889
525 2406231 384 358552 -1.21740943521
526 5160 469 512 0.453486551769
527 4008 18 1065 0.611339657724
528 3914 43 1027 0.114108512905
529 1352159 366 201886 -0.842740772146
530 796966 411 253036 -1.30192300041
531 2786 260 1287 0.0744318881182
532 21856 319 4219 -0.172875124801
533 1042 275 147 0.788473122771
534 4453 396 2227 -0.347002399122
535 7218 412 3487 -0.202997544714
536 5599 356 2452 -0.0103029063846
537 1038522 510 124363 -1.09771787311
538 52258 221 18503 -0.72475487296
539 1041 259 153 0.648113125995
540 2277824 468 531391 -2.10052814054
541 9090 500 3563 -0.427096008649
542 6375 131 2062 -0.407235294382
543 6159 448 3100 -0.439451078601
544 5866 365 2983 -0.289315779137
545 2289599 391 275829 -1.03531756535
546 2387068 331 569165 -1.36140662689
547 4049 27 808 0.648451849369
548 6645 408 3039 -0.119788411246
549 5270 317 2314 0.0338596831845
550 1877380 408 277830 -0.948649700579
551 5525 312 1033 0.0558840542442
552 1990796 364 340528 -1.24815455569
553 5247 150 1634 -0.28267533081
554 2633722 359 374764 -1.29028657152
555 6154 235 2790 -0.952570965562
556 2723767 354 450659 -1.5409637418
557 847 235 106 0.70686653068
558 53888 617 11950 -0.0910724354487
559 40870 213 8031 -0.616816946379
560 1058 11 681 0.290607482449
561 560 144 37 0.812957387135
562 2116203 401 523495 -1.36279485262
563 7890 255 3273 -0.23354393859
564 12442 268 2849 -0.805225154624
565 1742165 336 330514 -1.3068357105
566 2316812 572 546461 -1.557588124
567 2587057 546 1004387 -2.82707211394
568 1316933 519 204568 -1.43633963196
569 1275579 393 154027 -0.954258410846
570 7878 338 1717 -0.0838521544809
571 119064 913 26443 -1.43548956991
572 2643603 420 765478 -1.40943316109
573 845 197 107 0.699478458543
574 3419284 400 740811 -1.27924958027
575 2350114 440 528143 -1.85659120573
576 2820 17 1213 0.263116952709
577 8342 95 3591 0.101671398293
578 2252744 493 1056146 -2.36536680816
579 3336679 449 575228 -2.17345903352
580 1954 22 462 0.712063991061
581 1350 160 292 0.365713348656
582 3155 438 335 0.597082173523
583 18001 245 8550 -0.534127532118
584 5032 344 2074 0.0638410985149
585 3288696 429 527534 -1.1949033158
586 6260 239 2685 -0.0396487499553
587 5859 305 409 0.349244551902
588 2560147 661 453452 -1.50928155424
589 1852916 445 407162 -1.20971192675
590 3938 122 1653 -0.213145975101
591 1008 229 212 0.56020112695
592 2750908 441 402836 -1.64440489275
593 2505190 400 592081 -1.24139634246
594 19143 97 13309 -1.74546658181
595 2500396 487 759303 -2.50028785881
596 214 12 69 0.630973332654
597 1528475 400 249171 -0.982887483838
598 737 222 71 0.686953114432
599 6132 312 2357 0.0979166411839
600 941 38 654 -0.655853240137
601 381091 317 68587 -0.595808503768
602 1898645 323 309941 -1.11853585249
603 4136 170 1263 -0.135429304814
604 2765066 581 408372 -1.39913870203
605 3232980 367 1350177 -1.38009844105
606 919 162 153 0.487483773321
607 2158634 327 294820 -1.04766565302
608 1076557 222 905938 -5.95343813018
609 524 146 52 0.777172844713
610 6434 390 2782 -0.0489012322851
611 7431 278 1877 0.0735473416292
612 1954736 455 458629 -1.35237078717
613 3421 23 1104 0.574751647142
614 2734827 467 1187942 -1.57312241987
615 2488228 596 197228 -1.31781960801
616 2261399 384 276992 -1.04875555485
617 2407679 444 642455 -1.30703619192
618 5543 290 2232 -0.0359235654319
619 838 206 113 0.551302079996
620 3403221 439 899486 -1.24105198129
621 6169 72 4789 -1.29024802399
622 5766 170 1938 -0.0126344296804
623 13020 245 3336 -0.295303905819
625 2644120 363 867085 -1.19301819974
626 350651 715 91313 -0.945541823633
627 6346 129 3177 -0.200847568185
628 2072800 378 417477 -1.89058350402
629 2616584 498 495529 -1.40754814819
630 6216 409 2724 -0.146577548006
631 2368963 586 276589 -1.45404996988
632 2863718 468 380669 -1.3184835547
633 3219922 406 393458 -1.59464287221
634 2631736 326 814638 -1.33364749309
635 5907 163 2530 -1.0688301015
636 1315875 634 228390 -1.36698449065
637 2049079 591 613364 -1.55209982748
638 2759270 549 295602 -1.18088103834
639 6040 116 2363 -1.17604815318
640 12274 201 4426 -1.03244592284
641 8055 331 2052 -0.214663343758
642 14094 294 3535 -0.264279848904
643 1576356 362 542270 -3.62037246377
644 3837852 743 546068 -1.79933878458
645 8433 108 1254 -0.301387156547
646 2305308 356 539804 -1.12382686101
647 2617684 437 778277 -1.43496431402
648 212739 915 23743 -0.565440651063
649 2535 238 561 0.142274237485
650 1532 10 670 0.745396219193
651 7111 414 1963 0.113210662906
652 66325 554 9629 -0.20879156568
653 2553253 429 284257 -1.4619731311
654 1114 269 118 0.751385987016
655 38296 468 6904 -0.157620719829
656 5462 197 2828 -0.771299562056
658 2427268 410 628668 -1.15582379742
659 1475 275 287 0.43537997196
660 5580 118 2366 -0.0161873478567
661 1085887 1326 338481 -2.22340501464
662 2186204 628 546588 -3.00895292054
663 2726184 561 440727 -1.55315975284
664 1643439 510 460030 -1.80904049449
665 9452 231 4474 -0.863389380439
666 1335 11 775 0.474758448005
667 5094 145 2277 -0.427910164309
668 2960041 414 266667 -1.4961029563
669 3464639 536 680067 -1.33949090343
670 374 73 120 0.476319189822
671 421862 479 38500 -0.834432666242
672 3094 50 1113 0.373339541418
673 581 10 302 0.727663638815
674 2589299 362 416935 -1.274150794
675 2275839 584 417405 -1.90159525904
676 2498006 774 350376 -1.81109705089
677 55219 908 10454 -0.110334782593
678 2636270 371 559744 -1.24391059027
679 3245 183 1347 -0.196347006545
680 10829 151 4809 -0.663556354546
681 39193 443 9339 -0.530813910833
682 6959 392 3349 -0.178104249037
683 27174 118 22031 -1.88284502166
684 6835 225 2454 -0.242641488078
685 2763406 510 661022 -2.83631323917
686 1981074 638 956213 -3.3692651849
687 41454 537 12162 -0.219643108247
688 2940012 605 479412 -1.9542796897
689 3573 209 2250 -0.348866244323
690 1015 142 278 0.355993030359
691 2384722 479 379745 -1.43821629153
692 3082693 551 622904 -1.40297623625
693 2586595 500 389855 -1.40081671859
694 79337 745 21177 -1.05751657684
695 2192385 323 407606 -1.21046776537
696 16758 600 4428 -0.175568531
697 1970707 387 266416 -0.98791902394
698 2001717 388 187858 -1.133303063
699 5993 11 2317 0.583675428026
700 2661339 462 333826 -1.39318810224
701 5910 467 2426 -0.255082684388
702 2114491 354 553275 -0.96266687845
703 1546083 326 323290 -1.01740776255
704 7105 424 3292 -0.245772509
705 2866 250 886 0.443639173789
706 2764712 469 545677 -1.51352327665
707 1434528 609 336902 -1.7744223962
708 131712 760 32390 -0.748336688912
709 5043 159 2578 -1.17552909121
710 3750216 434 1387722 -1.46133690741
711 2118309 480 1341130 -2.20648625666
713 8149 504 3405 -0.00951520143784
714 2358414 436 566110 -2.07629615439
715 2836986 632 426313 -1.33798610546
716 3634917 542 616836 -1.65963313389
717 62387 555 10678 -0.74265420277
718 32212 308 6783 -1.38801462103
719 2963210 393 687918 -1.43569040556
720 35652 519 8975 -0.0122301840473
721 1886903 466 544929 -2.5460454448
723 1879679 399 302027 -0.832032311979
725 1116815 404 343694 -1.15672978931
726 6750 259 2737 -0.628339689749
727 1694997 329 790780 -3.25063993529
728 2367467 453 370822 -1.39547011424
729 2146 39 573 0.463713772088
730 3173299 532 726081 -1.6093176458
731 19298 259 8229 -0.388696165814
732 2935961 349 755798 -1.2322226122
733 42075 424 12821 0.00296590185819
734 684 162 115 0.535737889291
735 2825 11 1122 0.671428078657
736 2153340 518 428285 -1.62457982029
737 2219711 489 634671 -2.41010961856
738 41085 475 9784 0.159768310936
739 85211 815 33736 -0.73888932211
740 13330 165 6993 -0.726966451525
741 3501 28 2211 -0.0688623547344
742 2732138 463 436576 -1.11200806358
743 2056039 373 448742 -1.84257162458
744 19768 419 4887 -0.570611265256
745 1647760 526 180736 -1.29290397188
746 2997172 371 773019 -1.47599457054
747 103365 550 19718 -0.976918729217
748 40855 300 10582 -0.125540819767
749 2430239 481 700368 -2.28371656201
750 2127950 387 322730 -1.56099959414
751 110820 505 35798 -0.82899311877
752 2345013 1406 1388230 -2.68023049663
753 5680 449 688 0.217218653163
754 7253 298 2600 -0.79223388144
755 21511 287 4392 0.0819398792656
756 3376985 490 701319 -1.5837012652
757 2057663 426 562672 -1.22724329943
758 18328 145 11134 -1.71041727954
759 1550998 605 352115 -1.5247907357
760 19835 700 3600 0.119422674035
761 614 100 197 0.330239450137
762 27046 152 10969 -0.715989466426
763 1203446 547 163691 -1.02859253795
764 2117529 307 428604 -0.77533874664
765 4117 162 1812 -0.174226845679
766 8674 313 2104 -0.00416071363852
767 1056 11 714 0.499144615012
768 1940408 359 445856 -1.30131892001
769 1996409 401 239889 -1.60666783114
770 4628 192 1272 0.386558445634
771 2811564 431 532304 -1.78902962437
772 21166 195 11542 -1.16667296663
773 4791 131 2078 -0.13662456235
774 1695629 626 296731 -1.42344357486
775 2228265 375 373709 -1.13048803928
776 1726404 422 216232 -1.07280589169
777 2132050 397 328286 -1.41559022368
778 3495961 471 799897 -4.16781392096
779 5975 66 1812 0.205066557365
780 2933656 514 365797 -1.45158664662
781 7634 430 3263 -0.0605826361605
782 921 198 233 0.559630932052
783 3750042 501 1077921 -1.5173821708
784 2487404 340 846175 -1.22719860348
785 2286688 638 445682 -1.36893035559
786 971014 920 173729 -1.22626915792
787 5613 328 1703 -0.510153354136
788 2905939 484 609054 -3.41537144706
789 4178 394 1549 0.097746300605
790 7718358 4809 671069 -1.01552631557
791 3165935 356 934117 -1.72298295014
792 5387979 508 913756 -3.32639957302
793 2752683 697 251696 -1.4324818507
794 2051540 423 824072 -3.91714325691
795 5260 18 1689 0.516561542403
796 1606 294 161 0.634861138766
797 8419 176 4963 -1.09329860323
798 22176 353 4572 -0.0835898231378
799 3128 20 1119 0.096405934564
800 7442 399 3553 -0.200522340259
801 2213756 383 493285 -0.961508294052
802 2267631 497 614561 -1.3913839366
803 2903052 448 679473 -1.79430947219
804 3051980 409 1219802 -1.43773435217
805 2492617 482 371826 -1.14674123346
806 1436126 632 149084 -1.13530221489
808 2992055 416 1009052 -1.34944043704
809 7488 402 3306 -0.0120764057005
810 2287056 496 366562 -1.59230590505
811 3184153 422 686264 -1.63466481484
812 220232 1003 47712 -1.45488062561
813 84314 415 11025 -0.846079060277
814 6783 33 2748 0.349767303599
815 2180624 450 1525836 -3.76533136644
816 1781816 475 263363 -1.17893265595
817 918 162 142 0.309578771192
818 3109453 454 939654 -1.20190270726
819 3019809 431 777868 -1.17910208149
820 709702 326 101240 -1.69980511947
821 4131 252 1510 -0.0765410353564
822 3286029 461 962392 -1.61136938849
823 1955938 530 483814 -1.50029879654
824 114682 655 22391 -0.508810453333
825 77504 419 8185 -0.0450082382432
826 1309 18 724 0.515119793138
827 1854390 318 445648 -1.48635013066
828 2313362 604 402769 -1.31301687993
829 2799337 362 859101 -1.31986919157
830 1736016 359 525771 -1.08273710384
831 10545 85 3316 -0.210762552803
832 5165 147 1530 -0.12653185443
833 1949 24 488 0.590139369666
834 1817989 450 494531 -2.11989950808
835 1657432 476 1117914 -3.50707813333
836 2269293 365 431917 -1.82262938442
837 2586653 554 566896 -1.38131975233
838 3527134 598 678297 -1.68396950513
839 2281640 421 203919 -1.03288044546
840 1644996 384 413896 -1.04040477993
841 2275303 432 481133 -1.21281358839
842 2865689 465 1203349 -1.97362034257
843 5213 357 2800 -0.514656941977
844 1840 43 448 0.54861622243
845 2852329 478 709472 -1.8345662147
846 2631736 326 814638 -1.33364749309
847 3362293 426 853256 -1.62404626092
848 2969120 466 538327 -1.74273612555
849 2390146 500 542120 -1.85965289449
850 2314482 353 432134 -1.64207368425
851 1542600 746 132384 -1.16669744416
852 1896214 369 308878 -1.0390859111
853 4085768 868 345661 -1.82271941893
854 795 16 327 0.509132171781
855 2996 21 790 0.616126170719
856 2117148 585 291022 -1.39089439059
857 1585734 285 213686 -0.85634835625
858 2529496 335 652174 -1.54694968923
859 3161936 509 520609 -1.48014907407
860 1985881 469 362068 -1.29802531032
861 930 278 91 0.801125686687
862 5221 29 1997 -0.258260142937
863 1944213 349 1087226 -3.13497280958
864 2683441 437 571167 -1.66441869596
865 1710435 341 351397 -0.967595243272
866 8465 407 2390 -0.0574148012344
867 10452 46 6071 -0.161927439759
868 1065 136 298 0.184550926548
869 4936 22 1876 0.1604271124
870 2100520 458 584728 -1.32272236685
871 2181306 446 529712 -1.18574874043
872 1712430 336 378989 -1.51959119312
873 3353 19 1073 0.412061078289
874 38708 551 12066 -0.0203068891746
875 2107289 588 529333 -2.48155840444
876 2584197 338 335761 -1.51029751389
877 1948977 549 504434 -1.47376378628
878 6824 141 1771 -0.305341240099
879 842341 299 135344 -0.974723170177
880 2455183 380 618143 -1.46267543626
881 36 17 7 0.835696892157
882 2029816 622 595556 -1.88084494776
884 37311 340 10178 -0.58705080059
885 2576429 492 572735 -1.19958937242
886 3538521 455 773695 -1.79382792571
887 4686 106 1776 0.37827585293
888 2261973 329 380816 -1.66043509691
889 2882 24 701 0.361333126897
890 1416 299 157 0.619607485802
891 5378 48 2926 -0.519399068778
892 2257650 368 288508 -1.50139599412
893 2767739 625 393434 -1.5768621094
894 3313718 638 918783 -3.09352164537
895 4978 79 789 0.326840006507
896 2336864 441 170856 -1.22955304505
897 4037 32 2033 -0.241947750214
898 200522 633 51498 -1.05048887587
899 1970909 2408 583020 -1.29162541384
900 19419 177 10498 -1.38001917259
901 1692194 376 556779 -1.25109781514
902 5798 139 1350 0.352432733536
903 35419 249 13754 -2.0649958912
904 1000 240 120 0.594117703593
905 2291723 500 243749 -1.34472727226
906 1912459 388 428075 -1.42625372759
907 2172223 372 365638 -1.2362560478
908 2547211 465 790182 -1.62591992199
909 678878 425 99855 -0.979277216597
910 2194805 482 336517 -1.19107980479
911 2143677 438 518565 -1.32818459721
912 2712753 586 459091 -1.47655174737
913 10844 134 3884 -0.553896651664
914 2794 80 1024 0.492482096345
915 4655 350 711 0.408122460299
916 1869117 401 290218 -0.951640480996
917 141900 663 31051 -2.16704792209
918 800 128 151 0.36891180891
919 3022 97 365 0.538217449614
920 80 10 22 0.863688299554
921 1444910 429 266129 -1.45249965996
922 4448 135 1567 0.390825782802
923 1186851 317 256508 -1.4914880902
924 2554 66 830 0.0818770400419
925 27175 139 17055 -2.069261343
926 5366 40 2091 -0.089402724521
927 3128 35 1292 0.0572333375301
928 81207 513 22114 -0.822080854808
929 2203264 468 372599 -1.36056821206
930 834 167 139 0.544640732845
931 4500 26 1013 0.423661291576
932 1139 45 606 0.0463285753607
933 12794 654 5617 -0.28329856571
934 1688814 349 147323 -0.872702659002
935 106 11 28 0.850460144962
936 3268 22 2045 0.13316954466
937 2193914 409 331685 -1.33280123013
938 17292 260 9113 -0.815959867631
939 662 245 156 0.610823069996
940 5342546 712 465107 -2.22585550815
941 72 16 15 0.836777084338
942 4230 27 1073 -0.16398955517
943 5467 179 3406 -0.839801284679
944 1240763 158 553077 -2.00012974088
945 785 174 107 0.659736137666
946 3158453 610 591984 -1.58328232721
947 4934 25 2462 0.0690599179101
948 3339 105 648 0.217544109251
949 3887 91 2062 0.0753166481608
950 2808 43 712 0.202981251594
951 134387 1210 10060 -0.521951763815
952 2202901 494 617935 -1.8452495684
953 1191 251 360 0.492838563028
954 54143 755 15978 -0.201302657807
955 6781 31 2137 0.709203453588
956 8818 173 4910 -1.10208669265
957 3368736 632 663218 -2.11942074091
958 4047 220 922 0.288716956122
959 3016146 374 926389 -1.51073267619
960 3456 26 1677 0.259155020646
961 6953 256 3372 -0.408885947494
962 5359 45 1387 0.646727022383
963 5442 32 2624 -0.156502634211
964 696929 461 92861 -1.05920975174
965 3226 24 718 0.481124466899
966 1679160 373 283931 -1.11335603466
967 9681 73 3566 -0.179137037367
968 4886 29 1570 0.0386206112888
969 5105 140 2401 -0.172126477938
970 3346064 796 600576 -1.72215964633
971 5301 62 1836 0.0386777447401
972 4727340 756 509159 -1.9265011669
973 3235 54 1138 0.515809787653
974 34918 209 24511 -2.86766060921
975 8933 125 3908 -0.156744455201
976 993 262 145 0.782880737287
977 1944034 507 754608 -1.92996069237
978 103683 138 28446 -0.492823603653
979 38036 137 25714 -1.90671549302
980 1784738 293 461489 -1.02049015352
981 3064 209 1154 -0.123714325254
982 1518478 559 766098 -2.39728365423
983 2217749 624 382104 -1.38811451886
984 3412 358 1776 -0.260324815778
985 2090701 393 401649 -1.98651059145
986 9395 26 4339 -0.219147025128
987 1241 202 304 0.38044856435
988 926 218 110 0.669465645477
989 2538751 550 536053 -1.44930450761
990 2532532 682 487185 -2.47602974232
991 7138 163 4163 -0.910700234423
992 7271 153 4707 -0.876115523359
993 5921 50 1964 -0.233991867097
994 8566 134 2870 -0.239609483504
995 4540 141 2208 -0.337997717912
996 14720 447 3322 -0.382994261483
997 7176 45 1942 0.231777174786
998 872 181 70 0.690023486185
999 4285 87 1218 -0.0520174819927
1000 948 162 194 0.294267148744
1001 1634344 468 411986 -2.08029378653
1002 4480 135 2660 -0.682372371378
1003 3717194 958 318467 -2.14542600497
1004 2005001 619 572367 -1.57215808058
1005 7592 356 1923 -0.384127450591
1006 2606138 523 1327293 -2.62183374347
1007 5451 149 1974 -0.1935333137
1008 5944 223 2244 -0.413427534886
1009 2665828 686 589245 -1.90234098722
1010 6355 87 2000 -0.235414691001
1011 867615 1001 206613 -1.11887364122
1012 2075082 344 216625 -1.17653175247
1013 3128 118 934 0.0595968980785
1014 940603 524 144063 -1.17397518361
1015 1246 174 218 0.380594538178
1016 1885 68 305 0.442784110078
1017 2222282 407 199756 -1.27907700899
1018 196919 695 90541 -0.81781251953
1019 2417286 592 333812 -1.88058074837
1020 2109 22 469 0.595993807992
1021 2600132 616 671073 -1.44584580172
1022 7097 182 4114 -0.743309953703
1023 2152613 355 270244 -1.22798092031
1024 2087 51 746 0.243926660317
1025 5791644 896 1687577 -2.50203484862
1026 2578132 404 696540 -1.41365325341
1027 6088 120 1254 0.225567504434
1028 3977 118 1931 -0.260131514047
1029 54681 257 27776 -2.20128595507
1030 37489 407 14751 -1.13436780054
1031 2599 29 658 0.614068426185
1032 6401 59 2190 0.0747828644368
1033 2532625 465 316155 -1.38109450271
1034 1871402 380 420216 -1.02596386848
1035 892931 234 714975 -4.36280411198
1036 5937627 764 875005 -1.95718198548
1037 135245 546 26295 -0.996679119801
1038 3300 156 1127 0.124730507584
1039 23527 184 13913 -1.68298005393
1040 2210726 509 472853 -1.78885807134
1041 2444483 500 833015 -3.10823941208
1042 5124 62 2507 -0.382521225837
1043 30182 488 4027 -0.203782690569
1044 1163 153 223 0.271257834659
1045 1944380 257 322578 -1.14178349543
1046 3177057 715 636552 -1.34129318065
1047 72526 181 11707 -0.19837226275
1048 2540507 396 530044 -1.1950459107
1049 61 14 39 0.384948418312
1050 1099576 320 310206 -3.04484111066
1051 2902114 372 424268 -1.31854447536
1052 5379 412 2408 -0.144896662688
1053 5991 93 1853 0.320970175581
1054 1074 281 129 0.667052670104
1055 2032 306 320 0.561006710321
1056 3956 71 1540 0.334043741919
1057 5689 229 2542 0.037193409758
1058 1575 322 410 0.577015883084
1059 13469935 5221 1468599 -1.33132040628
1060 5304 406 2304 -0.236897675575
1061 84814 746 31746 -1.28620293913
1062 828 207 116 0.742343545158
1063 1215 245 163 0.627536590511
1065 14017 683 6421 -0.242971212197
1066 1205 311 249 0.679088068006
1067 873179 454 152579 -1.0951480461
1068 1719232 353 246076 -1.04206625646
1069 973 241 115 0.725861957097
1070 12 10 3 0.406349776955
1071 1276649 517 254745 -1.90522625106
1072 1286 78 521 0.136872106122
1073 77482 633 13799 -0.783818008327
1074 489002 691 185877 -1.19615912268
1075 1955569 381 225690 -1.08443794771
1076 1214 253 83 0.738812869847
1077 6160 48 2392 0.045073342819
1078 2792318 426 276080 -1.59340962973
1079 434011 444 96928 -1.3948625896
1080 10833 283 4252 -0.496956615425
1081 3309419 514 583095 -1.04040706235
1083 1182197 603 193830 -1.2159725692
1084 85268 1060 14018 -0.854097254668
1085 6058 370 2439 0.0505251753916
1086 6241 118 1337 -0.271482873541
1087 29536 154 11868 -1.19635574879
1088 1934570 551 396606 -1.60621091894
1089 2612752 390 557682 -1.2527822675
1090 3449219 617 440247 -2.49417787888
1091 940 260 114 0.690989067709
1092 41753 650 17883 -0.557436127604
1093 6733547 931 553186 -0.742036347613
1094 9993 123 7605 -2.21465833363
1095 12208 382 4984 -0.0696725695983
1096 897 247 138 0.655128167452
1097 858 79 301 0.421164735114
1098 980806 356 160775 -0.863340528105
1099 2557104 529 466749 -1.41265843323
1100 2496 44 1210 -0.215208903207
1102 1646 60 336 0.21878677415
1103 5501151 1202 690657 -2.72035042865
1104 2805341 431 613727 -1.01837561663
1105 7937 298 2438 -0.492759002233
1106 939 224 116 0.773494465623
1107 154 37 59 0.507282313352
1108 1982791 448 452870 -1.44098922006
1109 2726854 351 457101 -1.09315621674
1110 2779500 444 634382 -1.11495301407
1111 2116919 431 590078 -1.88036471215
1112 3236 31 1413 0.0260000522609
1113 6456 137 2397 -0.255533916543
1114 2183940 326 300429 -0.979539754766
1115 5752 359 2100 -0.00381952065885
1116 856 120 289 0.286794348013
1117 2139531 565 557866 -1.53824187398
1118 1296588 498 573597 -3.00643018551
1119 9421 452 2515 -0.249306821286
1120 2678767 452 521658 -1.18743328846
1121 2972561 378 819595 -1.30575395132
1122 1010 157 330 0.28570645408
1123 779 150 148 0.406030814606
1124 814 180 90 0.648600008198
1125 26182 100 18651 -2.84787715833
1126 4470 276 1792 0.145506731801
1127 1688218 400 354271 -0.946394768215
1129 2010847 427 564771 -2.59021738965
1130 1090 272 102 0.645137643724
1131 10650 346 2927 -0.696002710692
1132 6205 185 1875 -0.303870405357
1133 2324069 520 708360 -3.41159123865
1134 1044 246 76 0.799496096594
1135 2283939 486 571384 -1.49903995573
1136 3352666 444 1137038 -1.89938389735
1137 5945 513 2158 0.148135467071
1138 850 146 222 0.447052905855
1139 899 290 117 0.784236759575
1140 9446 418 2328 -0.306066552439
1141 3610 85 1362 0.369195389671
1142 3893033 676 827241 -2.1522020391
1143 1004 250 120 0.606696935383
1144 6663 166 2806 -0.102223228079
1145 8028 165 2512 -0.0550184988315
1146 717 187 61 0.748890866116
1147 2440019 370 798606 -1.30851501589
1148 14827 404 4258 0.371216523539
1149 1468446 422 255173 -3.55560377244
1150 110190 572 29591 -0.856267294171
1151 3634452 426 638668 -1.34022853139
1152 1035 239 117 0.694409515202
1153 3293814 717 612667 -1.94642605582
1154 6907 384 2742 -0.127162840665
1155 3316 299 949 0.506667005124
1156 1301765 329 489585 -2.48681821185
1157 1702646 424 1108965 -3.90559118116
1158 1785734 337 441544 -0.948673848063
1159 2112148 409 520123 -0.899419740482
1160 8003 157 2591 -0.404555001825
1161 4687 102 1941 0.00025186829169
1162 1526554 438 294729 -1.06390303508
1163 1796264 414 355922 -2.17133891076
1164 6625 252 2894 -0.17246529281
1165 2279 286 540 0.336624928586
1166 6266 582 1813 0.228927602111
1167 389 114 41 0.690365094893
1168 936 251 149 0.678557932113
1169 8885 18 3098 0.85979773447
1170 9827 104 4266 0.360312743063
1171 5682 271 1260 0.489042988714
1172 8505 483 4135 -0.354823455953
1173 20 12 4 0.83253483917
1174 2491406 338 806379 -1.17782257582
