0 21459 157 -0.930386139984
2 675 197 0.745922521005
3 5598 11 0.432903152238
4 32519 177 -0.681392576871
5 94839 1193 -0.194794225693
6 920 14 0.733083703816
7 9011 261 -1.05475281366
8 6159 456 0.19151867991
9 278327 1803 -0.409911761512
10 29773 947 0.149462565322
11 19838 464 0.0983564239627
12 513 97 0.502203979842
13 99307 572 -0.819582957829
14 1088 16 0.612499679883
15 199557 1102 -1.37503223374
17 952 289 0.71224433222
18 29593 921 -0.0840689109202
19 57473 257 -0.710741370877
20 28033 192 -1.7050147664
21 1818 358 0.628975737461
22 127293 598 -0.84130712626
23 16890 340 -0.316416268964
24 1285 24 0.694123463987
25 30669 293 -1.05676170163
26 1645 201 0.133005504338
27 144941 650 -0.707380919048
28 132653 668 -0.903122292151
31 13681 26 0.321956643113
32 84 27 0.887686438863
33 90100 578 -0.719937586191
34 2687 357 0.458256985459
35 282104 812 -1.03255611908
36 58984 275 -0.701675272338
37 2380 319 0.511350303012
38 45667 248 -0.54598857952
39 2461 101 0.861203906535
40 1630 367 0.710339568242
41 38031 453 -0.236150617117
42 41770 749 -0.0934866927257
43 58274 876 -0.607735975007
44 2231 180 0.110808828478
45 1058 317 0.667486372136
46 39152 285 -1.81829344947
47 30485 494 0.125128531871
49 211820 1023 -1.33648529316
50 4689 43 -0.365539714139
51 97102 828 -1.03939778976
52 1155 329 0.712077973358
53 118268 897 -1.05071277893
54 32782 181 -1.20468423594
55 97781 1008 -0.532299759246
56 1053 37 0.638044463472
57 5668 30 0.659168942298
58 695 93 0.0915247024572
59 27169 388 -0.319543126554
60 7612 76 -1.19775883287
61 1413 351 0.662645336319
62 47878 834 -0.2390452137
63 11708 465 -0.57186712485
64 100746 821 -1.04223068949
65 4377 10 0.639310978721
66 70259 505 -0.957905408446
67 3598 24 0.30551279591
68 1041678 1108 -1.25186774726
69 28025 232 -1.66132982315
70 9487 38 -0.0215556224372
71 1682 374 0.525162518061
72 1169 155 0.561497092048
73 7075 36 0.315711076712
74 1614 219 0.333937052185
75 6791 24 0.375539884313
76 7505 122 0.289181823167
77 1179 267 0.63458840775
78 3579 22 0.398114158724
79 4166 75 0.111004401644
80 1698 172 0.0908370539911
81 25133 615 -0.275088995397
82 4080 25 0.601488744046
83 6840 62 -0.297174481816
84 2878 65 0.115618301944
85 1764 232 0.0260942361105
86 7007 63 0.153869088479
87 12296 45 -0.353105825635
88 1552 222 0.265277057511
89 97454 1185 -0.806730646839
90 5984 80 -0.00843061706172
91 59 23 0.805912357062
92 3676 11 0.619856253042
93 2781 26 0.0273766280095
94 1365 236 0.454724383187
95 1084 11 0.597769687788
96 1626 347 0.668796487693
97 6251 37 0.0459672473657
98 9614 79 -0.466578156695
99 10437 46 -0.215094545472
100 2453 131 0.395831189126
101 145852 744 -2.01330991848
102 26758 468 -0.168565835565
103 1226 314 0.638481197477
105 3134 92 0.360408416595
106 3262 231 -0.0546500125974
107 6159 153 0.200377357345
109 9910 65 -0.638579865263
110 2017 20 0.519873064481
111 4134 18 0.627283020951
112 4693 133 0.512283969653
113 1941 41 0.0469777986462
114 25490 448 -0.733780761218
115 1606 151 -0.0167446684033
116 1323 336 0.622008744521
117 3055 411 0.506599723627
118 3335 53 0.257013376659
119 9335 579 0.129845807185
120 6673 342 0.354334796914
121 18583 52 -0.728618475031
122 42021 539 -0.974270637577
123 1378 287 0.599980593033
124 2789 14 0.457192582212
125 2284 34 -0.0598429926039
126 3256 52 0.603400905325
127 2580 368 0.557495091063
128 1616 321 0.630419078651
129 148246 948 -1.13374961277
130 9184 93 0.640838116773
131 1327 266 0.565542722362
132 9362 274 -0.548757677265
133 62675 489 -0.684222439862
134 43636 634 0.0314443635324
135 1210 353 0.736072382293
136 1479 322 0.707089103252
137 1401 271 0.365121123689
138 1366 354 0.731469547951
139 5001 111 -0.245514051905
140 1083 297 0.789605453943
141 26 10 0.567117297942
142 2116 334 0.404418098377
143 4895 77 0.483870499288
144 1448 224 0.454609596611
145 32550 666 -0.53727536549
146 6467 56 -0.513202317692
147 1187 140 0.277542832146
148 6197 53 -0.194269788807
149 1098 307 0.750381844295
150 5629 60 -0.174866739987
151 31 17 0.87731801911
152 1134 304 0.675840020488
153 239 46 0.814958934294
154 3722 123 0.409671982798
155 5094 38 0.486952288505
156 156754 618 -0.944623039604
157 1413 259 0.456271305604
158 362915 1441 -1.3806234858
159 85806 882 -1.06277648966
160 11431 35 -0.189946409124
161 22843 176 -0.950769667006
162 1142 210 0.638686128808
163 1304 273 0.565121929837
164 240899 1036 -0.565357865921
165 126206 623 -1.01771482589
166 7962 374 -0.0109266486469
167 1332 266 0.36390955889
168 115161 582 -0.973879224619
169 1177 27 0.670504653202
170 732 103 0.240352712985
171 154734 871 -0.781137008151
172 806 18 0.839238575934
173 860 185 0.522280633399
174 435 76 0.562815676997
175 130624 607 -0.746303502351
176 8566 26 0.319448833448
177 875298 816 -0.422706494775
178 4599 23 0.684286640872
179 301689 1093 -0.47487773603
180 6670 557 0.387149786359
181 4791 21 0.481532905381
182 4294 45 0.212163488283
183 25783 374 -0.25075265364
184 1282 332 0.763073186119
185 248552 722 -1.12768314202
186 1423 304 0.717270883695
187 4763 34 0.588824728423
188 1166 282 0.672325759119
189 1348 11 0.270926244722
190 724 170 0.749569765124
192 146367 1033 -1.4331057648
194 1092 243 0.638275511228
195 219 48 0.625775518499
196 2982 19 0.346986639305
197 3026 26 0.629642591222
198 1875 196 0.381012835487
199 3813 535 0.608558329206
200 1321 194 0.503676582935
201 1348 288 0.56621517471
202 20286 118 -1.65694419866
203 327 13 0.521943733239
204 251 22 0.883265724265
205 1184698 1483 -2.14614669595
206 1272 200 0.413896212009
207 693 183 0.767928287995
208 1422 300 0.579002152587
209 3755 25 0.586746430063
210 1086 255 0.592572748001
211 6418 83 -1.26998449231
212 24 11 0.816056457042
213 394132 826 -0.935271606209
214 13624 236 -0.873665600754
215 41821 406 -0.543150297855
216 14992 331 -0.213486382113
217 1441 371 0.625334634765
218 2875 275 0.199129655659
219 2350 11 0.771722229528
220 1370 318 0.704364590666
221 2076 325 0.391288216988
222 9991 267 -0.709060441942
223 1492 11 0.596869096798
224 530 92 0.502127789637
225 972 10 0.633529381086
226 58906 699 -0.0730867118758
227 11343 177 -0.56872228274
228 45452 505 -0.553886470533
229 27798 135 -1.83067615826
230 46522 612 -0.134390332784
231 120908 757 -0.422762136702
232 44166 523 -0.190945385584
233 18335 677 -0.125354472704
234 6946 12 0.650930203751
235 1133 194 0.365561100322
237 63665 626 -0.716879502704
238 33291 350 -1.28494026863
239 58 14 0.294003911418
240 1814 10 -0.378473384058
241 246038 987 -0.687401423084
242 1528 348 0.716402594049
243 47220 540 0.166287798778
244 60466 849 -0.161740167434
245 14216 193 -0.620448062678
246 22963 480 -0.562468752602
247 62230 1026 -0.0684777697253
248 43639 344 -0.100459856293
249 128738 573 -0.800650282652
250 7260 533 0.161526309469
251 5374 88 0.360995242761
252 21945 800 0.134432568493
253 913 117 0.19848411743
254 521 138 0.64200640446
255 4629 181 -0.127058475671
256 1404 380 0.630617431079
257 81767 717 -0.708257626283
258 6818 73 0.172120902117
259 1080 234 0.6269253769
260 1129764 1046 -1.27206717093
261 6061 380 -0.343473107302
262 5639 21 0.538619582488
263 6148 151 0.378907690356
264 5309 24 -0.117381312793
265 29 20 1.0
266 92494 472 -0.84429480707
267 9361 37 0.326773524619
268 1311 205 0.29802002558
269 5253 294 -0.0466591759987
270 81959 471 -0.0571095533614
271 1467 19 0.660828658312
272 11562 94 -0.116251153293
273 2990 27 0.531580499525
274 2553 48 0.447539104139
275 1119 222 0.592918273746
276 2303 19 0.211744511085
277 14986 178 -0.683837533858
278 1156 336 0.793097342572
279 10536 33 -0.226028160315
280 10923 52 -0.143466186748
281 1769 181 -0.0201614266242
282 7670 23 0.021012399357
283 5230 22 0.158661282932
284 7739 162 -0.193256291241
285 62 29 0.779231290525
286 39979 385 -0.531746398488
287 3435 27 0.311915987558
288 9123 55 -0.610127863312
289 23757 333 0.0797669264185
290 1344 305 0.628378434697
291 620269 864 -1.09462344093
292 25317 395 -0.0261898685189
293 1342 298 0.613458835466
294 14270 145 -0.681068955088
295 3036 89 0.542848289318
296 3659 72 0.157526770875
297 1373 165 0.157926899585
298 3154 104 0.556787006897
299 103 10 0.864027347087
300 4804 150 0.417181598657
301 5843 46 -0.11225863302
302 1028 195 0.547383041639
303 5515 28 0.389406717025
304 328 12 0.639173600198
305 5377 24 -0.21527483324
306 850 305 0.644980821117
307 4158 19 0.512878796147
308 86 24 0.846435166137
309 5320 32 -0.218457945661
310 5073 31 0.0721297693874
311 3554 116 0.22707322684
312 2996 45 0.204003954287
313 1378 306 0.59724508454
314 1490 305 0.545048448714
315 7432 34 0.765344797181
316 4487 253 0.310501449045
317 3606 33 0.249058240869
318 6698 51 0.619452840612
319 5581 35 -0.0445793162676
320 4317 26 0.5013701257
321 13094 81 -0.167020732139
322 8489 31 -0.268245746843
323 5328 68 -0.00535793907373
324 1159 302 0.778723610067
325 4695 88 0.10599383273
326 9407 29 -0.324946303491
327 45512 482 0.0512259398492
328 1202 273 0.671658861569
329 859184 1053 -1.16543499175
330 15732 517 -0.301732128227
331 9991 50 0.149212139744
332 1132 220 0.630663631703
333 5053 97 0.00154072906275
334 1403 193 0.217013818092
335 7402 92 -0.165418717854
336 965835 1141 -1.08836876852
337 5369 310 0.487052380076
338 1740 214 0.330787011352
339 2020 76 0.474619263494
340 207503 783 -0.742110018581
341 3258 26 0.447738585852
342 3029 468 0.720176122015
343 6610 140 0.284099225831
344 44224 472 -1.14658748791
345 4029 33 0.448629114582
346 6549 66 0.0266872289528
347 5371 515 0.310228979519
348 5673 71 -0.334239196387
349 33332 546 -0.199610475775
350 1883 200 0.110669030009
351 89 25 0.460292739782
352 41226 586 -0.00941898352227
353 1318 343 0.714002925695
354 64 22 0.787573645728
355 1930 392 0.584295249197
356 36929 319 -0.729009164434
357 88575 858 -1.15694468748
358 1045 260 0.712700134627
359 1541 294 0.62249058435
360 47 16 0.539700041699
361 1435 374 0.721869151003
362 1181 298 0.724420604636
363 35 21 0.837030168997
364 26244 111 -3.00426195105
365 504917 802 -1.14572847898
366 1542 309 0.690805753017
367 6393 51 0.0966409566289
368 72363 626 -0.176910354364
369 263720 1129 -1.44898740963
370 1500 171 0.3023861948
371 1186 319 0.735149690319
372 1097 295 0.70400723593
373 1099 97 0.492249726945
374 1174 276 0.776632557498
376 3779 34 0.223568634761
377 3011 464 0.551087434653
378 1348 184 0.321710464883
379 1307 185 0.242815732329
380 198979 968 -0.582355006714
381 24 11 0.764011817418
382 1924 347 0.601195690679
383 1448 338 0.629105334866
384 1355 300 0.790575541409
385 6176 417 0.401020959028
386 1234 183 0.357406152651
387 1153 352 0.770305705613
388 1222 318 0.683147376233
389 144004 1373 -0.475285642049
390 40183 898 -0.461924144117
391 939 233 0.759374985249
392 17002 452 0.368355239921
393 1596 242 0.412421326015
394 1272 299 0.760606252719
395 90029 942 -0.673360984768
396 45302 732 -0.460509139812
398 107819 921 -0.18000433498
399 15869 21 0.775979953555
400 52 19 0.766014515108
