0 1749 229 0.00604663367248
1 1277 271 0.554095929632
2 1726 167 -0.0242401025837
3 905 274 0.713263323371
4 1189 190 0.410695718481
5 1574 354 0.702357118262
6 59 23 0.805912357062
7 1430 329 0.696192928783
8 1097 311 0.723556675487
9 1335 226 0.454634578817
10 1339 361 0.612381996944
11 1016 243 0.599554319579
12 1532 328 0.64769269438
13 1298 282 0.605024864079
14 1348 158 0.153979191953
15 987 187 0.53574005948
16 826 290 0.642821753676
17 79 22 0.778566552959
18 1417 290 0.523860295433
20 1088 286 0.770829833908
21 1562 146 0.0122217922985
22 1289 324 0.613396964457
23 1133 264 0.680423166152
24 1341 277 0.603046622865
25 1033 307 0.657092582445
26 1541 306 0.609432875996
27 1366 183 0.178005600943
28 1189 250 0.583430471667
29 53 11 0.325759461792
30 1105 323 0.715143927728
31 1690 201 0.305211560726
32 1452 309 0.706750424815
33 1363 260 0.326579479271
34 53 27 0.76257445924
35 1296 332 0.72498155466
36 1034 281 0.786093135484
37 2023 318 0.404930867576
38 1384 217 0.441733946018
39 1846 196 0.0922138695615
40 1046 289 0.746102074682
41 31 17 0.87731801911
42 88 24 0.474114647346
43 1098 284 0.67534560637
44 1241 323 0.706392794524
45 1329 248 0.435463832421
46 1579 211 0.30435339879
47 1796 365 0.559699492666
48 867 113 0.223076252851
49 998 246 0.703466679309
50 37 14 0.545088100039
52 1361 356 0.710698830277
53 1154 284 0.743918466655
54 30 19 0.858750638396
55 1297 287 0.592439887864
56 1235 262 0.562971591523
57 1326 350 0.630056138404
58 687 90 0.0657127890217
59 1272 248 0.352668564111
60 1089 293 0.714200143951
61 1597 191 0.0671265561689
62 728 101 0.227837301267
63 1116 186 0.36176554241
64 1040 281 0.692018767189
65 1504 210 0.222917913751
66 1146 267 0.777113072775
67 1293 328 0.648402555326
68 1027 220 0.607553375892
69 26 19 0.971785634566
70 1331 180 0.327843427785
71 1290 179 0.223992342013
72 1074 212 0.594277926318
73 1242 315 0.766771765792
74 1311 308 0.597142443155
75 1298 198 0.294547588895
76 1243 290 0.61219929357
77 1310 290 0.783071685953
78 1177 299 0.637505273735
79 1215 175 0.349088565229
80 1102 333 0.761225016825
81 1268 289 0.609505654296
82 1581 352 0.509311926295
83 1122 143 0.527525928749
84 1135 270 0.656499771393
85 1191 279 0.752931346939
86 1130 256 0.62278111396
87 1675 164 0.0797177093716
88 1153 305 0.705801260624
89 1091 325 0.801982818802
