0 1045 192 0.22811521429
1 1008 229 0.56020112695
2 1065 136 0.184550926548
3 737 222 0.686953114432
4 919 162 0.487483773321
5 1269 302 0.729443579923
6 37 12 0.824271129655
7 1188 296 0.720784733352
8 909 267 0.647209933973
9 982 202 0.514489350515
10 1142 316 0.555331914889
11 838 206 0.551302079996
12 1330 294 0.629435865694
13 1000 240 0.594117703593
14 800 128 0.36891180891
15 834 167 0.544640732845
16 662 245 0.610823069996
17 72 16 0.836777084338
18 1191 251 0.492838563028
20 993 262 0.782880737287
21 1004 126 0.208363621975
22 1046 284 0.634830685409
23 926 218 0.669465645477
24 1115 243 0.633643986061
25 780 250 0.684254492584
26 1246 267 0.618914275428
27 948 162 0.294267148744
28 961 229 0.613914674864
30 936 289 0.742534518613
31 1246 174 0.380594538178
32 1102 264 0.701919284715
33 1095 227 0.34338138568
34 36 17 0.835696892157
35 1029 296 0.70605348984
36 826 242 0.794002326905
37 1502 269 0.464095053592
38 985 180 0.539474739474
39 1163 153 0.271257834659
40 789 245 0.703400634734
42 61 14 0.384948418312
43 929 253 0.633538405424
44 1074 281 0.667052670104
45 943 202 0.547826713213
46 1105 177 0.433200520187
47 1575 322 0.577015883084
48 614 100 0.330239450137
49 828 207 0.742343545158
51 1205 311 0.679088068006
52 973 241 0.725861957097
53 12 10 0.406349776955
54 1060 241 0.584046005512
55 973 221 0.586422352501
56 1083 302 0.658754091154
57 401 75 0.215392420648
58 893 221 0.530434477017
59 940 260 0.690989067709
60 1149 170 0.197233973232
61 428 76 0.47689425094
62 755 161 0.516734314791
63 897 247 0.655128167452
64 1012 186 0.359473065968
65 939 224 0.773494465623
66 1137 282 0.640947235331
67 921 198 0.559630932052
69 1010 157 0.28570645408
70 779 150 0.406030814606
71 814 180 0.648600008198
72 1042 275 0.788473122771
73 1090 272 0.645137643724
74 918 162 0.309578771192
75 1041 259 0.648113125995
76 1044 246 0.799496096594
77 951 254 0.636914641597
78 850 146 0.447052905855
79 899 290 0.784236759575
80 1004 250 0.606696935383
81 1271 315 0.578186024691
82 921 127 0.614857197749
83 847 235 0.70686653068
84 1035 239 0.694409515202
85 961 223 0.645939691891
86 1046 138 0.309344343022
87 936 251 0.678557932113
88 930 278 0.801125686687
