56 13755 409 -0.0347482055749
143 21571 526 0.0492863426403
164 40380 3003 0.436577456975
201 23231 517 -0.340894432508
203 13035 660 -0.482123460201
327 11669 47 -0.732707427197
374 51946 2618 0.0851693287476
382 29892 570 -0.631478899168
419 6588 247 -0.425711522677
420 1731 415 0.330103486194
472 86264 400 -3.382009758
488 68440 307 -2.87306637476
533 161229 586 -4.81304146166
539 11108 286 -0.363136423837
552 37492 1418 0.482967619905
560 61315 2650 0.046374206539
604 39446 479 -2.15600034376
651 24876 885 -1.01259607178
655 79110 4660 0.155707664298
666 65939 480 -2.02380648198
676 22872 2327 0.495911442363
681 135891 1166 -1.47146420446
682 37117 421 -0.960133269492
708 61083 2751 0.145872033077
727 24801 998 -0.0480478409007
762 149492 4449 0.00865859072262
822 53954 716 0.171552441263
824 22739 1596 0.311041011838
854 19809 402 -0.433054751511
876 19432 786 0.0733047523424
940 47503 3186 0.188431596969
955 50806 2078 0.251855012955
1087 14804 681 -0.886047838854
1104 59049 2114 -0.930649190528
1113 71494 638 -1.21983729505
1123 23482 2221 0.495498894123
1201 49462 928 -0.568448118791
1236 47106 786 -0.425674567119
1339 48033 1179 -0.0718851390263
1402 41733 519 -0.365662267831
1407 7185 683 0.389267876166
1425 28059 852 0.151534541983
1432 21702 294 -1.4313226009
1437 16310 509 -0.124174489909
1451 43089 3010 0.432899346505
1478 39314 400 -0.722520785708
1490 49748 3336 0.390352663579
1507 512818 2544 -1.39924816221
1528 21522 582 -0.355993325727
1531 12249 205 -1.66313751195
1539 19186 70 -0.0761502106565
1589 12159 1433 0.301169838632
1684 21942 822 0.341233304021
1687 10576 283 -0.553985373719
1730 82047 2501 -0.399341732637
1778 27855 823 -0.0209628179811
1855 73291 2970 -0.154303262163
1865 11321 429 -1.63570181592
1872 19490 867 0.158771547357
1880 13949 245 -0.445581747569
1886 55076 3490 0.462558708495
1891 66413 3603 0.296865615266
1924 52555 977 -0.588632817206
1938 81121 330 -4.74366041471
1952 9525 332 -0.340936030832
1956 8269 270 -0.0103634907464
2009 43994 3240 0.353681164538
2031 46392 1001 -0.505247731546
2095 29125 1315 0.472152141348
2122 32824 2359 0.3378992035
2133 22187 523 -0.649663902963
2206 7489 392 -0.0803336217416
2218 52426 607 -1.23348753476
2230 1516 419 0.265828052046
2363 19027 315 -0.787025936383
2381 26388 457 -0.212007700618
2386 32547 1493 0.440824597382
2392 23098 595 -0.0797498876381
2440 37911 439 -1.94390960157
2531 57770 3791 0.42522766218
2566 61500 4119 0.418864135119
2584 78371 4214 0.496820169019
2609 11709 773 0.422532949213
2626 30065 2356 0.332977092264
2633 60322 614 -1.10207088837
2655 88662 3417 -0.29927198451
2717 9438 216 -1.54024274939
2759 54681 804 -0.824054849418
2787 59297 2949 0.250465920884
2822 20774 1363 0.248739769455
2826 23983 1046 -0.0187000213211
2844 14362 622 0.39783628689
2865 47074 1542 -0.144056925041
2866 15476 532 -0.10036265726
2886 27509 340 -0.637183718096
2907 39215 818 -0.632050259805
3019 29982 1207 0.358867051273
3065 14547 734 0.609743090215
3079 5278 251 -0.200565871385
3161 27016 1031 0.262157944339
3163 28791 1339 0.46030427116
3224 37262 564 -1.00100827056
3249 1111 256 0.170544090681
3253 926 229 0.0131687531828
3275 83525 1246 -0.553278327666
3286 12792 517 -0.79766574448
3343 42209 612 -1.08943328456
3348 3220 483 -0.0602892584926
3356 16506 269 -0.984542685277
3359 10214 84 -0.383209749661
3395 65658 3403 0.0438283638105
3407 6859 1785 0.488064787564
3410 57068 668 -0.637592731976
3421 7786 938 -0.00773126144824
3466 69033 1255 -0.494236566218
3505 11672 43 -0.0349263457845
3520 26168 589 -0.731423351234
3595 76013 4155 0.423414094445
3645 53351 2935 0.297872744371
3700 224 38 0.351529377037
3703 184115 1569 -1.46271747552
3719 130936 4093 0.0975753105646
3799 111201 1456 -0.615947618655
3869 2306 461 0.279697881715
3905 77088 2799 -0.308539526288
3942 8041 223 -0.517332195301
3969 23737 1203 0.201379482462
4011 140850 972 -1.16910195148
4020 10310 51 -0.598525021565
4021 32427 694 -1.33936403121
4053 40683 3196 0.463809437893
4096 28975 383 -0.977138833565
4110 26629 1265 0.43591871525
4254 4134 176 -0.192913104765
4262 27645 1134 -1.2113313274
4271 1200 278 0.305929615312
4345 310649 339 -7.9607382931
4384 13474 357 0.490845775669
4386 18691 240 -1.1154103516
4393 15767 257 -0.829278572398
4413 7204 1263 0.292753280359
4468 12319 2113 0.6740305224
4587 13046 1474 0.507154903322
4598 1311 372 0.289013590643
4607 50150 642 -1.05620958887
4653 22322 471 -1.42891341833
4719 40168 194 -1.65315702379
4736 197281 479 -4.18426102293
4817 40461 2796 0.47686537251
4822 29174 2079 0.095687687637
4923 102717 352 -4.79826275569
4931 67525 428 -4.15959423064
4959 56268 2986 -0.456959711201
5001 30516 450 -0.670185464389
5007 20615 1043 -0.184545528813
5088 38545 1092 -0.167728996186
5131 27026 908 -0.14415929667
5146 41803 3138 0.227483429041
5150 40873 3245 0.458494506899
5162 53958 1773 0.355374372902
5290 4792 631 0.101956361323
5311 74359 3534 0.433482897248
5319 72440 1455 -0.889481320759
5329 19373 616 0.112472222075
5345 16475 644 0.233456426433
5453 42830 383 -2.2921616157
5503 38071 2528 0.367059397006
5531 61784 617 -1.58656053453
5536 328631 1391 -1.73595326673
5571 15378 782 0.0525919209516
5590 5243 466 -0.28811425614
5640 51547 793 -0.351999573733
5665 78340 1367 -0.416397645092
5700 40274 3289 0.510508177146
5708 33894 3008 0.510582377212
5710 30593 205 -1.27689493899
5820 31054 2812 -0.0151509725546
5847 35996 391 -2.11954796928
5859 48014 889 -0.659693137802
5966 38 23 0.753975646203
5989 12156 90 -1.89781509865
6038 16284 701 0.0808617543056
6045 30227 583 -0.505659162456
6067 18860 566 -0.625829612238
6161 11594 235 -0.392069280475
6179 40790 1037 -0.277586999667
6189 58750 1667 -0.221445973264
6272 14355 442 -1.67373521527
6346 26362 542 -0.213382612565
6400 89102 2512 -0.15385973357
6412 41937 2872 0.366864630648
6427 190079 762 -2.23860652688
6510 55935 3338 0.405886602378
6541 24451 339 -1.26905012666
6582 46640 481 -0.550529578171
6591 34887 646 -0.843025431268
6596 40030 1454 0.315701421357
6625 45038 991 -0.383547776668
6685 14607 116 -3.74919314056
6701 11768 285 -0.228417392555
6706 10292 297 -0.229681328351
6742 20715 1139 -0.163486773835
6789 38060 561 -1.04290616955
6795 39657 850 -0.641812284985
6850 87300 691 -0.937724161012
6872 21338 745 -0.235627420065
6910 35901 2246 0.0320651653656
6943 16142 380 -0.453561968983
6945 13951 611 -0.297098436804
7074 33048 1254 -0.294952279866
7082 24676 552 -0.949877698035
7237 63265 1557 -0.652746997881
7254 43542 785 -0.679850495946
7302 34837 496 -0.622025928382
7312 36565 568 -0.438992144615
7326 48527 463 -0.922353936492
7349 46348 3296 0.436024719121
7356 21923 268 -1.2997538206
7385 18469 925 0.314395529339
7401 55188 938 -2.21655387826
7415 73649 2149 -0.873450202034
7427 64175 1440 0.0879266460604
7443 64311 3664 0.354905503803
7494 89723 1319 -0.0363895940304
7497 68521 1251 0.167472780685
7538 38305 1268 0.178849145432
7578 52 44 1.0
7624 53819 818 -0.900724981555
7666 69364 3333 0.350520144031
7693 40635 1063 -0.0473620219779
7699 39508 1700 0.132150735156
7732 31200 1085 0.119584359105
7760 5610 654 0.284298686529
7773 44514 1232 -1.07225068843
7801 72182 405 -1.67792305403
7852 32377 2784 0.463893026226
7867 16689 366 -0.282604425038
7874 148855 3251 -0.192198638839
7878 42764 3573 0.578178332378
7901 101239 4034 0.30859557464
7903 141897 4290 0.181269673152
7961 36170 800 -1.31931151516
7981 28558 366 -1.9741118351
7990 62265 2609 0.0294064275641
7999 21970 618 -1.5698164858
8011 61915 2524 0.0936993708066
8012 61898 1991 0.0202398431535
8029 30603 621 -0.01009839205
8089 10464 1899 0.649892260238
8102 34954 715 -0.714265347317
8124 6029 290 -0.518624160063
8192 12015 51 -0.643464451641
8207 145058 1293 -0.948630690259
8241 29389 1807 -0.266698587905
8405 1710 420 0.222403785549
8477 34822 1832 0.236638655314
8487 61515 1497 -0.682378849566
8497 75523 582 -0.557548100258
8523 85613 1017 -0.554893907414
8568 17 11 0.557186785976
8579 80999 2793 0.0358742882724
8607 1371 597 0.65054074771
8626 11272 396 -0.227468739818
8688 46582 388 -1.60237543576
8702 65840 463 -0.888649796206
8723 216123 1285 -2.25301840281
8802 56670 1073 -0.565927473101
8934 29043 493 -1.35389725592
8945 8025 637 0.1241330424
8984 49895 532 -0.667793236616
9015 34854 658 -0.543645293262
9019 113794 3334 -0.19413705338
9027 22225 1104 0.0521967027881
9067 58918 1634 -0.173748489177
9068 58227 2045 -0.503820392128
9085 21413 822 0.154865299625
9089 27688 875 -0.0301854240416
9116 36247 616 -0.890682330221
9159 16181 283 -0.213121611684
9174 11060 327 -0.518828063881
9182 723 223 0.0596141230002
9191 23201 63 -0.0944955783008
9259 29523 3078 0.565394656665
9336 47879 1696 0.312572401765
9359 29222 188 -0.9080924756
9393 21013 73 -0.153897179349
9418 18334 975 0.441721025088
9420 43145 601 -0.571357424914
9423 27938 2452 0.56683793803
9427 29076 2405 0.459543669188
9508 68035 3928 0.440563465914
9557 32911 1057 0.140140420693
9559 26443 631 -0.796282822661
9616 4257 333 -0.0668459765464
9658 22916 936 -0.113449660877
9809 37996 2700 0.420457169526
9815 46884 1524 0.0681516430672
9836 39985 447 -0.493085363272
9848 6128 225 -0.403538451787
9870 19540 992 0.0914265499928
9874 18167 433 -0.802041512594
9881 39375 2427 0.125262188311
9884 40161 2038 -0.469547981989
9914 42599 1009 -0.334905792354
9917 35479 741 -0.457334279739
9929 79222 1477 -1.3759594506
9932 43875 468 -0.486294984833
9947 36612 409 -1.47615764087
9950 89262 3717 0.274124643286
10016 25323 2556 0.384376288214
10057 22154 1377 0.158899020785
10080 27150 118 -1.33702754437
10109 13742 288 -1.03379143096
10129 25876 1447 0.211582561953
10144 38080 514 -1.21245975507
10157 21533 484 -0.00538892891111
10193 34881 3146 0.501660641658
10216 27881 2617 0.479910251924
10320 11767 602 -0.0823777922868
10349 8065 717 -0.360390898714
10362 110333 2167 -0.430534541525
10397 23899 1283 0.506332980883
10425 38647 498 -0.657376376249
10436 69756 3107 -0.229955380781
10437 80607 3254 -0.287814902242
10461 53675 1021 -0.456214414313
10462 53413 729 -0.906741845525
10533 71642 1729 -0.173963714839
10536 1485 351 0.140468882978
10549 49457 2753 0.227699688763
10556 8984 284 -0.638291824999
10570 114245 1486 -0.577835047276
10600 42875 1441 0.0587187945232
10601 29063 1075 -0.26585825949
10611 25255 1461 -0.292586158891
10614 10423 806 -0.25613992315
10636 23662 311 -0.816031662783
10678 28112 412 -0.817275003578
10679 60230 537 -1.41611358563
10680 30626 207 -2.64056774199
10714 17648 635 -0.630494834104
10720 59491 533 -3.55832738894
10726 29576 1160 -0.643515533007
10870 29390 978 0.218231915623
10885 43649 1466 0.39934631568
10932 42414 374 -0.834360250464
10941 69056 1427 -0.227826908266
10944 39049 3153 0.518001699909
10948 60787 312 -3.05407080686
10964 35270 1138 -0.105216593927
10976 112030 881 -3.15278428587
11002 49961 1424 0.154323812558
11003 47942 1333 0.102908526795
11075 24459 796 -0.0181547796424
11095 119644 2964 -0.0962248143476
11128 12119 654 -0.364831386503
11163 7429 1173 0.395276165364
11172 29257 907 -0.139963668447
11208 36695 295 -1.70486055961
11235 176435 5033 0.15739284454
11297 38897 2571 0.0392713511938
11327 50242 1439 0.246167649457
11328 1816 327 0.135331186106
11335 1688 385 0.208660509263
11344 73536 3856 0.367564550933
11348 35571 804 -1.03006858508
11380 34945 830 -0.406751320883
11381 41650 2006 0.291865967533
11403 42519 2857 0.377816499746
11466 79 55 0.846092165374
11469 27599 821 -0.63468458454
11475 14429 1318 0.362537142894
11546 58302 1416 -0.443112214858
11570 8306 917 0.0908446457846
11587 5212 554 0.502200314229
11601 98599 2261 -0.141770816299
11626 22991 620 -0.974308321888
11646 39292 2669 0.467175603962
11677 55201 3583 0.368422038235
11800 27578 930 0.348829638899
11855 25013 1191 -0.165291687711
11858 10421 53 -0.788844930865
11896 27254 2768 0.542813192506
11968 34466 703 -0.612687438099
11976 33848 1470 0.323818163354
11985 1628 163 0.469309606607
11989 21482 545 -0.239270204086
12018 9068 854 -0.0125985854214
12031 70868 442 -2.49388605459
12182 585 141 0.276663892152
12213 36786 455 -0.548718619271
12214 38495 376 -0.509929948018
12221 40730 1618 -0.203778675243
12294 90857 818 -1.27481341762
12346 27368 652 0.0886046076912
12398 46382 711 -1.08771556202
12401 30503 432 -2.30644857894
12413 1887 384 0.223788643951
12440 7581 1112 0.448293551699
12472 28268 1539 0.462254899269
12484 71177 1854 -0.107470537601
12494 2320 449 0.200289925209
12542 30774 614 -0.825531095897
12617 85698 1600 -0.661006400831
12621 73823 3131 0.122657353464
12640 41333 2392 0.448357430635
12680 67515 817 -0.586121750097
12714 18558 303 -1.0208113045
12743 39061 390 -0.749090813618
12803 34090 2538 0.440755612335
12815 44705 3537 0.460298174981
12840 33011 600 -1.14953442127
12848 45747 722 -1.17953099273
12935 22711 692 0.10281639906
12937 22820 1111 0.245986016602
13001 63409 1610 -0.248241174842
13052 36521 2550 0.418344706796
13055 106568 3868 0.290198848316
13114 56181 2014 -0.183304162746
13138 246475 1562 -1.29054174833
13144 5447 738 0.136399765836
13173 11211 1089 0.222138985887
13181 48697 3601 0.503495514791
13187 51231 2342 0.0598238570652
13226 1365 356 0.213004454104
13240 41123 2944 0.414874022658
13248 50707 538 -0.632189397899
13281 51859 1184 -0.547064995787
13317 75505 337 -3.54316274852
13366 28449 1018 0.225719773553
13398 7280 612 -0.0849665124318
13490 110290 799 -2.0860277772
13521 14260 419 -0.480413141158
13534 48614 2935 0.208367596538
13578 120977 2000 -0.0560586137727
13581 45414 2732 0.335023879793
13602 11475 270 -0.377718408802
13644 39376 2563 0.103938013563
13653 31313 746 -0.200608742748
13684 19482 818 0.0619855521387
13695 5128 251 -0.16508209883
13839 40477 528 -1.81889147793
13853 86934 3696 0.239260669729
13856 10862 239 -0.666818569998
13915 47843 973 -0.0379480893053
13952 24133 725 0.133491578003
13981 8455 374 0.204018441985
13999 152972 240 -7.48238543768
14014 26021 1139 0.399032425802
14041 36804 922 -0.267048883675
14043 7420 359 0.0945945212049
14049 39542 1954 -0.0748939352278
14056 71362 3544 0.292624675356
14082 17283 1501 0.386498332745
14097 1881 496 0.412303624196
14105 9687 73 -0.109269248346
14115 65564 579 -0.656601794968
14117 22287 421 -0.26960002592
14157 96744 738 -1.18062522176
14165 22428 460 -1.10830501787
14171 42861 976 -0.409551962474
14195 43207 2255 0.142837413042
14224 54365 2835 0.173112245227
14280 38793 940 -0.402966820027
14289 31332 2538 0.476484383674
14313 26998 1765 0.214002710165
14347 91796 757 -1.01582369349
14350 66942 3699 0.336292519363
14352 107915 4713 0.236971489881
14363 62841 410 -2.51377975103
14370 43014 570 -1.32589765107
14498 6436 1112 0.247548943668
14534 28701 693 -0.714818178053
14606 16570 1159 0.368236638449
14631 47904 390 -1.0075590506
14644 28377 650 -0.371365097003
14664 73080 2353 0.0137184603294
14676 39273 3172 0.470715341711
14766 24155 997 -0.325805088395
14781 38133 559 -1.49469851458
14831 17446 326 -0.012941977534
14863 29446 2455 0.546072938855
14869 71968 1378 -0.574988851643
14889 11617 239 -1.1158321409
14974 90872 4726 0.343343581931
