0 21459 157 7196 10796 0.0378 0.0221 0.949431128637 1.07195305628 -2.14273318055 3.72864174295 -592.954518893 0.987122347418
2 675 197 48 78 0.2533 0.1974 0.758164486765 0.908318222201 -1.69839003063 1.89247476055 -361.549429005 0.980692610073
3 5598 11 2626 5279 0.2885 0.173 0.436986194114 0.55756897112 4.20746421779 2.54938645067 -73.5872075143 0.952710065252
4 32519 177 11332 13797 0.0357 0.0252 1.02272055027 1.07620907917 -0.00323469325177 3.23333648298 -753.400495217 0.991992888811
6 920 14 242 637 0.4088 0.216 0.360122855572 0.571495822006 2.85373279086 1.96520198347 -70.8926730832 0.932868341033
7 9011 261 2453 1927 0.0214 0.0261 1.01506479271 1.13761935689 -4.22417782806 3.42883364468 -696.47900566 0.986844271879
8 6159 456 1087 768 0.0361 0.0584 1.11156919774 1.12599849199 -1.06251999791 2.31372663653 -1218.071258 0.992984022689
10 29773 947 2476 6457 0.0496 0.0226 1.11963982029 1.3027885732 -0.356257098831 2.64213244954 -3245.85919092 0.997354211889
11 19838 464 2134 4966 0.0599 0.0307 0.962793363542 1.18006848833 0.165149461955 2.59538485241 -1704.87824544 0.992853299199
12 513 97 86 134 0.1558 0.1137 0.765573561581 0.89600941049 -3.29492247999 2.61499492136 -198.437493592 0.979073466581
14 1088 16 365 624 0.2677 0.1926 0.477268678252 0.600028136531 2.49020845235 2.06761630981 -77.2575879795 0.971306794697
17 952 289 71 109 0.2258 0.1521 0.874964090196 0.994796439883 -2.43355072024 2.09747802604 -507.003961364 0.990127762735
18 29593 921 7561 2390 0.0124 0.0437 1.364202681 1.21960101399 0.135954630455 2.24614504945 -3014.34688402 0.990584431998
21 1818 358 180 137 0.0998 0.1689 0.98415123593 0.969393544976 -0.89711936216 1.77540169183 -755.659899099 0.98452604591
24 1285 24 390 657 0.2772 0.1799 0.560573227032 0.653790364311 2.48200568397 1.93174303955 -113.035415496 0.968785594822
26 1645 201 239 390 0.0789 0.0559 0.830792450359 1.0508930781 -4.37549872262 3.00701909346 -428.289932141 0.977782173199
31 13681 26 4143 10563 0.1913 0.1056 0.564527004417 0.712934346168 3.94459179519 2.54336194314 -167.691825927 0.981946995533
32 84 27 14 17 0.4804 0.4513 0.466473228361 0.557591949868 -0.339046478116 1.33540608531 -51.4523749842 0.971802129085
34 2687 357 271 507 0.0955 0.06 0.926758539897 1.10699387494 -2.21042541849 2.49371454708 -835.280885943 0.983878016683
37 2380 319 460 308 0.0633 0.095 1.14132386536 1.03440968164 -1.19715623272 2.13022995408 -759.593443975 0.995484679743
39 2461 101 193 437 0.3409 0.1997 0.540630728817 0.772032015304 2.15429640257 1.51366200161 -410.963988087 0.981244683072
40 1630 367 197 104 0.1022 0.2089 1.08549873362 0.936982550808 -0.723653675703 1.63768361203 -749.104663622 0.981452927517
44 2231 180 747 720 0.0417 0.045 1.07184576669 1.04645996788 -3.60318040128 3.08846321528 -449.454992358 0.987598742821
45 1058 317 97 74 0.1293 0.2189 0.980936330468 0.944966025925 -1.75108895112 1.80208386138 -538.24324364 0.977968451839
47 30485 494 6237 3581 0.0329 0.0539 1.1841001809 1.11168493842 1.45923707767 2.14500955304 -2011.66457158 0.995544712496
50 4689 43 1854 2031 0.0861 0.0681 0.700410412032 0.816107022078 -0.0463258382977 3.08574559706 -175.258343999 0.977253366697
52 1155 329 200 51 0.0803 0.3203 1.18360617638 0.844979287277 -0.665334021458 1.40838041795 -590.676389767 0.956093426429
56 1053 37 256 393 0.2134 0.1616 0.600487246635 0.71603610501 1.54332965691 1.93931782077 -145.724356912 0.977229468656
57 5668 30 1308 3092 0.2686 0.1506 0.554182437998 0.696254498021 3.78724115844 1.98641453055 -178.241322094 0.968682716366
58 695 93 189 184 0.0801 0.0837 0.820601380482 0.921926323623 -5.46893914409 3.19560998642 -186.732834833 0.97138199007
60 7612 76 2973 2070 0.0513 0.0436 0.807006389572 0.926979213976 -2.48991312547 3.51362409405 -257.61849997 0.94065186759
61 1413 351 183 146 0.1138 0.1359 1.12187258279 1.01991818719 -1.94286303357 2.04306618543 -669.120731576 0.995831425259
63 11708 465 2754 1538 0.0181 0.0338 1.11946408696 1.18924566513 -2.02930858295 2.73985275779 -1261.0089458 0.988534222964
67 3598 24 1230 2275 0.1865 0.1177 0.562446368006 0.695008791882 2.47064098851 2.50783327953 -124.325803332 0.965959374167
69 28025 232 7715 11614 0.0227 0.0146 0.972113245478 1.15730969967 -5.3875849398 4.29581356216 -755.571127327 0.992140333142
70 9487 38 1911 11358 0.1877 0.0573 0.504868472177 0.809375929363 1.21963703553 3.43434522712 -196.372096179 0.964554167372
71 1682 374 211 123 0.074 0.1621 1.03701750671 0.999256997533 -1.62263521035 1.90286412011 -705.69153106 0.976178066819
72 1169 155 211 160 0.0989 0.1484 0.899958251651 0.893872105003 -0.606840385026 1.91510621932 -379.100034617 0.988169314715
73 7075 36 2888 4435 0.1355 0.0949 0.738154670188 0.763227498699 2.81964655022 2.4849742611 -195.938536478 0.983101644729
74 1614 219 243 322 0.079 0.0713 0.921634046444 1.03445309502 -2.8987270833 2.61472330811 -481.608688841 0.990028410846
75 6791 24 3555 4924 0.1329 0.1167 0.690875947618 0.694864141434 3.38410675935 2.47441637274 -141.831254448 0.95101162812
76 7505 122 2662 3083 0.0575 0.0572 1.01766914416 0.956694458996 1.23010989847 2.4822457814 -517.16972846 0.98249136656
77 1179 267 116 123 0.1217 0.1552 0.927943424567 0.964708767663 -1.56311903299 1.95312354548 -527.985125962 0.984642255456
78 3579 22 1682 2045 0.1709 0.1405 0.652247668329 0.668061329386 2.98740400999 2.27703240933 -119.28364603 0.971524960829
79 4166 75 1325 1988 0.0929 0.0609 0.825410201198 0.895298895761 0.332919785387 2.74734397754 -295.247104411 0.982765851576
80 1698 172 384 361 0.0591 0.0658 0.921184058283 1.01104087045 -3.16821071947 2.77445376889 -392.996251413 0.986062571342
82 4080 25 1860 1766 0.1652 0.1745 0.694440173541 0.660461073314 3.53065900158 1.90897020989 -141.1989834 0.984045078238
83 6840 62 2500 7280 0.0803 0.0371 0.775741265172 0.907305651882 -2.19096938314 4.00191939682 -251.885813902 0.989938023492
84 2878 65 1173 1488 0.0774 0.0629 0.865688419847 0.876357487808 -0.314474879433 2.8793416447 -241.368482537 0.989334093037
85 1764 232 301 535 0.065 0.0383 0.90688643167 1.10655912107 -7.57492581647 3.6557018075 -455.887429323 0.987610098025
86 7007 63 2758 4397 0.08 0.0609 0.835373342452 0.871336779944 1.43432360554 2.76384325035 -293.305032347 0.967183872819
87 12296 45 6202 13545 0.0715 0.0451 0.784629777614 0.848573500975 -0.222323695488 3.86833019385 -216.656633348 0.98018970966
88 1552 222 372 150 0.0541 0.1359 1.03270692137 0.958085365515 -1.49210549534 2.03989433353 -471.292580592 0.952162417431
90 5984 80 2617 2439 0.0526 0.0597 0.898062722543 0.904226778528 0.668100540664 2.70003666244 -327.349852152 0.982016102755
91 59 23 10 14 0.493 0.4353 0.471752512996 0.590521071206 -1.46037139745 1.65268543738 -37.9416547745 0.922866849467
92 3676 11 1590 2613 0.3074 0.223 0.425278108228 0.536194630143 4.39705830384 2.04376202757 -72.1543281105 0.915521086858
93 2781 26 1160 3357 0.1672 0.0723 0.639327300141 0.742059594003 -0.829987641812 3.78833397699 -115.189884907 0.936927915425
94 1365 236 206 247 0.0937 0.0833 0.947133653475 1.03187949007 -2.88864665836 2.50594372058 -488.765215377 0.992038143923
95 1084 11 714 440 0.1975 0.2766 0.562635033909 0.514322361634 3.10583392082 1.74407840746 -56.4642994948 0.981917474315
96 1626 347 156 117 0.1106 0.1869 0.968546204796 0.95169397742 -0.847958825538 1.71555792557 -716.338490309 0.985014054223
97 6251 37 3078 2723 0.0871 0.0928 0.737469169292 0.76931279368 2.12147011531 2.53656209608 -182.585255484 0.975674819991
98 9614 79 2551 8117 0.076 0.0325 0.757101863369 0.94984755001 -2.00613510342 3.88084594444 -316.166594216 0.988754647266
99 10437 46 6798 1803 0.0484 0.1238 0.850954497651 0.764930970813 2.74136726325 2.04609608979 -231.339274989 0.968286041909
100 2453 131 513 607 0.0988 0.0839 0.86771846334 0.932666396232 -0.0186565887546 2.25767053689 -418.195347326 0.991070149591
103 1226 314 135 115 0.1267 0.1586 0.997730816665 0.987981093929 -1.89547853275 1.97796738332 -580.462075372 0.988878608993
105 3134 92 481 1502 0.1619 0.0645 0.67755215353 0.915402381551 0.343015359335 2.57475660776 -345.922848482 0.976285059369
106 3262 231 1154 529 0.0282 0.0612 1.11458699141 1.04662659534 -1.99418578235 2.5648823071 -582.334897993 0.98758650374
107 6159 153 1538 1199 0.0527 0.0777 0.940203194246 0.950814701312 0.948958880859 2.17792584404 -571.539965663 0.99095029692
110 2017 20 818 1055 0.2142 0.1655 0.566757471619 0.641473607475 2.72143957995 2.12182230381 -101.417258723 0.972272323939
111 4134 18 1356 1992 0.2805 0.2055 0.485171419381 0.60533985389 4.02304735208 1.85946154892 -109.569788931 0.96668428653
112 4693 133 478 1683 0.1787 0.0721 0.648638375315 0.942851522494 1.19538284063 2.25614774261 -530.491729627 0.982180545354
113 1941 41 560 2021 0.1453 0.0558 0.618604525945 0.824767518837 -2.95826431793 3.90555271826 -150.046386642 0.974157112017
115 1606 151 356 284 0.0604 0.079 0.874031383619 0.976378329797 -2.71166733793 2.62851145831 -345.896652685 0.952445587724
116 1323 336 170 114 0.0929 0.1627 1.06247819814 0.99179596954 -1.84197716562 1.94869387905 -616.972109914 0.989858185736
117 3055 411 425 268 0.0624 0.1152 1.07204675793 1.0324742196 -0.779852022333 1.93637443 -975.181207804 0.989634923441
118 3335 53 1022 1583 0.1261 0.0833 0.720557204572 0.823895515215 1.18744371696 2.51176664823 -224.667301406 0.980851645706
119 9335 579 1242 2108 0.0431 0.0284 1.0875039049 1.23342746064 -2.01059728575 2.77922567993 -1602.96053161 0.997204000272
123 1378 287 132 176 0.1294 0.1176 0.908362771285 1.01166991791 -1.95982581389 2.14774165397 -582.34726168 0.991615680625
124 2789 14 921 3725 0.3379 0.1359 0.373746227278 0.610710664626 2.93613730057 2.83623863831 -81.5217141589 0.901005713147
125 2284 34 1134 1947 0.1019 0.0655 0.746162483289 0.78767886058 -1.8120069862 3.69006296897 -132.027528216 0.980264909634
126 3256 52 570 2498 0.3087 0.0903 0.619502863744 0.81209889174 2.17471222743 2.35418495804 -250.399038434 0.91078391714
127 2580 368 373 188 0.0591 0.1532 1.0720535887 0.973336400977 -0.435166251696 1.76040963864 -869.456131349 0.976784496793
128 1616 321 218 143 0.0847 0.1562 1.05894050647 0.97462852942 -1.09936527926 1.85817132281 -674.071491707 0.988161400479
130 9184 93 1121 3473 0.222 0.0986 0.634600841474 0.863741370781 2.99330936126 2.00792449549 -485.628540058 0.973708859082
131 1327 266 147 127 0.1146 0.1571 0.90204747886 0.95936648146 -1.35892198718 1.91705105639 -542.252538386 0.968822862088
132 9362 274 1300 2109 0.0467 0.0307 0.846442011469 1.12620477535 -2.23706310369 3.02502435985 -808.805721706 0.974661562283
135 1210 353 107 82 0.1662 0.2203 1.00558929663 0.940852486808 -1.29067913645 1.70692078813 -639.19913175 0.978632172428
136 1479 322 131 132 0.1633 0.1674 0.92600514656 0.962535475691 -0.988343838562 1.80504919182 -674.84321685 0.994389092942
137 1401 271 157 207 0.0876 0.0879 0.90277694709 1.05063917837 -3.47554893759 2.53869109833 -510.669154647 0.981052152572
138 1366 354 156 86 0.1283 0.2267 1.07981510487 0.925161426479 -0.910763399507 1.62710920617 -679.796856257 0.983103215854
139 5001 111 1475 1401 0.0558 0.0545 0.865264539733 0.956378036639 -0.569501275884 2.74771097956 -380.520285868 0.970852500247
140 1083 297 44 97 0.2867 0.196 0.71928663456 0.936381956634 -1.14312628577 1.75704386731 -579.315356125 0.984406075805
142 2116 334 344 259 0.0656 0.0911 1.05065140612 1.05824129066 -2.09660786427 2.27043529948 -707.486276376 0.988520800568
143 4895 77 1066 2512 0.1572 0.0777 0.76353649115 0.872140618346 1.84991127396 2.34347495449 -350.697364642 0.981676532879
144 1448 224 192 177 0.0841 0.1228 0.901442768372 0.969319601218 -1.49082386238 2.0935301191 -490.076779071 0.980044033191
146 6467 56 3486 1204 0.0524 0.0923 0.845574448625 0.820829533848 1.26074587071 2.36100860449 -231.750843783 0.948565926639
147 1187 140 289 194 0.0607 0.109 0.936112087784 0.9309735959 -1.7893410212 2.30327950779 -322.07695434 0.974862560062
148 6197 53 1964 5725 0.105 0.0458 0.709154124789 0.871570257646 -0.895228276554 3.64250817512 -224.827484718 0.978207685837
149 1098 307 67 102 0.2263 0.1805 0.839437296947 0.961576765797 -1.52311736727 1.85634573122 -576.147418831 0.995521508483
150 5629 60 2776 2496 0.059 0.0608 0.863251007571 0.867294875278 0.363791596835 2.90482555813 -247.221538471 0.998205939775
151 31 17 5 5 0.6979 0.7156 0.373664269592 0.399538284652 -0.34169491333 0.779163651352 -21.4588514197 0.87731801911
152 1134 304 216 81 0.0765 0.2149 1.19377744994 0.932896407553 -1.3648043349 1.74677707286 -553.715745216 0.981513270899
153 239 46 53 41 0.2424 0.3236 0.702596911903 0.657954079806 0.0883494698874 1.46132577604 -107.943029389 0.96586447113
154 3722 123 650 2077 0.1435 0.0513 0.820635986315 0.971986806694 0.04092748917 2.68804682335 -455.604981812 0.970192527437
155 5094 38 1006 3138 0.2184 0.1058 0.537694727059 0.759685471651 2.84168773949 2.30666582541 -202.137304318 0.976375775683
157 1413 259 171 204 0.1007 0.0979 0.895176861509 1.02587711352 -2.53701198905 2.34544212646 -522.91998817 0.984586714934
160 11431 35 4098 11410 0.1296 0.0591 0.623466737384 0.795893607534 1.13734914604 3.50735805822 -181.634786107 0.981662146172
161 22843 176 7131 13554 0.0291 0.0187 0.983386912495 1.09955619996 -2.92739304639 3.94189841186 -651.20633246 0.990769749194
162 1142 210 211 88 0.0914 0.225 1.01720945904 0.858093246639 -0.421658814377 1.60417601833 -458.85492539 0.958448569383
163 1304 273 123 142 0.1207 0.138 0.897868048785 0.986216762558 -1.75467732701 2.04002290782 -544.327763996 0.977591707459
166 7962 374 1213 2365 0.0464 0.0277 1.01013071864 1.17634155155 -2.21041990203 2.96974024563 -1085.98614806 0.994838403284
167 1332 266 240 134 0.0666 0.1307 1.01352839322 0.999852313788 -2.46168893887 2.18711821082 -493.658770073 0.962375343262
169 1177 27 314 563 0.2798 0.1699 0.534831153954 0.674055649257 2.13739293079 1.96472343596 -119.993614079 0.972832809169
170 732 103 151 206 0.0978 0.0816 0.790521658534 0.934698326818 -4.66290639136 3.04225914183 -214.126604784 0.981787673354
172 806 18 144 307 0.4505 0.2984 0.278975815751 0.558320572506 2.90276207099 1.46596232164 -85.1659707861 0.923904393533
173 860 185 124 102 0.1033 0.1593 0.906166576507 0.928994990594 -1.95815060472 2.05804940167 -355.196931552 0.970191352637
174 435 76 95 83 0.1487 0.1826 0.781043791218 0.807811920892 -1.33485209492 2.03166440584 -166.65044112 0.961416125127
176 8566 26 3278 11897 0.206 0.086 0.664441668645 0.729009121449 3.09780846769 2.95946797263 -157.237499911 0.914671877438
178 4599 23 1092 2339 0.3048 0.1819 0.447221417411 0.646294216604 3.92375480859 1.89072245871 -138.254157204 0.974573774014
180 6670 557 1033 1115 0.0475 0.0464 1.18713737289 1.17578772829 -1.18295459256 2.4132778073 -1519.35730941 0.992008232069
181 4791 21 1397 3560 0.2466 0.1343 0.47392540158 0.666065484263 3.43007159965 2.36364108399 -123.26694376 0.969115746888
182 4294 45 1027 2239 0.1378 0.0846 0.614787619005 0.802020904178 1.62495707986 2.55956908899 -206.59384779 0.97688848552
184 1282 332 147 78 0.127 0.2465 1.07452733968 0.894839892979 -0.69604445998 1.55445710346 -648.811333699 0.986453156281
186 1423 304 102 148 0.1716 0.152 0.884009211161 0.971416270133 -1.06410756172 1.86995947874 -648.451049034 0.988923639177
187 4763 34 808 2933 0.329 0.1277 0.442529349988 0.727944640464 3.30652608704 2.12692677448 -190.140196563 0.943102516262
188 1166 282 212 97 0.0864 0.1909 1.15712555216 0.937011620016 -1.26412927182 1.79499597082 -545.395245032 0.988553228182
189 1348 11 681 596 0.2246 0.2145 0.434898241076 0.540973072792 2.60141205552 2.17688460951 -55.1624161826 0.920256146073
190 724 170 70 81 0.2204 0.2111 0.779810536366 0.864246626052 -0.896462084669 1.73826740036 -351.057229915 0.983125657633
194 1092 243 107 132 0.1347 0.1437 0.89770208298 0.967465986072 -1.72107154832 2.03307386383 -485.781274692 0.981836023984
195 219 48 59 51 0.1803 0.2186 0.734824970668 0.744383135546 -2.00463916237 2.1449111076 -96.2513315052 0.986288585794
196 2982 19 1213 1794 0.1732 0.1406 0.546527600848 0.650160784596 2.69238072577 2.41374806108 -100.337288797 0.961519918773
197 3026 26 924 1548 0.2541 0.1616 0.567295197501 0.67360556859 3.18461486761 1.98999804755 -139.94744354 0.967164936518
198 1875 196 326 397 0.0744 0.0741 0.939995482843 1.00725637474 -1.73175628548 2.44928108254 -490.617301115 0.989828985087
199 3813 535 335 425 0.1032 0.0859 1.04238758646 1.10124805397 -0.93826754779 2.06818546368 -1307.03675816 0.992046163775
200 1321 194 233 234 0.0865 0.0987 0.966006275858 0.978680942479 -1.77210108784 2.28477277226 -443.270899301 0.988291165113
201 1348 288 212 173 0.0927 0.1132 1.06946107652 1.02111280078 -2.30061684241 2.21679264906 -564.760514649 0.99218015771
203 327 13 132 274 0.301 0.1646 0.439159047924 0.590762684432 -0.321112561985 2.8974072516 -48.5531923098 0.93872818049
204 251 22 81 59 0.3059 0.3919 0.612107598208 0.538366789089 1.58583635104 1.21448296911 -72.2176822659 0.955894550003
206 1272 200 186 366 0.1008 0.0586 0.907214309011 1.04557522562 -4.23242295246 2.95810064272 -424.632903488 0.989534377419
207 693 183 58 69 0.2226 0.2323 0.810191385506 0.85893403337 -0.972508373796 1.68649369899 -358.230223808 0.989702640505
208 1422 300 139 141 0.1149 0.1428 0.92088867607 0.988116267131 -1.62468086445 1.99047725887 -598.555352638 0.981304631784
209 3755 25 1104 2753 0.2735 0.1365 0.544494849433 0.685941282177 3.31048449916 2.21760497452 -141.461865637 0.935106169212
210 1086 255 113 130 0.1313 0.1374 0.920776309715 0.984501534299 -2.1971808968 2.12806894057 -483.913219736 0.985270474435
211 6418 83 4789 1855 0.0214 0.0396 0.991592879587 0.947155831131 -3.85670160057 3.75391004781 -262.08751138 0.984465742002
212 24 11 9 7 0.4848 0.5794 0.538856279338 0.460739379517 -1.33272344718 1.42137661412 -15.7574426502 0.969909766872
214 13624 236 4426 6243 0.0219 0.018 1.04982838929 1.14664278572 -4.44049580008 3.8943925117 -736.565949754 0.994056785244
216 14992 331 3535 5324 0.0383 0.0238 1.11311404447 1.16707048893 -1.22708547836 3.03785079442 -1132.98569286 0.991485584137
217 1441 371 116 119 0.1204 0.1602 0.959047768322 1.00729412515 -1.84716841853 1.94349881531 -678.270523468 0.983802799151
218 2875 275 561 774 0.0567 0.042 1.02450822136 1.10924947761 -3.35136558709 2.93775879598 -663.164969147 0.994831506385
219 2350 11 670 1525 0.4203 0.2623 0.306215013557 0.519512706027 4.28575449466 1.79491791966 -69.3338816705 0.919409163367
220 1370 318 198 113 0.1029 0.1819 1.11991238695 0.951928521832 -1.06577586067 1.77559459215 -640.892083425 0.992261063829
221 2076 325 287 353 0.0725 0.0668 0.996882085506 1.09294670365 -2.96241903176 2.56149349615 -685.515305884 0.990615348193
223 1492 11 775 881 0.2707 0.2299 0.492344731454 0.533981922048 3.32024444632 2.01989650556 -60.8137157777 0.966600018117
224 530 92 120 93 0.1159 0.1644 0.831222483321 0.842491586811 -1.70876293728 2.12654250078 -195.319267265 0.97485880611
227 11343 177 4809 5765 0.0267 0.0235 1.07194947323 1.08573909429 -2.72360925832 3.60560906772 -604.473357109 0.994919961228
229 27798 135 22031 4854 0.0117 0.0316 1.09320601981 1.02531181976 -1.20513038557 3.28186592467 -499.836449074 0.986898759116
234 6946 12 2317 5048 0.3775 0.2144 0.327645916495 0.55126038908 4.99909540227 2.03255208384 -85.6898950572 0.93509070728
235 1133 194 224 168 0.0669 0.1078 0.959733619371 0.981514821861 -2.6326483476 2.36906126151 -389.168186844 0.974110471598
239 58 14 35 21 0.1854 0.2626 0.620297606984 0.600786978632 -25.4297884646 6.02890936812 -22.2478832621 0.932282158272
242 1528 348 119 149 0.1703 0.1501 0.933732200561 0.991015186983 -1.2333882771 1.88794323026 -718.503472495 0.991845565658
245 14216 193 6993 8607 0.0196 0.0198 1.12356124747 1.10939022096 -3.05581620355 3.78278285944 -673.048347783 0.989739844262
248 43639 344 10582 7510 0.0293 0.0421 1.08045527632 1.10320953792 1.79889797556 2.35259072407 -1556.12837891 0.983347879166
250 7260 533 826 1195 0.0466 0.0403 1.03612252641 1.18941892373 -1.70553122913 2.55945185685 -1410.99379487 0.989543904087
251 5374 88 789 1881 0.142 0.0814 0.665174820988 0.88295398041 1.66520827345 2.25751280011 -381.393438308 0.981694604373
252 21945 800 3600 3561 0.031 0.031 1.26898399339 1.24914613863 -0.296016556289 2.48849807603 -2631.31399002 0.99796064392
253 913 117 205 211 0.0726 0.0865 0.854889007 0.942418146316 -3.53418512479 2.77574132949 -251.432248625 0.983517563873
254 521 138 82 73 0.1649 0.1862 0.882052693529 0.883662953305 -2.13075547146 2.04714917679 -252.137089779 0.973436087897
255 4629 181 1812 1504 0.0314 0.0384 1.08848622766 1.05309891043 -2.17789444764 3.02168164359 -538.958219264 0.99676159415
256 1404 380 245 78 0.0672 0.2297 1.19982080413 0.947625955115 -1.34121617521 1.68887073604 -670.089191741 0.966661884704
258 6818 73 1812 4326 0.1016 0.0559 0.757102382096 0.897295058862 1.16454471633 2.79097133488 -328.683358771 0.978492375624
259 1080 234 233 94 0.0761 0.1954 1.12846938929 0.911721041296 -1.09059072391 1.77525164782 -468.914640351 0.976429814264
261 6061 380 1703 1178 0.0251 0.0316 1.17092206087 1.17687286883 -3.70788018602 3.05665913241 -919.005341221 0.986715369985
262 5639 21 1715 3877 0.2336 0.1457 0.522755886655 0.658424448727 3.81322878513 2.22732695482 -128.557722524 0.964226857379
263 6148 151 1350 1694 0.0911 0.0709 0.934707833874 0.958617674088 1.17354792106 2.23329477487 -596.607719713 0.984923533941
264 5309 24 2238 3140 0.1293 0.094 0.593467775092 0.713013723105 1.5919308422 2.99705045618 -119.562529485 0.974581142934
265 29 20 4 4 0.7645 0.7645 0.460900802788 0.460900802788 -0.865298374311 0.723917814025 -17.9982959031 1.0
267 9361 37 3000 3990 0.1309 0.1154 0.656742043092 0.747511011712 3.38896298203 2.19606352323 -211.468015454 0.968788777337
268 1311 205 275 231 0.07 0.0832 0.993546424993 1.01703008151 -3.26084852421 2.59780996022 -417.830642514 0.973018030996
269 5253 294 1510 2094 0.0326 0.0252 1.14128128172 1.15628017558 -3.92875630505 3.35965750725 -792.663007272 0.99124923857
270 81959 471 8185 13904 0.0489 0.0366 0.935864597901 1.15197625769 2.24264998539 2.35110750158 -2291.58004643 0.996388217574
271 1467 19 724 600 0.1908 0.2226 0.654154080763 0.602994880994 2.94421364214 1.76338061433 -94.9078807252 0.966405342303
272 11562 94 3316 6011 0.0738 0.0447 0.837209739404 0.947839959212 0.859719871128 2.91669727008 -416.531600781 0.988780128408
273 2990 27 976 2417 0.2311 0.1175 0.618055703765 0.709675439953 2.66087637393 2.4039355992 -141.684907095 0.952824788856
274 2553 48 448 1233 0.1948 0.1009 0.565719318071 0.793767269048 1.56597599392 2.31656062072 -207.226283251 0.982146132169
275 1119 222 180 178 0.1129 0.1113 1.01662086889 0.988558070367 -2.13522796302 2.24575997437 -459.699417879 0.996034155678
276 2303 19 1135 1273 0.1589 0.1343 0.585421730266 0.654721046247 2.00678482745 2.5427801449 -92.2448904137 0.968283634597
277 14986 178 4557 10883 0.0296 0.0186 0.987424370909 1.10228444868 -3.65812807181 4.02398193556 -628.367175853 0.992623184195
278 1156 336 91 78 0.2249 0.2382 0.986098118805 0.913283798484 -0.923590844714 1.60926695355 -634.780224031 0.98636256135
279 10536 33 2488 4907 0.1662 0.0842 0.486770997524 0.762736385672 2.2872347253 2.77295487301 -173.756446062 0.92764371598
280 10923 52 6071 3149 0.057 0.0865 0.860481583879 0.815865888477 2.31905671925 2.39450861603 -258.085250362 0.985434031207
281 1769 181 351 444 0.0565 0.0515 0.89597415561 1.04313543222 -4.76474875571 3.15824396715 -394.901363633 0.979354654965
282 7670 23 3752 10947 0.1484 0.0757 0.651499258236 0.720182129078 1.40458141222 3.64374180321 -126.209180178 0.96825777536
283 5230 22 2146 7605 0.1696 0.0823 0.576952827263 0.708873647571 1.48192410491 3.48174422703 -118.475083853 0.956566404488
284 7739 162 1771 5855 0.0594 0.024 0.901373610682 1.07204674126 -2.83794183035 3.66883924465 -557.622643663 0.989443618919
285 62 29 10 13 0.4838 0.4389 0.51635836547 0.631525344631 -2.63294622827 1.86568546676 -39.9588029491 0.96928046845
287 3435 27 701 2247 0.2565 0.1111 0.412449083373 0.714743193123 2.32416042125 2.50840749287 -136.804900751 0.938066281398
288 9123 55 5852 4988 0.0423 0.0467 0.892714124462 0.875592512233 -0.800798437144 3.54572874266 -230.016730141 0.992513796398
289 23757 333 4392 5512 0.0537 0.0398 1.05441354799 1.10874437582 1.17684167404 2.4375337435 -1384.34574097 0.990885349536
290 1344 305 153 154 0.1128 0.1296 1.00600230101 1.00879328572 -1.92538209321 2.08397436729 -599.399205368 0.98663555694
293 1342 298 120 135 0.1327 0.147 0.892649051541 0.985213372322 -1.6366034907 1.98039288015 -589.032077972 0.980824549264
294 14270 145 6006 5612 0.0306 0.0295 1.00467620926 1.0399477849 -1.23487741172 3.31421145192 -540.096516673 0.98909107762
295 3036 89 1024 705 0.0827 0.1229 0.935362236694 0.836384488201 1.58861922511 1.91539179174 -351.609635677 0.982901853321
296 3659 72 511 5229 0.1674 0.0368 0.584771779625 0.929410119316 -2.16486632376 3.80041653902 -278.042436014 0.958562548216
297 1373 165 198 326 0.0871 0.0647 0.793300650248 1.01049165587 -3.94629961076 2.9160319539 -358.016312731 0.967066360196
298 3154 104 365 1357 0.208 0.0772 0.645040820387 0.909531906215 1.03260417336 2.29438254326 -407.038875866 0.973098716094
300 4804 150 1567 858 0.053 0.0996 1.04134953257 0.916915216634 1.22612598343 1.9831005299 -560.558558337 0.983910870478
302 1028 195 139 255 0.1413 0.0774 0.908982146574 1.01683131155 -3.40213235343 2.67314078791 -404.913993096 0.985283482547
303 5515 28 1013 5869 0.3184 0.094 0.397292804758 0.732461244755 2.82446714874 2.7170918136 -157.775921039 0.919178117834
304 328 12 191 146 0.2242 0.2668 0.570321511054 0.533090207858 1.63582393796 1.84875340593 -47.1185846963 0.960738042202
305 5377 24 4090 1226 0.0704 0.1513 0.736435344867 0.671887357745 2.67880099342 2.13573964016 -121.119957514 0.948347296037
306 850 305 156 46 0.0827 0.2961 1.20136540174 0.89760810038 -1.8535725694 1.67795377767 -455.493539727 0.954499125811
307 4158 19 1463 2244 0.2362 0.1694 0.502132498724 0.632237722308 3.63437950347 2.08835336114 -111.443955761 0.965126375705
308 86 24 15 26 0.4669 0.3366 0.428663734699 0.61647150602 -0.944212744147 1.75366457673 -49.2016513183 0.903523124338
309 5320 32 1992 5355 0.1353 0.0604 0.610885975814 0.782555658929 -0.74694791878 3.83800943326 -144.661815796 0.973818973692
310 5073 31 2462 2996 0.1127 0.0896 0.711854207533 0.750338109 1.81551990109 2.76754678766 -152.556375911 0.988279370316
311 3554 116 648 2085 0.1213 0.0441 0.772785159338 0.980163684706 -0.996213786312 2.9861802783 -403.701005107 0.98547076657
312 2996 45 712 3089 0.1797 0.0597 0.612600429643 0.831313458522 -0.178407450981 3.27169324092 -189.45174085 0.958273080408
313 1378 306 163 151 0.1069 0.131 0.994154053951 1.00697565912 -1.92397269304 2.07593178822 -598.704396767 0.991642147393
314 1490 305 360 132 0.0493 0.1517 1.20529032554 0.9829646328 -1.53205302549 1.94254526693 -603.914836162 0.991626880462
315 7432 34 2137 1976 0.2265 0.2323 0.638383075192 0.654872675422 4.2547732485 1.52794820328 -207.502361017 0.980633130256
316 4487 253 922 616 0.0598 0.0847 1.02384440627 1.00214062304 0.0653717445577 2.09034100107 -773.279163521 0.981763608057
317 3606 33 1677 1394 0.1139 0.1222 0.724443229524 0.730542654204 2.24990607401 2.24639948415 -157.78317524 0.987175135684
318 6698 51 1882 2098 0.1439 0.1464 0.730480298165 0.75523345064 3.34222806163 1.83583721369 -276.423471827 0.98423021236
319 5581 35 2624 1712 0.089 0.1113 0.694332251477 0.746310811868 2.20460859721 2.33010150733 -168.566818053 0.955321015796
320 4317 26 1348 3562 0.2457 0.1171 0.581784654422 0.70483490589 3.09015876476 2.41568919709 -146.001861131 0.953240584632
321 13094 81 5020 18838 0.0695 0.0303 0.90251132943 0.956742784731 -0.672515210744 3.82933116857 -368.64343746 0.970863701698
322 8489 31 3140 4565 0.1176 0.0784 0.618349418226 0.760267410204 1.60058555478 3.02566693232 -155.409317824 0.975768988737
323 5328 68 1836 2402 0.0817 0.0622 0.792930406931 0.880545614373 0.662914276203 2.7522444196 -281.640830579 0.98169473199
324 1159 302 145 79 0.1364 0.2398 1.0877150646 0.895631604208 -0.740174117876 1.58368821859 -592.759478611 0.971825533459
325 4695 88 1174 3518 0.0964 0.0428 0.78686993873 0.945310404667 -0.635109019036 3.17408425098 -340.476893583 0.980251622593
326 9407 29 4339 11434 0.105 0.0586 0.641475412396 0.769159002256 -0.395517741506 4.10866334331 -144.431033355 0.969608140791
327 45512 482 12821 3098 0.0169 0.0784 1.20691813788 1.05024911951 2.17435887216 1.90017789483 -2130.17161925 0.987552980613
328 1202 273 110 135 0.1585 0.147 0.909172209601 0.973915172438 -1.53419394018 1.9722053073 -550.463655291 0.988981003236
330 15732 517 3322 3284 0.028 0.0247 1.16469270156 1.22681464156 -1.70114061237 2.87650622361 -1560.49382914 0.990897057514
331 9991 50 3884 11903 0.0998 0.0531 0.78455558212 0.851769738493 1.66109972982 3.17167939845 -260.053544885 0.962910556061
332 1132 220 118 189 0.1655 0.1108 0.85177577667 0.984368399503 -1.88808947444 2.21170269299 -471.181265563 0.993448762392
333 5053 97 1218 11796 0.1028 0.0228 0.805789715303 1.00173180047 -5.78111531906 4.77286823745 -355.670772222 0.95553175864
334 1403 193 236 395 0.0754 0.0525 0.89003307451 1.05281963322 -5.21470950677 3.1865604663 -400.565647278 0.989223546701
335 7402 92 2000 6493 0.085 0.0332 0.795679353597 0.969732700721 -1.45337717845 3.59346890512 -361.961183708 0.988968643669
337 5369 310 643 620 0.0864 0.0996 0.936998825634 0.993203187765 0.589900047483 1.91403602429 -994.233232272 0.98823679529
338 1740 214 440 323 0.0562 0.0767 1.07148475559 1.02024319372 -2.30138974809 2.49059490296 -491.591997511 0.990029330742
339 2020 76 305 924 0.1718 0.081 0.670213412566 0.871393206678 0.425021515354 2.43056425225 -277.88324947 0.976753604343
341 3258 26 938 2077 0.2222 0.1274 0.543473514132 0.697491875614 2.7646389368 2.30801882273 -136.669166949 0.958366847891
342 3029 468 186 274 0.1661 0.1276 0.930380089545 1.0206617824 -0.349786913327 1.81759678132 -1161.31723685 0.993962218655
343 6610 140 1254 2146 0.0888 0.061 0.839918675619 0.967170175933 0.975142588555 2.39420911753 -556.586149662 0.994706228822
344 44224 472 14751 2209 0.0111 0.0538 1.16893674998 1.11438049026 0.73776732963 2.19730509497 -1704.15902381 0.969118600616
345 4029 33 1316 2341 0.1796 0.1138 0.641083757844 0.736435019529 2.65664682866 2.30893481659 -170.500172084 0.979579111031
346 6549 66 2190 5398 0.098 0.0475 0.808551364846 0.898085389308 0.282208870575 3.18402092816 -288.260524324 0.976597222484
347 5371 515 648 589 0.0504 0.0676 1.06127441019 1.12683040076 -1.11927642692 2.21843206075 -1302.20551002 0.986767400171
348 5673 71 2507 9954 0.0611 0.0273 0.887625979222 0.94522237789 -6.92160944229 5.11104821419 -262.187896084 0.974709764493
349 33332 546 4027 3957 0.0389 0.0401 0.983403052577 1.16513614428 0.749381821148 2.34453626393 -2059.70459801 0.985571449726
350 1883 200 366 328 0.0588 0.0725 0.897785568423 1.01955155123 -2.6728882285 2.59476643687 -452.972215154 0.976596689348
351 89 25 39 31 0.1797 0.2154 0.705646066416 0.696071159972 -9.87892716171 3.77782136111 -39.564869279 0.995942527406
352 41226 586 8975 3345 0.021 0.0589 1.19802479445 1.11411533557 1.57056375207 2.06433278971 -2390.19950178 0.987598257714
353 1318 343 129 111 0.1504 0.1762 1.01270867915 0.972680665186 -1.40310211228 1.83423244177 -655.174221255 0.996922214942
354 64 22 19 15 0.3435 0.4175 0.613453063312 0.583398174135 -1.43662814334 1.68483895605 -37.5620347102 0.988991029301
355 1930 392 410 132 0.0485 0.1692 1.24634442944 0.985255125196 -1.08831209961 1.79163896599 -793.927483802 0.976974407448
356 36929 319 6797 10177 0.0396 0.022 0.940577758674 1.16536434931 -0.355139053047 3.04364365315 -1233.07936969 0.98690134264
358 1045 260 116 106 0.1598 0.1751 0.972005545858 0.942314975029 -1.38812465876 1.86980328037 -510.101355507 0.99057701071
359 1541 294 163 144 0.1172 0.1554 0.934256403878 0.962424376255 -1.01936614875 1.85765983024 -630.476093485 0.979677065767
360 47 16 17 22 0.3249 0.2413 0.535090966983 0.631477197663 -21.3287619687 5.45475220463 -24.1224531695 0.944492298347
361 1435 374 249 88 0.075 0.2222 1.23780880365 0.937796994487 -1.00737317715 1.65111099746 -708.436612342 0.98816503812
362 1181 298 115 101 0.1703 0.1903 0.963002742913 0.941918291362 -1.18771536801 1.77899663115 -582.702831762 0.991659465544
363 35 21 4 5 0.7202 0.7243 0.343976464393 0.47189767675 -0.659551658231 0.840488138981 -23.7167609225 0.837030168997
364 26244 111 18651 7787 0.0164 0.0196 1.01679899411 1.03169432578 -11.7698300163 5.6435143966 -343.924515583 0.984607621293
366 1542 309 120 147 0.1584 0.1577 0.863821596525 0.963091824301 -0.907105783754 1.82799232381 -670.068622957 0.9869390424
367 6393 51 2392 5141 0.1065 0.0588 0.778732271877 0.847678477862 1.06905706847 3.02818717715 -238.523883174 0.986194760785
370 1500 171 278 423 0.083 0.0599 0.902034832387 1.01791944708 -3.30758030355 2.86041595464 -399.497400574 0.99258499241
371 1186 319 114 103 0.1632 0.183 1.00180478557 0.96206732541 -1.41208802235 1.82580848321 -604.490381679 0.989475024672
372 1097 295 138 102 0.1381 0.1764 1.07563016987 0.962474526846 -1.63236345405 1.89089075815 -550.26445864 0.997167026104
373 1099 97 301 341 0.106 0.0924 0.917371265089 0.896391139457 -1.01405574741 2.40172736364 -271.719922434 0.988678655555
374 1174 276 116 101 0.1878 0.2037 0.979001465361 0.910586589016 -0.71166292813 1.67421830291 -577.290601665 0.982997943509
376 3779 34 1413 2526 0.1339 0.0878 0.66732618316 0.76404060379 1.60739109798 2.72992761001 -161.203311593 0.982874938287
377 3011 464 482 266 0.0584 0.1117 1.19061666714 1.05534192072 -1.02173152254 1.96770839282 -1056.68081696 0.987464692557
378 1348 184 330 183 0.0534 0.1134 0.992249084326 0.960247220887 -1.80659367322 2.22260526929 -403.443146472 0.973531628217
379 1307 185 294 151 0.063 0.1261 0.955480926002 0.950787726496 -1.81570983264 2.15841680354 -390.725832598 0.951115494667
381 24 11 9 8 0.4675 0.5 0.51089567259 0.529733591926 -3.24714509002 2.06782592205 -15.238814898 0.98231816432
382 1924 347 263 187 0.0918 0.1313 1.07135700872 1.00634455846 -1.16087542109 1.94343201623 -754.077444213 0.990066183712
383 1448 338 102 168 0.158 0.121 0.859564565838 1.03046646452 -2.08167922672 2.125083611 -657.590142702 0.990259838692
384 1355 300 94 100 0.2061 0.2208 0.864254053635 0.896092017075 -0.398574117084 1.57861057915 -649.566472718 0.989871030092
385 6176 417 711 941 0.0695 0.0612 1.00431891412 1.10032176703 -0.369054157186 2.23304223027 -1233.03208575 0.997075751586
386 1234 183 243 147 0.0662 0.1336 0.95471497951 0.939567023529 -1.55658526082 2.09048274846 -394.011491669 0.956585607674
387 1153 352 117 67 0.1623 0.2614 1.09014625193 0.901858787619 -0.993190626048 1.56962057245 -633.930830304 0.983029230272
388 1222 318 149 127 0.1323 0.1482 1.07819847984 0.997460523851 -1.90686807359 2.00884759556 -598.047126091 0.991679896975
391 939 233 99 73 0.1721 0.243 0.921255749861 0.86434532757 -0.690784569326 1.59241066174 -467.052650565 0.985959280413
392 17002 452 4258 1456 0.0298 0.089 1.25964612613 1.02975809244 1.49670326913 1.87246005686 -1734.7956769 0.995146093324
393 1596 242 304 235 0.0705 0.0945 1.01766989175 1.01462866466 -2.10544561768 2.3116963703 -523.991049364 0.989695882761
394 1272 299 117 101 0.1749 0.205 0.950073786148 0.918953042973 -0.741358058309 1.66706533067 -617.680653342 0.99074539493
396 45302 732 17883 8009 0.0077 0.0206 1.38377766125 1.27903511566 -0.410401274623 2.77377354293 -2594.6015702 0.989508220181
399 15869 21 6196 9300 0.2583 0.1996 0.662465255434 0.625476676623 5.54176581692 1.81436910027 -158.759710676 0.904371720673
400 52 19 16 15 0.3826 0.387 0.592288036963 0.581020328285 -2.49281369049 2.03298118845 -31.2598289159 0.984367172008
