0 3839 10 1479 1865.0 0.3513 0.3383 0.367712449396 0.477268936459 0.753800304686
2 513 158 35 38.0 0.2773 0.4031 0.73022429528 0.70020974265 0.794839029108
3 2986675 362 754104 879165.0 0.0281 0.0241 1.12044456759 1.16486008739 0.51783031467
4 2857800 353 793915 823411.0 0.0286 0.0255 1.1651113283 1.15605306896 0.563917815249
5 3109993 506 845860 980417.0 0.0151 0.0155 1.20115835191 1.24747593413 0.745111279461
6 2003269 355 297868 505621.0 0.0475 0.0315 0.921032440148 1.13567322242 0.496674294465
7 2643 288 1281 663.0 0.0145 0.0442 1.24230343204 1.08952063526 0.884539243463
8 2316547 530 380415 606025.0 0.0289 0.0202 1.07041256344 1.22863796327 0.503053851468
9 20141 130 6760 8465.0 0.0437 0.0365 0.899464248803 1.00174575498 0.951346036359
10 1999626 475 408505 648262.0 0.0224 0.0158 1.0690970747 1.23803706877 0.736413880995
11 1101270 259 202694 341582.0 0.0409 0.0306 0.948504451842 1.10128872062 0.573856819974
12 2720624 564 394001 698228.0 0.031 0.0196 1.02009249009 1.23910561162 0.548083534332
13 6442 319 2862 1753.0 0.0153 0.0327 1.25364063793 1.12505170662 0.946314401336
14 5701 147 2255 1905.0 0.0374 0.0482 1.04137000872 0.992772679868 0.979631835254
15 2876693 563 674837 789876.0 0.0218 0.0176 1.20292290743 1.24943625466 0.627241888071
16 1644619 376 213248 357254.0 0.0581 0.0377 0.913394815232 1.12242121749 0.454729180728
17 4702 174 1770 1846.0 0.0273 0.032 1.0046451572 1.05289179308 0.941242035319
19 929 161 233 155.0 0.0749 0.1442 1.01518546966 0.885873081723 0.932199357346
20 86371 1055 13575 13506.0 0.0247 0.0241 1.30004289079 1.29276206424 0.993678272482
21 616 13 233 256.0 0.3532 0.3353 0.455074028098 0.510068192863 0.87036772343
22 7125 176 1654 2529.0 0.0423 0.0367 0.888292189069 1.04025131021 0.905681929639
23 1655048 510 376600 520818.0 0.0206 0.0155 1.12560434946 1.24890516319 0.779221434208
24 1269 302 197 94.0 0.0992 0.2438 1.12766465426 0.84738188045 0.903563311996
25 2939735 469 586830 695122.0 0.0344 0.0267 1.13696594567 1.18537756473 0.495243125533
26 4415 388 800 701.0 0.0406 0.0648 1.08529064177 1.07127714654 0.967517299127
27 2062264 466 384109 581203.0 0.0274 0.0202 1.07202528258 1.21252637756 0.548982114402
28 909 267 200 76.0 0.0672 0.2464 1.17898838492 0.850359509495 0.830992592649
29 27283 846 2476 3229.0 0.048 0.046 1.10903622931 1.18858782525 0.980737881501
30 18000 401 2134 3154.0 0.0587 0.0506 0.944582342681 1.09733857765 0.987995145692
31 28334 288 12205 7531.0 0.018 0.0358 1.23250284585 1.09905596771 0.855446124752
32 3699 102 1264 1556.0 0.0452 0.0475 0.874639410803 0.951385345525 0.91960880037
33 3523886 740 516927 690029.0 0.0347 0.0234 1.15120508588 1.25356405812 0.438122434065
34 378 81 71 69.0 0.1675 0.2371 0.737316193743 0.75348863076 0.826774271209
35 4915 133 1353 1499.0 0.0503 0.0613 0.93004407061 0.956630697549 0.989863242939
36 1784119 318 245014 433843.0 0.0552 0.0371 0.906236468449 1.1054779279 0.407154772139
37 215474 872 39676 46605.0 0.0198 0.0171 1.24030527046 1.30682778882 0.987452302649
38 4137 139 1349 1463.0 0.0397 0.0469 0.946547809658 0.989871147318 0.960488896979
39 2407831 374 673411 660172.0 0.0264 0.0262 1.18220368812 1.16057192638 0.590330891054
40 296215 400 176780 136847.0 0.0069 0.0102 1.31002997573 1.25038833343 0.950561883213
41 1533454 303 259530 426498.0 0.046 0.0313 0.93557309642 1.11746543164 0.404325718697
42 3522280 422 734806 1011009.0 0.0269 0.0216 1.10233695442 1.19396035881 0.549795143327
43 4606 23 1705 1895.0 0.2007 0.1993 0.585499886216 0.63603025519 0.911740573668
44 852 15 365 385.0 0.2686 0.2619 0.532701179592 0.557809163579 0.941984378075
45 10145 115 1189 2725.0 0.1058 0.0841 0.647742885109 0.903907398863 0.795470037519
46 1324137 334 240180 373631.0 0.0388 0.0279 0.976321189885 1.14078968809 0.589272691058
47 3087547 398 1181981 1126516.0 0.0148 0.0154 1.24456742611 1.21737752603 0.728933650967
48 1676186 568 265227 447867.0 0.0247 0.0182 1.08880238151 1.24706885301 0.669317708768
49 165909 985 42379 49009.0 0.01 0.0091 1.31308921768 1.38209166128 0.984597831843
51 120194 182 20706 31337.0 0.0711 0.0566 0.8573697635 0.996976386607 0.787343340973
52 6582515 1184 1521991 1942436.0 0.0096 0.0076 1.34080663182 1.42200369384 0.628841915805
53 5855 334 2525 1427.0 0.0156 0.0376 1.26665889667 1.11653139392 0.949047349561
54 173664 849 27568 36110.0 0.022 0.0187 1.17694253722 1.29432364997 0.989928775631
55 2630794 538 651335 835527.0 0.0191 0.0144 1.16666299152 1.26178928147 0.697720538972
56 1652395 542 321726 385756.0 0.0309 0.0238 1.16081431985 1.21488785771 0.590062761467
57 3108748 363 340541 729516.0 0.0548 0.0346 0.857076330272 1.12816886063 0.226892501685
58 1528431 314 326499 413538.0 0.0424 0.0317 1.03959828358 1.12064077056 0.456008949244
59 206 19 81 66.0 0.2774 0.3528 0.638742811759 0.545361134568 0.907180977801
60 26304 828 7561 5588.0 0.0112 0.0191 1.35403883252 1.29242839058 0.882727191538
61 6370 129 1538 1876.0 0.0761 0.0661 0.84954564747 0.944381152794 0.956384317825
62 3002 123 1077 1260.0 0.0316 0.0404 0.928914181208 0.990020977275 0.903221760761
63 3805 16 1356 1689.0 0.2742 0.2497 0.467509367813 0.56973872193 0.896408073743
64 2555 16 641 954.0 0.3348 0.3184 0.378881080155 0.538041342807 0.655897511619
65 1388238 370 261394 450425.0 0.026 0.0201 1.01003363286 1.1845556437 0.76356182455
66 1407767 707 163939 297444.0 0.0359 0.0216 1.02685680966 1.2565439478 0.459460441436
67 27728 171 6016 10444.0 0.0463 0.0335 0.826477129428 1.04307673146 0.747004528769
68 6986 320 2248 1386.0 0.0276 0.053 1.22874172374 1.07076232123 0.971742083388
69 3352 318 1555 873.0 0.0142 0.0375 1.25620475373 1.11709034551 0.898671047563
70 4452773 443 1099269 1295444.0 0.0252 0.0202 1.16052804114 1.20655760847 0.497307310603
71 2916907 479 679042 830400.0 0.0247 0.0194 1.15011613948 1.22006135462 0.655047370539
72 3072622 426 416854 620558.0 0.052 0.0376 1.01771495781 1.13689027208 0.325835940065
73 2602121 407 457349 620895.0 0.0412 0.0302 1.04253851474 1.15595387167 0.5055847343
74 4237806 1092 495723 871953.0 0.0204 0.0149 1.18414810377 1.34840371035 0.638188806909
75 108148 532 28966 31089.0 0.0179 0.0173 1.20787755885 1.24428393842 0.986672133151
76 2622732 575 427111 692550.0 0.0259 0.0184 1.09862849807 1.24786325707 0.588148465738
77 1529 91 344 414.0 0.1127 0.1086 0.755906440793 0.85566365735 0.923516286213
78 3367301 437 829592 1022687.0 0.0242 0.0191 1.14068354675 1.21025909916 0.564878856124
79 14946 284 2961 4111.0 0.0354 0.0347 1.0024875046 1.10171598904 0.990118204763
80 900 21 195 277.0 0.348 0.326 0.429335540447 0.561636274379 0.882586562806
81 2376427 575 540171 645275.0 0.0197 0.0176 1.20305836149 1.25227002002 0.596733804991
82 5159 355 2216 1244.0 0.0148 0.0367 1.27824181508 1.12812130435 0.94246513402
83 2313196 594 422103 636766.0 0.0217 0.0166 1.12551716963 1.26147724177 0.641448181983
84 3501560 380 827271 907154.0 0.0341 0.0283 1.14148878211 1.15477164917 0.440510468268
85 5660 389 2650 1456.0 0.0114 0.0304 1.2996550329 1.15889793002 0.896306162935
86 28256 246 9916 11346.0 0.0235 0.0212 1.06288400608 1.12895513833 0.976373107071
87 3067465 760 508424 696900.0 0.024 0.0179 1.18516602161 1.28462561434 0.601936586787
88 1088 254 86 73.0 0.209 0.3041 0.858416445721 0.783777757282 0.879885393084
89 1149 170 158 210.0 0.0897 0.1187 0.809707904467 0.916154850145 0.868713519849
90 23279 342 5714 5858.0 0.0341 0.0333 1.11691582834 1.12708694608 0.987954281832
91 121930 582 36286 34410.0 0.0147 0.0164 1.27043688323 1.26090922921 0.985800726705
92 2180946 430 521537 779752.0 0.0204 0.0147 1.08005790166 1.23098028956 0.705859440196
93 6877 401 3110 1755.0 0.0119 0.0295 1.30732029214 1.16393376617 0.942419454205
94 2731263 493 769375 1114287.0 0.0136 0.0103 1.13861329446 1.27841811486 0.886417572424
95 5403 156 2842 2148.0 0.0223 0.0345 1.10581201159 1.03180173717 0.945213651442
96 3154 121 962 1013.0 0.0596 0.0628 0.903787812351 0.945136432627 0.956434563515
97 3472994 822 381300 733702.0 0.0306 0.0187 1.06061494135 1.28984462176 0.528216456714
98 2680 277 1256 684.0 0.016 0.0443 1.22952436524 1.08403225787 0.911493451886
99 2519980 473 348206 634920.0 0.0382 0.0239 0.978422440841 1.19777137748 0.359201260115
100 22368 238 11342 10856.0 0.0142 0.0159 1.14505138369 1.14761537746 0.90337905488
101 3613878 456 904983 1112233.0 0.0215 0.0179 1.15786528188 1.22145026877 0.597305185721
102 164 38 53 37.0 0.2012 0.3419 0.769460562945 0.628516126671 0.872294885069
103 1817841 348 385828 658377.0 0.0259 0.0178 0.996315118862 1.18771272742 0.646365205537
104 1925705 297 658142 618538.0 0.0245 0.0253 1.17340553639 1.13599196627 0.704983300096
106 9028 22 3990 4176.0 0.1828 0.1737 0.627774709942 0.645987075308 0.969260150214
107 2318218 434 304550 500657.0 0.0516 0.0332 0.961104188179 1.15285018839 0.372592975183
108 8593 611 3774 2048.0 0.0082 0.0224 1.39218810163 1.24463732342 0.924474865601
109 48 22 7 7.0 0.6386 0.7644 0.428282889897 0.345458970179 0.556302006798
110 5246 245 1809 1317.0 0.0295 0.0476 1.14574406096 1.05448134403 0.941275214528
111 84389 498 23581 25553.0 0.0177 0.017 1.19521392436 1.2379672878 0.975522334183
112 2515958 469 567500 689549.0 0.0261 0.0211 1.1510841783 1.20950620356 0.556091287494
113 35587 135 23200 23238.0 0.0162 0.0165 1.05739510843 1.06549548519 0.872678331991
114 2051600 458 324448 418049.0 0.0481 0.0346 1.06471976169 1.15443458937 0.404232938027
115 243717 708 62147 67414.0 0.0152 0.014 1.2679461422 1.30040302331 0.990391126127
116 52235 237 17081 17243.0 0.0317 0.0302 1.10066352143 1.09208737297 0.96399017445
117 982 35 267 263.0 0.2438 0.2541 0.654592480047 0.647299033385 0.918114390102
118 2299623 411 290811 478823.0 0.0571 0.0371 0.942796600539 1.13444921559 0.32851523855
119 1736 272 230 192.0 0.1035 0.155 0.967617372982 0.91600143169 0.943438968091
120 2137 53 684 544.0 0.1505 0.1874 0.829937964352 0.72800404888 0.951560527047
121 514486 755 114646 145812.0 0.0147 0.0126 1.21946837463 1.31809058878 0.985753704715
122 6830 142 1249 1974.0 0.069 0.0622 0.81962707477 0.961609093442 0.951192453146
123 2377255 300 495722 832422.0 0.0302 0.0217 0.993146003302 1.15117929691 0.47293749816
124 1191789 426 205253 294446.0 0.0345 0.0273 1.04776476036 1.17173970129 0.627837783945
125 1991892 463 627992 639149.0 0.0177 0.0164 1.24196240213 1.23100805957 0.717084788236
126 1576770 464 337124 422651.0 0.0282 0.0221 1.12871053066 1.20363597993 0.614621674844
127 2380384 314 741435 806159.0 0.0252 0.0219 1.1388876985 1.15592120977 0.5839559754
128 8787 229 2450 3467.0 0.0233 0.024 0.988708597617 1.1113994584 0.944533667921
129 27675 431 6237 5580.0 0.0321 0.0379 1.17191260694 1.13916694247 0.965603396292
130 30772 395 4510 5632.0 0.0594 0.0475 1.01237760456 1.10218531641 0.934876594153
131 38644 655 5177 7159.0 0.0305 0.0291 1.12201852897 1.21662522156 0.994245218515
132 2603480 462 684441 1134514.0 0.0143 0.0098 1.06165047176 1.2733337204 0.728534082955
133 734238 778 114919 166819.0 0.0255 0.0176 1.14552065376 1.2897872863 0.84470964192
134 6419 170 2952 2516.0 0.0245 0.0323 1.0801659632 1.04777904723 0.882186779254
135 7430 365 1931 1965.0 0.0207 0.0301 1.13318887705 1.14952923713 0.933386884038
136 53939 781 15650 14021.0 0.0122 0.0143 1.34610179214 1.31219742007 0.949299733123
137 1847 152 746 556.0 0.0357 0.0588 1.06130425228 0.983207461958 0.97195137038
138 5206 127 1083 1528.0 0.0821 0.0678 0.798976363526 0.940401589911 0.913438671745
139 780 250 95 54.0 0.1494 0.3195 0.996109975835 0.789605223548 0.790070787764
140 1612212 284 230940 462530.0 0.0467 0.0317 0.886048487696 1.10857042598 0.40911851052
141 3472453 425 1100848 1102359.0 0.0194 0.0182 1.23117544851 1.2109981095 0.585564140558
142 2194738 523 353097 594518.0 0.0288 0.0193 1.03537028338 1.23129749904 0.639409758596
143 745803 928 190477 208514.0 0.0116 0.0105 1.32518347283 1.36097338117 0.987238148256
144 2537081 400 489816 749466.0 0.0285 0.0217 1.05648450527 1.18691182589 0.561280101979
145 2102287 481 353355 524046.0 0.0333 0.024 1.05826817859 1.19966909272 0.48644533284
146 1903485 520 292051 453495.0 0.0315 0.0239 1.09874515029 1.20920568382 0.536597016794
147 2423201 475 318984 625797.0 0.0353 0.0229 0.97096194223 1.20271847617 0.532758987413
149 2274658 936 258772 399020.0 0.0344 0.0222 1.11765935159 1.28660701126 0.623967526552
151 8123 302 2495 1887.0 0.0287 0.0435 1.16823785068 1.08639279542 0.967364387246
152 174597 910 44706 51268.0 0.0108 0.0099 1.30326221083 1.36399084732 0.991007400036
153 2005551 497 349646 590480.0 0.0277 0.0177 1.03621371367 1.23324975406 0.59436541315
154 2519 80 1017 806.0 0.068 0.0928 0.935515832615 0.857092222494 0.968013197602
155 2324964 520 763157 1123060.0 0.0091 0.0073 1.16905890424 1.31143565489 0.981860071601
156 3904 38 1854 2048.0 0.0918 0.0844 0.73404541484 0.779155980523 0.954910493458
157 994197 289 413257 364357.0 0.0182 0.0209 1.202832304 1.14993624741 0.802400681183
158 1562655 450 350550 453699.0 0.0259 0.0199 1.11920266922 1.20962659104 0.680563422452
159 2610856 389 615884 733150.0 0.03 0.0243 1.11706362701 1.17290382712 0.533243322343
160 2492714 350 696346 757503.0 0.0275 0.0236 1.14947143072 1.16259481708 0.564678928926
161 7352 418 3376 1933.0 0.011 0.027 1.3146349277 1.17791839687 0.921809720492
162 2245806 521 470284 683042.0 0.024 0.016 1.0997820006 1.24838571383 0.678162452763
163 2694915 381 923521 848964.0 0.0194 0.0205 1.23456685391 1.18636240004 0.672537701572
164 2802564 529 672856 857405.0 0.0216 0.0156 1.17075883772 1.25256278238 0.599978133136
165 1860 58 740 555.0 0.0969 0.1386 0.877243708461 0.777228125297 0.958387083099
166 2237349 682 273929 612326.0 0.0237 0.0147 1.02151080838 1.29062329997 0.684465678625
167 2328569 356 390841 686438.0 0.0378 0.0244 0.939053425724 1.16149107916 0.471717265079
168 102547 796 29683 30187.0 0.0111 0.0113 1.31802233676 1.33527004882 0.978653084408
169 2071352 425 273632 454246.0 0.0467 0.0331 0.977481319215 1.1509256978 0.476584884061
170 128084 851 26099 34856.0 0.0149 0.012 1.20749584351 1.33799961631 0.983809086051
171 2099890 372 485646 566617.0 0.0325 0.027 1.10846326073 1.15682453588 0.498848031797
172 2357249 374 587965 660206.0 0.0311 0.0253 1.13923270424 1.16399388253 0.552400556584
173 4842 252 1975 1335.0 0.022 0.0403 1.18310564433 1.07638293037 0.907165779405
174 3402129 553 838306 775925.0 0.0244 0.0242 1.2783434708 1.215380893 0.512598229614
175 2914560 614 1070951 1489664.0 0.0059 0.0056 1.25548674542 1.3534207459 0.950568063589
176 2814362 504 862190 1070906.0 0.0132 0.0114 1.19559588051 1.27365007546 0.784893790753
177 1012 186 185 165.0 0.0721 0.1327 0.924947379123 0.913996605118 0.89387743613
178 86901 882 12140 17730.0 0.0221 0.0187 1.15280442755 1.29958471518 0.987434456707
179 3228844 538 684179 858993.0 0.0239 0.0194 1.16768111203 1.23457820692 0.50532298143
180 74509634 1555 10620353 15788937.0 0.0147 0.0101 1.27826418124 1.43172363536 0.505405115831
181 2976 150 1010 828.0 0.0469 0.0648 1.02325132944 0.966856394507 0.979812690267
182 1667268 370 335579 358262.0 0.0467 0.039 1.11934646935 1.11697803558 0.439553512923
183 235882 1618 51052 40089.0 0.0104 0.014 1.48896362934 1.40402163091 0.992160617389
184 1967938 341 754168 780013.0 0.0166 0.0156 1.19260782786 1.19618732307 0.798447706127
185 1878103 296 199182 389387.0 0.0799 0.0508 0.801664045532 1.06169153433 0.231863422371
186 2409903 542 553808 708498.0 0.0195 0.0163 1.17466095543 1.25176680671 0.737297952681
187 771 34 146 199.0 0.2913 0.2753 0.518267215622 0.634494318424 0.877649658045
188 7412 85 888 1312.0 0.2352 0.199 0.588245250062 0.758612958861 0.886714458111
189 2001096 386 387383 473697.0 0.0408 0.0322 1.08191935499 1.14305091811 0.523955732836
190 2312743 359 457041 701717.0 0.0331 0.0231 1.00537038836 1.16780677143 0.50051530366
191 1359162 370 390571 633755.0 0.0138 0.0109 1.08149035584 1.23512373208 0.917152407955
192 4232 26 1186 1386.0 0.2762 0.2468 0.542480635538 0.621628906983 0.849302817186
193 2143671 353 386270 602640.0 0.0382 0.0266 0.992497820277 1.15212274539 0.470608433382
194 401 75 134 108.0 0.0776 0.1492 0.845702085891 0.813830760443 0.840491125669
195 2561936 469 490028 583088.0 0.0364 0.0284 1.12956813226 1.1789112643 0.519007644741
196 4561087 648 1340224 1411466.0 0.0136 0.0126 1.28704639518 1.29809825592 0.714481810801
197 1121503 322 254833 458388.0 0.0213 0.0156 0.987812386022 1.18829660553 0.639389965193
198 9463 120 2201 2752.0 0.0863 0.0716 0.837466002778 0.926854662064 0.911314742049
199 3896075 440 918934 1349699.0 0.0185 0.0152 1.11214333421 1.23134898406 0.68579380806
200 1888 303 208 199.0 0.1042 0.1512 0.929626966952 0.929424763841 0.9261729396
201 1865696 525 393956 499715.0 0.0228 0.0196 1.16370592549 1.23033697159 0.627956036153
202 3213790 413 681832 1436022.0 0.0141 0.0105 1.01892837991 1.25285163394 0.699390565732
203 9049 244 1300 2483.0 0.0491 0.0406 0.823776881406 1.06872053852 0.914283466298
204 2927864 514 616969 899936.0 0.0216 0.0159 1.10877251959 1.24706094736 0.686611511543
205 2246373 327 519962 791767.0 0.0286 0.0197 1.01478144961 1.17049592847 0.444542467657
206 2143587 492 357160 572739.0 0.0276 0.021 1.05969643444 1.21584176716 0.613250135955
207 2851 11 2344 2308.0 0.1322 0.1359 0.576743484816 0.572750241092 0.968010212142
208 2435 109 587 642.0 0.0973 0.094 0.846129241213 0.889356958484 0.936956604315
209 2943 295 1439 810.0 0.0138 0.037 1.24256218642 1.11036229175 0.913982667183
210 2344365 393 486720 698675.0 0.0315 0.0218 1.04256868396 1.18448351004 0.511810651183
211 18639 261 9736 7904.0 0.0131 0.0184 1.19566263715 1.14904135981 0.782804136481
212 1137 282 183 90.0 0.104 0.2409 1.13271833482 0.848872677593 0.87021783534
213 2133337 472 277945 529776.0 0.0355 0.0246 1.0104113597 1.19492831638 0.498965318249
214 1860207 494 931013 951077.0 0.007 0.0069 1.29295569912 1.30749538912 0.974243184517
215 1888435 415 228813 465351.0 0.0454 0.0281 0.902397010207 1.16561038815 0.462876000774
216 1253204 312 651361 685950.0 0.0103 0.0097 1.19730478188 1.21905387882 0.990151791847
217 10050053 2011 1448271 3434480.0 0.006 0.0035 1.27123018526 1.55741948935 0.756826969403
218 7898 227 4653 4124.0 0.0115 0.0151 1.15369454181 1.14694910162 0.792876843648
219 43361 743 7948 8622.0 0.0226 0.0231 1.22221386284 1.25712608506 0.980118568278
220 2637298 476 409637 637620.0 0.0357 0.0254 1.05781122423 1.19233108936 0.468858454199
221 2859752 526 727411 878889.0 0.0205 0.0156 1.19341407535 1.25202001399 0.719666332829
222 1884250 414 298377 441280.0 0.043 0.0306 1.01142652337 1.15650258211 0.572336593297
223 2223439 299 274511 594101.0 0.0514 0.0339 0.855107267547 1.10801046533 0.482745217812
224 11140 401 2754 3378.0 0.019 0.0217 1.09051595366 1.19159262886 0.936035879328
225 3034117 630 776418 1004400.0 0.0142 0.0115 1.20264376951 1.30185369754 0.778539708868
226 84430 729 21736 23714.0 0.0144 0.0133 1.26933448917 1.30909942847 0.987489989511
227 2563732 704 802389 1105165.0 0.007 0.0066 1.27400060482 1.36151181584 0.933238972462
228 2412 379 279 223.0 0.0893 0.1471 1.03758564275 0.952352559396 0.95057276644
229 2858715 339 332813 679480.0 0.058 0.0362 0.855180953538 1.11546987062 0.129789956254
230 3109894 413 370984 744842.0 0.0461 0.0296 0.91426267653 1.15977885883 0.225921107141
231 3281 10 1256 1470.0 0.4077 0.3782 0.358934918429 0.461670305774 0.764575038151
232 94829 823 4446 12334.0 0.0603 0.0401 0.888209063544 1.20122566911 0.931627247882
233 18785 201 10365 9496.0 0.0151 0.0175 1.1356660508 1.1175709503 0.899273801392
234 2882 278 1277 675.0 0.0178 0.05 1.2306892919 1.0698512225 0.909818362899
235 2058906 595 318947 541932.0 0.0238 0.0179 1.10636425187 1.25480154495 0.639734213757
236 2396 23 615 876.0 0.2712 0.2371 0.452749403826 0.615131193172 0.825024003172
237 10631 437 2272 2370.0 0.0273 0.0329 1.1055303098 1.15985837983 0.965046435572
238 1053 55 188 269.0 0.208 0.1848 0.555399897415 0.737008324932 0.830830083076
239 10580 44 2342 3624.0 0.1745 0.1425 0.572293770607 0.742712144455 0.735692543158
240 888135 975 248938 261629.0 0.0096 0.0092 1.3582281435 1.37946657563 0.989381900428
241 2405950 476 680313 961406.0 0.0145 0.011 1.1288916815 1.26815470424 0.788909431694
242 7237 152 1384 1997.0 0.0746 0.0626 0.827320395866 0.968161326228 0.946996477107
243 2327039 389 826888 871369.0 0.0161 0.015 1.20287762749 1.21619273965 0.787139963268
244 1801420 425 488861 556629.0 0.0227 0.019 1.16773667801 1.20690123516 0.693251722756
245 26315 197 7715 12079.0 0.0239 0.021 0.943264378948 1.10077021133 0.946462187452
246 8379 32 1911 3240.0 0.1897 0.1602 0.499409369593 0.696087600896 0.703627366274
247 1271 315 211 114.0 0.0719 0.1927 1.09189035067 0.901903843521 0.871118156095
248 921 127 211 157.0 0.1062 0.1659 0.940312249774 0.838847955492 0.961919344199
249 2210574 497 183997 419354.0 0.06 0.0358 0.876190429437 1.15964488329 0.289318702865
250 5377 34 1444 1797.0 0.2166 0.1879 0.568490700485 0.683402515732 0.876115914684
251 12526 261 4236 3872.0 0.0254 0.0312 1.11346371929 1.10246001344 0.925828830592
252 3813818 563 982050 1047394.0 0.02 0.0176 1.24613471841 1.24946688598 0.554796583588
253 1864319 380 364308 515667.0 0.0351 0.0254 1.04848764214 1.1654283627 0.484965464463
254 2175845 516 535342 654476.0 0.0208 0.0165 1.17512740491 1.24462504687 0.740537527461
255 6470 115 2662 1945.0 0.0477 0.0713 1.02952749065 0.923397679393 0.98364664725
256 2666001 365 838122 844774.0 0.0227 0.0212 1.19612694799 1.17804855333 0.59344515068
257 1494205 569 374605 431811.0 0.0199 0.016 1.21913378658 1.25966287441 0.746528696482
258 103906 509 39924 38665.0 0.0106 0.0117 1.26486890635 1.27266976529 0.940617316418
259 961 223 116 91.0 0.1245 0.2325 0.935684478036 0.835391980887 0.883484357869
260 3003966 436 515709 847496.0 0.0295 0.0216 1.0587579123 1.19829730042 0.604647517735
261 2495 20 841 963.0 0.2645 0.2492 0.530985580901 0.594129561085 0.851678678564
262 2041929 351 159754 394453.0 0.079 0.0483 0.749901324129 1.08614576232 0.221677740946
263 3801 70 1325 1315.0 0.0916 0.0918 0.848911953572 0.842190534569 0.953231975432
264 2266760 353 502668 715804.0 0.031 0.022 1.02317641102 1.17035535397 0.634075007298
265 2867462 506 373288 745716.0 0.0325 0.0213 0.993800334923 1.21760151545 0.552135398276
266 1132868 308 234548 388435.0 0.0301 0.0219 0.96416346884 1.15365657253 0.586371240214
267 16992 221 9631 8483.0 0.0131 0.0164 1.15960905263 1.13574244326 0.825676909154
268 830969 401 121478 201070.0 0.0422 0.0299 0.99404746156 1.15507808763 0.654533228422
269 302045 1278 60933 76509.0 0.0105 0.0091 1.32111283536 1.41614800984 0.986026318388
270 1046 138 259 228.0 0.0691 0.1094 0.930678262296 0.90459940849 0.952379214851
271 2049180 408 374275 501475.0 0.0407 0.0289 1.05232829752 1.16074685035 0.533832308836
272 3193092 494 901478 778612.0 0.0219 0.0242 1.28468353044 1.20185146319 0.476158877814
273 2368169 458 516096 743947.0 0.0217 0.0172 1.12603147593 1.22549483646 0.608643859786
274 2280501 551 350716 601672.0 0.0262 0.0192 1.07970739932 1.23844806562 0.536097340893
275 22911 532 2075 4066.0 0.0492 0.0381 0.946387100044 1.1624937682 0.942615572382
276 2927 23 930 1015.0 0.2693 0.255 0.554509980235 0.605322865429 0.919005414073
277 3249446 503 1211513 987826.0 0.0132 0.0166 1.32258630804 1.24072682747 0.691009564365
278 1955788 411 309757 377721.0 0.0552 0.0416 1.05855731275 1.12089358383 0.406583224464
279 6350 55 2500 2811.0 0.0863 0.0776 0.781174257318 0.830813889776 0.953243740402
280 1522917 360 387477 445919.0 0.0299 0.0244 1.1226301979 1.16283236274 0.660586768598
281 2478899 590 450855 652687.0 0.0228 0.018 1.15110419316 1.25301335939 0.581874472457
282 2796 61 1173 1132.0 0.0779 0.0822 0.853075086783 0.838470502885 0.981526365066
283 1045 192 154 170.0 0.084 0.1296 0.885745490803 0.919866909735 0.857896383294
284 4385246 964 263630 792384.0 0.0377 0.0206 0.944083611509 1.29843939971 0.386272535211
285 2105600 411 426716 606618.0 0.0321 0.0221 1.05097603524 1.18884045196 0.534633216237
286 1703922 525 572591 758991.0 0.0111 0.0083 1.19310891597 1.30328647689 0.95243792348
287 6137 127 3579 3059.0 0.0221 0.0286 1.05843896145 1.02046618025 0.913070793583
288 34678 275 6797 10344.0 0.0414 0.031 0.921107802109 1.10791551744 0.952372980743
289 2564849 346 408595 775325.0 0.0355 0.0241 0.949231556309 1.15930358697 0.4212429159
290 1781442 330 551774 512286.0 0.0264 0.0274 1.18771250747 1.14123446384 0.599344940735
291 3985888 667 884552 1662703.0 0.0096 0.0074 1.16540875614 1.34576336226 0.864304392879
292 6220 49 2758 2755.0 0.0842 0.0867 0.798988646568 0.806983829987 0.983222314535
293 2486125 387 560403 849235.0 0.0224 0.0176 1.08591215109 1.20183895732 0.670906147136
294 2527076 601 417128 734446.0 0.0215 0.015 1.08182417464 1.27238272152 0.63640591625
295 1771555 425 917359 890609.0 0.0081 0.0083 1.29156870102 1.27373161787 0.961521538105
296 7147 41 3101 3484.0 0.0938 0.0881 0.733111419829 0.784362775466 0.951212742613
297 5450 21 3304 3698.0 0.1032 0.0975 0.629849515059 0.690331670992 0.958761490129
298 2874158 506 735282 757687.0 0.0232 0.0208 1.23285876268 1.21978694868 0.583912089449
299 1615877 368 307072 359145.0 0.0479 0.0372 1.07659203358 1.1217380944 0.442337295448
300 2260016 414 734061 850804.0 0.017 0.014 1.18488002346 1.23021021569 0.771337567848
301 2445 398 186 144.0 0.1813 0.24 0.963473865604 0.856023788267 0.921984000497
302 5734 67 2617 2623.0 0.0577 0.061 0.862906454691 0.876481652092 0.981772602456
303 3322792 478 615951 912743.0 0.0265 0.0206 1.11129445755 1.2139863567 0.592282043143
304 5342912 1070 427304 1210602.0 0.0228 0.013 1.03918942309 1.35962534464 0.596626463808
305 1614001 683 288573 362815.0 0.0259 0.0202 1.19285179754 1.25935348214 0.660671761116
306 1600284 512 372740 455045.0 0.0225 0.0182 1.1666654787 1.23430110057 0.705334634713
307 4065417 495 1225958 1191278.0 0.0183 0.0179 1.26183751415 1.23164736576 0.609322951539
308 37 12 10 12.0 0.4773 0.5771 0.398463517313 0.424896486924 0.7630184358
309 1188 296 83 74.0 0.1984 0.3 0.875853710181 0.801680360753 0.862190774818
310 1595 23 580 704.0 0.2066 0.1812 0.545117040549 0.647904519001 0.777603013744
311 2769446 453 513423 684353.0 0.0354 0.0258 1.08330836398 1.18515706417 0.458920778593
312 2998229 387 341116 693187.0 0.054 0.0333 0.868312550303 1.13957640213 0.226792869411
313 67892 448 9784 19662.0 0.0275 0.0203 0.954692994044 1.20827620121 0.966333592443
314 35836 360 9473 9975.0 0.0277 0.0268 1.13125115939 1.15475750728 0.990891297063
315 6135 137 1605 1917.0 0.0629 0.0571 0.889009908446 0.966920258099 0.977803809424
316 4125 314 1773 986.0 0.0167 0.0421 1.25275110425 1.09995054339 0.93442487882
317 982 202 113 118.0 0.1138 0.1863 0.878448521256 0.867122181681 0.879960802962
318 1142 316 245 101.0 0.0567 0.2009 1.18934865381 0.900718342228 0.842692681624
319 1760526 399 181746 336565.0 0.0685 0.0435 0.875280209079 1.11248892394 0.383429079576
320 3107563 541 747892 1004114.0 0.0176 0.014 1.16277343246 1.26553339441 0.696192243879
321 71635 791 17631 19878.0 0.0135 0.0126 1.26602834187 1.32504002572 0.986202354435
322 29095 168 20296 19256.0 0.0117 0.013 1.11765874225 1.11188221968 0.730345239169
323 1330 294 156 118.0 0.0997 0.2009 0.979873251946 0.885883614226 0.900629026936
324 2680909 438 618093 755866.0 0.027 0.0215 1.1332164313 1.19918502362 0.551929965832
325 3063 271 885 496.0 0.0396 0.087 1.18766589778 0.995349158284 0.950603186172
326 2517880 672 703350 1186006.0 0.0076 0.0059 1.18938353481 1.36271171553 0.932032758144
327 8326 137 4838 4155.0 0.0206 0.0264 1.07456878 1.03629330233 0.901659023802
328 1930348 425 506495 480529.0 0.0275 0.0271 1.21866813303 1.172482871 0.619360181203
329 4041828 529 673509 997872.0 0.0284 0.0222 1.12005654248 1.21883865152 0.490818366954
330 5206 30 3078 3010.0 0.0872 0.0903 0.750849979176 0.743732848647 0.984498060096
331 9162 68 2551 3874.0 0.0807 0.068 0.729813308944 0.867881317993 0.915006402196
332 13604 150 4557 5715.0 0.0296 0.0319 0.963223737416 1.03156673538 0.982099079799
333 2896860 515 871638 934041.0 0.0154 0.0147 1.23030202896 1.25461885976 0.804151614081
334 1873896 488 325907 426043.0 0.0373 0.0274 1.09400025946 1.18743192036 0.490735495092
335 1852005 412 233000 396213.0 0.0556 0.0354 0.931510820746 1.13977688655 0.419031708538
336 10209 43 6798 6418.0 0.0496 0.0548 0.837438820063 0.827922877472 0.714094888309
337 7288 169 3975 3202.0 0.019 0.0268 1.1172516963 1.0628163547 0.872197279195
338 2007014 583 278048 472548.0 0.0341 0.0219 1.03023405046 1.23228142846 0.607215075115
339 8627 141 3577 2548.0 0.0387 0.0603 1.07489434979 0.963640148393 0.985629437062
340 2089 109 513 525.0 0.0933 0.1019 0.864424917509 0.880130409146 0.982050527086
341 3094940 431 1028763 1063115.0 0.0157 0.0157 1.21299884943 1.2256931509 0.703257081892
342 1709820 446 190814 373207.0 0.0512 0.0319 0.913563243288 1.16068728198 0.474084920732
343 3353 64 511 896.0 0.1806 0.1467 0.579399158233 0.777783691253 0.786494514211
344 2144675 375 511785 667764.0 0.0268 0.0212 1.08028937247 1.18116512133 0.697576943227
345 1747036 568 292539 386496.0 0.034 0.0248 1.11066387933 1.21610841465 0.589612241784
346 2548320 472 388792 687187.0 0.0316 0.0215 1.02050213487 1.2083065813 0.548856880095
347 24610 413 3582 5077.0 0.0432 0.0381 1.03163579062 1.13390849977 0.98024365248
348 951 254 135 77.0 0.1271 0.2573 1.0449596784 0.829050236932 0.85080870001
349 3967 19 1463 1833.0 0.2175 0.2006 0.506344616613 0.614201643788 0.915732774731
350 1451 47 781 781.0 0.0605 0.0676 0.802422099526 0.826206104803 0.94632161172
351 1719309 388 319429 443441.0 0.0394 0.0279 1.02969688738 1.15855534004 0.575890467116
352 2918 84 481 685.0 0.1634 0.1391 0.678691305807 0.811900917193 0.88066589628
353 3557541 425 816048 1052477.0 0.028 0.0204 1.11354089505 1.20021127339 0.408951340321
354 2492533 559 573229 784030.0 0.0186 0.0141 1.1525730056 1.26861513619 0.68957412133
355 2590925 444 738805 856108.0 0.0187 0.0163 1.18013713934 1.22636497706 0.788428553908
356 4220 80 1174 1302.0 0.0997 0.0965 0.814752465057 0.851098276469 0.935197720812
357 2742348 548 559095 811551.0 0.0213 0.016 1.12061086546 1.25515090902 0.684691211968
358 2641365 498 685767 771664.0 0.0217 0.0179 1.208368642 1.23248953109 0.605834523511
359 2058988 329 339504 507898.0 0.0518 0.0351 0.957665934921 1.11529893832 0.397634027473
360 663318 452 122623 169688.0 0.0309 0.0244 1.08795163898 1.19037846349 0.722040812673
361 5512 138 1538 1692.0 0.0481 0.0584 0.932463250139 0.965639474297 0.951081152875
363 1491863 510 202357 358794.0 0.0349 0.024 1.02802751442 1.2065268073 0.487624252107
364 1778469 545 1095835 999948.0 0.0047 0.0053 1.36453241908 1.33927539058 0.870397590844
365 5288 205 2434 1890.0 0.0206 0.0319 1.1282068115 1.07352522337 0.916104471309
366 2546368 389 464520 655272.0 0.0364 0.0279 1.04531105244 1.1587413636 0.468296641549
367 1997750 315 358266 550684.0 0.0446 0.0306 0.957201727407 1.12437784833 0.540998703536
368 6781 199 2494 2875.0 0.0231 0.0245 1.00188788849 1.0920055545 0.924218858386
369 2675666 629 356453 608026.0 0.0321 0.0215 1.06458369082 1.24304817473 0.488118303955
370 1449891 476 236222 376291.0 0.0332 0.0227 1.0334737285 1.20397677832 0.558986456399
371 20573 155 11886 11825.0 0.0173 0.0181 1.06918858212 1.07945612717 0.902948671922
372 8912 57 4905 4580.0 0.0538 0.0585 0.886205731953 0.859623196134 0.944240465549
373 1817389 459 616562 584522.0 0.016 0.0165 1.26134356823 1.22949201045 0.835825950342
374 2141 31 648 908.0 0.1653 0.1451 0.573130929687 0.7047002941 0.862942106095
375 1486 17 409 604.0 0.2933 0.2696 0.387155558714 0.56721300038 0.802932171041
376 2317861 418 291738 596209.0 0.0425 0.0261 0.914531629201 1.17428073798 0.388209705353
377 37416 801 3640 7212.0 0.0287 0.0227 1.0342935755 1.26842655413 0.965841698787
378 2334548 559 651994 848576.0 0.0137 0.0111 1.19165073307 1.2894405362 0.836574734594
379 22984 246 12691 11328.0 0.0123 0.015 1.17713558635 1.1564912628 0.802972504405
380 1336264 333 565629 744420.0 0.0111 0.0088 1.11953406861 1.23474798309 0.905898890808
381 1673380 633 427779 591241.0 0.0146 0.0103 1.17912598062 1.3121343648 0.896579974483
382 2334757 450 418616 869843.0 0.0188 0.0132 1.02231300481 1.2465263262 0.652539408006
383 2336 14 801 943.0 0.3552 0.3229 0.42990211049 0.522048543986 0.652500848163
384 4540 354 1366 900.0 0.0263 0.0502 1.21231829697 1.09269727493 0.955516148183
385 4055750 758 548772 1126473.0 0.0209 0.0129 1.08215962403 1.31588638624 0.506609311432
386 3724 121 352 637.0 0.1769 0.1559 0.645328953971 0.82880123826 0.930627324337
387 1976329 721 269978 422341.0 0.0288 0.0208 1.13484345487 1.26279958106 0.668345038652
388 1829 36 560 753.0 0.1529 0.132 0.604959188252 0.731211306826 0.867491295421
389 3027149 341 577987 714181.0 0.0473 0.0364 1.0482540193 1.11547110034 0.379455953064
390 23011 393 5208 7042.0 0.0232 0.0213 1.05859017899 1.18860791382 0.975011223273
391 1004 126 254 241.0 0.0719 0.1034 0.897184462444 0.90359424256 0.940698489328
392 2386587 375 524053 779282.0 0.027 0.0196 1.02952782216 1.18838800576 0.629335930904
393 1046 284 170 83.0 0.0964 0.2441 1.11352824322 0.849732613529 0.854676926099
394 2487 350 425 305.0 0.0599 0.1077 1.0925850795 0.995923351914 0.970066828248
395 3229 47 1022 1181.0 0.1338 0.1225 0.697940698224 0.767848342525 0.956320815755
396 440298 255 75222 124500.0 0.0505 0.036 0.91848226711 1.08307380478 0.581690091097
397 2313800 470 353691 582357.0 0.0385 0.0241 0.98932877682 1.19621251131 0.43948092032
398 3112463 521 472190 751986.0 0.0363 0.0233 1.02760953405 1.2119489975 0.493452076533
399 8538 500 1242 1372.0 0.0429 0.0488 1.06732688233 1.13018742963 0.990078253989
400 2063 92 193 229.0 0.3582 0.3324 0.577544759769 0.674602869793 0.890396151367
401 9270 503 4219 2431.0 0.0093 0.0226 1.35170300073 1.21767988648 0.904246742301
402 17663 45 9265 9551.0 0.0709 0.0675 0.81254054263 0.818009074288 0.866938253888
403 36976 472 6121 10777.0 0.0235 0.0192 1.03466972546 1.22056009434 0.977023946235
404 1115 243 109 99.0 0.1515 0.2314 0.869325613278 0.840367200063 0.884060376292
405 2011 13 921 1041.0 0.2624 0.2418 0.484726419778 0.549241277558 0.791849282744
406 7289 387 3234 1890.0 0.0127 0.0296 1.29573740283 1.15887430534 0.915641719126
407 2230 31 1134 1159.0 0.1068 0.105 0.728852593338 0.735721439433 0.95616020928
408 3147 47 570 577.0 0.3227 0.3137 0.605898945701 0.635945793471 0.657801754457
409 3037670 465 440241 720707.0 0.0386 0.0268 1.03081795654 1.18407298985 0.483278845643
410 983725 523 122668 211831.0 0.0433 0.028 0.980674665139 1.19333061306 0.588110254748
411 1246 267 218 121.0 0.0863 0.1943 1.09078469525 0.883630725797 0.910229034415
412 1485365 392 257730 398366.0 0.0333 0.0259 1.03383539176 1.1671701031 0.590782016299
413 2082310 429 391229 590838.0 0.0326 0.0217 1.02895516407 1.19569907726 0.526691879447
414 4276 376 1851 1032.0 0.0137 0.0356 1.28884224309 1.14084994468 0.934157649533
415 11902 420 5421 3046.0 0.0112 0.0273 1.31606289541 1.1745401733 0.848673863041
416 10759 150 6492 5820.0 0.017 0.0209 1.08042102713 1.06535190863 0.73715730279
417 2253223 299 568322 651148.0 0.0368 0.0298 1.08251961922 1.12080300823 0.460815631908
418 1708664 487 383398 428378.0 0.0284 0.0235 1.17626971446 1.20331344068 0.737391232798
419 961 229 147 94.0 0.112 0.2216 0.996162724234 0.850347478788 0.878561974444
420 2448410 504 326126 607007.0 0.0372 0.0231 0.967583140703 1.2089584276 0.441243057038
421 7416 71 2973 3911.0 0.0523 0.0454 0.794886301019 0.908106064362 0.868980815631
422 54003 420 14432 15322.0 0.0237 0.0223 1.16754591851 1.19110809879 0.986237302753
423 4111 444 648 563.0 0.0444 0.0726 1.09585200329 1.07187734644 0.958901059741
424 4860 477 2217 1166.0 0.0098 0.0291 1.3418889139 1.191759892 0.916254288006
425 2242006 449 698637 737996.0 0.017 0.0162 1.20870972754 1.22820380318 0.773883119156
426 936 289 107 54.0 0.1641 0.3414 1.06357693788 0.776634131801 0.820672307568
427 14070 210 6836 6193.0 0.0179 0.0214 1.12689481426 1.1084745591 0.892282460456
428 6458 147 1469 2002.0 0.0628 0.054 0.84517641514 0.980612689674 0.962691610036
429 2378235 381 358167 610099.0 0.0418 0.0286 0.970662720781 1.1537161364 0.407299405382
430 1102 264 64 77.0 0.2045 0.2871 0.782006896602 0.803307126801 0.86534907814
431 1953562 358 617460 580840.0 0.0225 0.0239 1.19351459636 1.16404115814 0.758460365311
432 1095 227 157 144.0 0.0932 0.1518 0.910396977795 0.914379510248 0.852229540194
433 2044884 360 325900 549340.0 0.0417 0.0281 0.952096720269 1.1490114581 0.560970055913
434 2626 55 1154 1002.0 0.0821 0.0998 0.853621508127 0.807668310635 0.966270647541
435 6651 127 1462 2004.0 0.0701 0.0647 0.848934554843 0.944825181154 0.978825677084
436 1029 296 156 70.0 0.1093 0.2816 1.13517729896 0.823134268382 0.844801302188
437 4815 99 1475 1860.0 0.0581 0.0555 0.843652811694 0.932335989152 0.954120006717
438 2938295 407 949490 1126074.0 0.015 0.0138 1.16778803228 1.22907848615 0.736557946131
439 826 242 42 43.0 0.3197 0.4121 0.681395288245 0.708903845745 0.808270223889
440 2081964 530 585812 686972.0 0.0154 0.0138 1.20594334175 1.26418587048 0.811402346867
441 1714236 517 402774 595143.0 0.0188 0.0129 1.11539029911 1.26620898883 0.768473014963
442 1502 269 174 177.0 0.0945 0.1475 0.924591553077 0.927236219215 0.910611323356
443 2797128 453 212886 602601.0 0.0528 0.032 0.826315257617 1.16182757944 0.304146949593
444 4599 109 2465 2226.0 0.0291 0.035 1.00784959925 0.984956199646 0.945590114347
445 3851 69 1066 1034.0 0.1349 0.1362 0.814705662105 0.79479633138 0.938936567299
446 985 180 173 138.0 0.0955 0.166 0.931345556456 0.87512374542 0.917449374409
447 57 19 19 16.0 0.3282 0.4851 0.591038289531 0.509809898667 0.739137119338
448 28141 587 3546 5830.0 0.0339 0.0272 1.04412879325 1.2121329815 0.964305131081
449 1907045 379 303575 470874.0 0.0458 0.0306 0.96875995322 1.14619974594 0.448981978642
450 7511 396 3097 1796.0 0.0143 0.0328 1.29729936928 1.1504354034 0.941069894853
451 7040 477 3658 2085.0 0.0076 0.02 1.34656211402 1.22533246482 0.851074585924
452 6371 51 3486 3626.0 0.0559 0.0551 0.827076213827 0.850387073387 0.922415135333
453 2002431 479 652665 842473.0 0.0125 0.0101 1.18505346434 1.27638880979 0.883922432718
454 2289943 339 596827 731198.0 0.0254 0.0225 1.09722208391 1.16338290374 0.611874876773
455 5563 160 1900 2012.0 0.0378 0.0392 0.985104645796 1.02300091637 0.935304224405
456 8652 499 3973 2285.0 0.0092 0.0227 1.35037833471 1.21710954267 0.917803632243
457 4254 147 1258 1243.0 0.0559 0.06 0.971481730188 0.970805275415 0.961139530622
458 789 245 67 50.0 0.2161 0.3496 0.868784000778 0.76277655627 0.801433864595
459 5391 52 2776 2745.0 0.0629 0.0653 0.838048715764 0.839427432924 0.983521636574
461 1969809 570 235429 448534.0 0.036 0.0236 1.00556155073 1.22175572109 0.435362966358
462 5400 263 2307 1406.0 0.0198 0.0422 1.20716715427 1.07617698699 0.905086073442
463 2925 307 1447 776.0 0.013 0.038 1.25520639608 1.11275176034 0.903994926537
464 929 253 216 82.0 0.066 0.2362 1.18748811105 0.847707178725 0.855313714626
465 1984444 502 449498 494876.0 0.0265 0.023 1.1890556912 1.20905327694 0.579896984934
466 3439 115 650 705.0 0.1357 0.1275 0.821535087305 0.853718522114 0.906297118894
467 3001944 413 1032471 1103018.0 0.0166 0.0146 1.21666880763 1.22626832133 0.716253288394
468 3888 34 710 1113.0 0.2713 0.2337 0.466496986432 0.654728819359 0.813038675095
469 1034402 423 131686 228974.0 0.0505 0.0328 0.936799884248 1.15151593156 0.558268801027
470 1442679 523 484381 474984.0 0.0135 0.014 1.27041399402 1.26100543346 0.85121029135
471 943 202 106 107.0 0.1219 0.2011 0.862698047131 0.855393864656 0.877589845631
472 1105 177 243 181.0 0.0801 0.1343 0.99281189892 0.903634919529 0.938901347486
473 5007 115 2939 2464.0 0.0242 0.0323 1.04282195266 0.998269768732 0.920711986898
474 1946228 356 282911 471916.0 0.0477 0.0334 0.960086385571 1.12952265789 0.509958170338
475 6052 132 2333 2995.0 0.0266 0.0279 0.930106637989 1.02750129998 0.942191582664
476 2967760 524 533567 1050402.0 0.0165 0.0124 1.06686381508 1.27184123701 0.787645792031
477 2055715 318 507833 592303.0 0.0347 0.0283 1.08518463522 1.13357249573 0.554952487079
478 2122789 301 445427 669903.0 0.0342 0.0257 1.00234051743 1.13612464411 0.547147233482
479 19397 118 6097 5959.0 0.0633 0.0665 0.934762119229 0.932492240106 0.992542509359
480 2189119 485 320962 621188.0 0.028 0.0193 1.01415469879 1.2222477346 0.567956313573
481 10822 362 1894 2983.0 0.03 0.0279 0.978587444379 1.15438809368 0.948533186399
482 10483 33 4098 5185.0 0.1245 0.1059 0.640211958275 0.74152904084 0.869619838367
483 21082 148 7131 9516.0 0.0298 0.0286 0.952465779379 1.03882691041 0.973889535336
484 1060 241 139 104.0 0.121 0.21 0.947425992153 0.863709045433 0.882710477177
485 973 221 122 98.0 0.1305 0.2176 0.91391063017 0.849328940633 0.875275077774
486 2512294 537 773658 1049441.0 0.0107 0.0091 1.19452177633 1.29974515638 0.896928504321
487 5341 138 2824 2121.0 0.025 0.0387 1.082076223 1.00597840049 0.961291517118
488 5689 133 3236 2608.0 0.0224 0.0316 1.07314800289 1.01878711339 0.901359438365
489 2546970 560 546486 695962.0 0.0227 0.0178 1.1667505953 1.2475165338 0.645293569431
490 2359873 550 282089 589509.0 0.0325 0.021 0.997943723702 1.22925660651 0.488195737959
491 1083 302 109 76.0 0.1279 0.2677 0.974731444828 0.835854861212 0.838716860453
492 2066565 607 300427 502368.0 0.0272 0.02 1.09504193912 1.2463697065 0.585184785324
493 4562 70 1164 1586.0 0.1045 0.0909 0.736455665672 0.842961797623 0.918906623231
494 1616017 381 417796 565331.0 0.0239 0.0172 1.08711414435 1.20199312195 0.656265657291
495 2459102 456 598605 798472.0 0.0217 0.0164 1.13390733425 1.22949920782 0.621744683648
496 893 221 131 98.0 0.0911 0.2009 0.96989110534 0.868105776784 0.851945907387
497 2304425 286 436192 662939.0 0.0436 0.0314 0.959028512833 1.11052273534 0.505850720791
498 1490853 315 631487 896910.0 0.009 0.0082 1.12024057176 1.23187061164 0.925621075478
499 10955 612 4854 2766.0 0.0081 0.02 1.39110055943 1.25434810247 0.899904356129
500 1066347 545 133589 231655.0 0.0361 0.0265 1.04519685522 1.20391254554 0.654346651182
501 758 24 157 209.0 0.3722 0.3368 0.401622952229 0.570343708583 0.835659085464
502 4982 279 643 730.0 0.0853 0.0944 0.930479846132 0.981512349172 0.984114205117
503 428 76 127 100.0 0.1029 0.1772 0.849925096072 0.789647244932 0.914701394649
504 755 161 178 112.0 0.0747 0.1746 0.995906391269 0.863163333542 0.891191283825
505 2061518 393 326722 516347.0 0.0404 0.0289 1.0081798961 1.1564780688 0.415454971094
506 5523 202 2245 1912.0 0.0243 0.0339 1.08881016488 1.06555498072 0.924326357169
507 557 17 138 176.0 0.4 0.3809 0.369879795053 0.517939961732 0.907752113438
508 2458345 409 374975 608042.0 0.0439 0.0284 0.954578729436 1.16305985598 0.375324022383
509 2890560 454 434876 733557.0 0.0383 0.0246 0.985099161778 1.19002818311 0.408858280729
510 6136 459 2711 1415.0 0.0109 0.0311 1.3356569153 1.17658815643 0.926751793828
511 2788 106 868 770.0 0.0745 0.0895 0.929473758031 0.891349541754 0.98708290161
512 1844002 348 348357 454261.0 0.0437 0.0333 1.03835211981 1.12726524511 0.471684073277
513 333 59 95 77.0 0.151 0.2213 0.800791502975 0.734966076948 0.902109696769
514 2683046 372 774788 944599.0 0.0225 0.0174 1.13188353165 1.19781767231 0.582742704129
515 110364 528 27033 31317.0 0.0196 0.0178 1.17484944248 1.24064054007 0.986414202475
516 1669492 343 357873 433556.0 0.04 0.0311 1.06998434451 1.13296734804 0.559996036666
517 5787 24 1639 1895.0 0.2971 0.2646 0.520522958637 0.603921840806 0.599465956294
518 2378076 470 289283 630284.0 0.0337 0.0222 0.969427711116 1.20461228122 0.580779910974
519 803770 723 130493 141760.0 0.0313 0.0282 1.21158859866 1.22981568154 0.88393235947
520 2347270 575 360194 717971.0 0.0213 0.0144 1.04602467155 1.27053691547 0.735289635624
521 1645308 356 258564 374491.0 0.0543 0.037 0.966962823849 1.11864712995 0.432253299365
522 6075 425 3210 1913.0 0.0082 0.0203 1.31991692061 1.20982599535 0.871251387165
523 5930 133 2823 2279.0 0.0308 0.0421 1.05585175472 0.993428453511 0.968624692157
524 273156 961 107079 83217.0 0.0059 0.0088 1.43065482303 1.38120765184 0.710012567009
525 2406231 384 358552 598646.0 0.0464 0.0299 0.934825395084 1.15031890633 0.454187575246
526 5160 469 512 549.0 0.073 0.0961 1.03713520447 1.03119736333 0.970817648212
527 4008 18 1065 1521.0 0.3013 0.2799 0.433527319516 0.567764218192 0.830649661159
528 3914 43 1027 1520.0 0.1364 0.1211 0.624173342611 0.759034099017 0.918748985462
529 1352159 366 201886 282024.0 0.0593 0.0413 0.980997146807 1.10928838139 0.465899014764
530 796966 411 253036 263408.0 0.0185 0.0176 1.19746856494 1.20984354924 0.822952585611
531 2786 260 1287 706.0 0.0175 0.047 1.21654097969 1.06915055442 0.910735136703
532 21856 319 4219 4965.0 0.0466 0.0418 1.02747306747 1.09440564919 0.979585310438
533 1042 275 147 66.0 0.1319 0.3129 1.11693391591 0.786998201393 0.869525059991
534 4453 396 2227 1236.0 0.0099 0.0273 1.30528157311 1.17491883357 0.860020322825
535 7218 412 3487 2035.0 0.0101 0.0245 1.31018371042 1.18605572505 0.874911063516
536 5599 356 2452 1388.0 0.0142 0.0348 1.27954441332 1.13334568077 0.936418822546
537 1038522 510 124363 213757.0 0.0494 0.0308 0.953151502683 1.17991902027 0.522157780258
538 52258 221 18503 17875.0 0.0304 0.0305 1.10803715268 1.08270261084 0.964813728921
539 1041 259 153 87.0 0.1142 0.2418 1.04882615563 0.841759829238 0.872301812633
540 2277824 468 531391 795869.0 0.02 0.0141 1.08911925607 1.24578925607 0.678444877924
541 9090 500 3563 2592.0 0.0107 0.0199 1.27855298268 1.22970757509 0.873271496505
542 6375 131 2062 2483.0 0.0417 0.0418 0.895239034455 0.992211242087 0.935840899795
543 6159 448 3100 1796.0 0.0086 0.0219 1.32961586627 1.2094318408 0.884769301759
544 5866 365 2983 1767.0 0.0103 0.0249 1.28822075212 1.17033052868 0.890913374781
545 2289599 391 275829 496741.0 0.058 0.0364 0.890556310099 1.13077036441 0.398968999812
546 2387068 331 569165 739439.0 0.0313 0.0242 1.05498291458 1.15359465171 0.524333396456
547 4049 27 808 1127.0 0.3394 0.2963 0.442680668779 0.598367838944 0.789188262355
548 6645 408 3039 1717.0 0.0114 0.0286 1.30952061536 1.16988597437 0.912379323006
549 5270 317 2314 1313.0 0.0159 0.0384 1.25660074046 1.10912786041 0.944263333093
550 1877380 408 277830 441438.0 0.0457 0.0308 0.968807476624 1.15399882175 0.586476065624
551 5525 312 1033 1101.0 0.0496 0.0546 1.02066099041 1.06607984969 0.986536717994
552 1990796 364 340528 517002.0 0.043 0.0293 0.987866310593 1.145842325 0.49861867182
553 5247 150 1634 1681.0 0.0507 0.0506 0.975218732669 0.990263665417 0.974097478599
554 2633722 359 374764 676774.0 0.0461 0.0302 0.924683019139 1.14109321974 0.401497466038
555 6154 235 2790 2578.0 0.0162 0.0215 1.10585116523 1.12532272076 0.842772809246
556 2723767 354 450659 827217.0 0.0325 0.0234 0.987987664681 1.16494195282 0.548059103835
557 847 235 106 63.0 0.1578 0.3012 1.00023860309 0.790921099024 0.849568158867
558 53888 617 11950 11702.0 0.0185 0.0238 1.22840940481 1.23117389073 0.922706078428
559 40870 213 8031 11671.0 0.0564 0.0424 0.907270551549 1.04609564897 0.881281929228
560 1058 11 681 705.0 0.1909 0.191 0.522246264769 0.550200167494 0.942142420993
561 560 144 37 44.0 0.3085 0.3917 0.673092342046 0.690730455005 0.849866755186
562 2116203 401 523495 634791.0 0.026 0.0211 1.12153157225 1.18983244872 0.672514602038
563 7890 255 3273 2540.0 0.0202 0.0303 1.16751452652 1.10378246571 0.952166899732
564 12442 268 2849 4131.0 0.0289 0.0271 0.995961584228 1.1191684825 0.928687869416
565 1742165 336 330514 453842.0 0.0455 0.0315 1.00370868329 1.12902017823 0.433850071273
566 2316812 572 546461 630440.0 0.0212 0.0176 1.2131112772 1.25147025754 0.603589872349
567 2587057 546 1004387 1236002.0 0.0088 0.0071 1.23890597098 1.32040959827 0.973097558429
568 1316933 519 204568 340281.0 0.0319 0.021 1.02945752575 1.22208202116 0.604983273818
569 1275579 393 154027 305906.0 0.0438 0.031 0.946129773694 1.14917715682 0.601763045448
570 7878 338 1717 1751.0 0.0389 0.0422 1.07283881341 1.10330543278 0.969353263806
571 119064 913 26443 34463.0 0.0121 0.0102 1.25127873332 1.36258818936 0.985364211578
572 2643603 420 765478 796627.0 0.0211 0.0201 1.19615756187 1.20050832302 0.622569626905
573 845 197 107 78.0 0.1591 0.264 0.911959112441 0.802551922001 0.883474253881
574 3419284 400 740811 977623.0 0.0312 0.0229 1.07790982734 1.18178566846 0.60943039395
575 2350114 440 528143 759454.0 0.0243 0.0171 1.08294770763 1.22111759708 0.632965276742
576 2820 17 1213 1493.0 0.1748 0.1808 0.525581224625 0.611898366417 0.896722505566
577 8342 95 3591 3162.0 0.0483 0.0589 0.953192409653 0.920779868491 0.971991797014
578 2252744 493 1056146 955340.0 0.0086 0.0096 1.32452837106 1.28355601133 0.900608236646
579 3336679 449 575228 1195182.0 0.0196 0.0141 1.02027001498 1.24048599774 0.65244161504
580 1954 22 462 642.0 0.3114 0.2865 0.435072924302 0.585335515362 0.898391711926
581 1350 160 292 267.0 0.0751 0.1087 0.920871377681 0.9185359685 0.957904409476
582 3155 438 335 259.0 0.1041 0.1488 1.04463671279 0.957101390597 0.949886447692
583 18001 245 8550 7326.0 0.0162 0.0209 1.16152841181 1.13001129712 0.79975564068
584 5032 344 2074 1162.0 0.0165 0.0404 1.27013506318 1.11390804663 0.952837242559
585 3288696 429 527534 795115.0 0.0419 0.0281 1.0065368205 1.16965046643 0.423115152418
586 6260 239 2685 1931.0 0.0207 0.0349 1.16608070698 1.0833386492 0.866628987884
587 5859 305 409 797.0 0.1054 0.0964 0.788050844852 0.985953167301 0.957357043598
588 2560147 661 453452 684557.0 0.0216 0.0157 1.13998286221 1.28019588861 0.711367173133
589 1852916 445 407162 510706.0 0.0263 0.022 1.12879427261 1.19902256098 0.633680225391
590 3938 122 1653 1505.0 0.0386 0.0468 0.98881977165 0.974505148817 0.977666729304
591 1008 229 212 113.0 0.0776 0.1872 1.10075261484 0.880677685524 0.895166623396
592 2750908 441 402836 724370.0 0.0361 0.0239 1.00035302464 1.1897334114 0.394489922473
593 2505190 400 592081 713219.0 0.0274 0.0231 1.11785108743 1.18111056857 0.585279552404
594 19143 97 13309 12430.0 0.0207 0.0231 1.01403229121 0.997201156552 0.971123846855
595 2500396 487 759303 1039773.0 0.0137 0.0101 1.16069458643 1.27836169859 0.878434778699
596 214 12 69 93.0 0.3462 0.3454 0.361503128175 0.498174643119 0.842426551233
597 1528475 400 249171 368441.0 0.0412 0.0302 1.006213853 1.15389278285 0.548669016018
598 737 222 71 50.0 0.2211 0.3479 0.88745914162 0.756394872952 0.796681761659
599 6132 312 2357 1430.0 0.0205 0.0427 1.24069048154 1.09419198984 0.951548582549
600 941 38 654 590.0 0.0528 0.0653 0.824410577051 0.802394323527 0.974959840646
601 381091 317 68587 86004.0 0.0544 0.0418 1.0095263287 1.09184384932 0.680581384258
602 1898645 323 309941 486720.0 0.0449 0.0336 0.986846720653 1.11779730291 0.436323121475
603 4136 170 1263 1314.0 0.0376 0.0463 0.983860200486 1.01554305476 0.958669771367
604 2765066 581 408372 635966.0 0.0304 0.0228 1.10976814218 1.2276318733 0.452141822835
605 3232980 367 1350177 1156367.0 0.0144 0.0172 1.25871953543 1.19723048673 0.733361648068
606 919 162 153 132.0 0.1195 0.1743 0.899621874072 0.855978452341 0.900850556462
607 2158634 327 294820 491285.0 0.0615 0.0401 0.894053488937 1.10009587178 0.339663226194
608 1076557 222 905938 896982.0 0.0063 0.0064 1.19194218563 1.19021569943 0.748900296488
609 524 146 52 45.0 0.2355 0.3619 0.796157644891 0.717225066153 0.846804741717
610 6434 390 2782 1565.0 0.0133 0.0328 1.29838376412 1.15006448123 0.93420336178
611 7431 278 1877 1559.0 0.0447 0.0551 1.12760099293 1.05010040002 0.981171971994
612 1954736 455 458629 566076.0 0.024 0.0198 1.13392454655 1.21161271988 0.615350265915
613 3421 23 1104 1236.0 0.2613 0.2404 0.547215509261 0.612866537397 0.867783584247
614 2734827 467 1187942 1025821.0 0.0103 0.0125 1.30290762483 1.25538664114 0.852662424724
615 2488228 596 197228 505492.0 0.0446 0.0271 0.915433786233 1.21203279384 0.382708084333
616 2261399 384 276992 555712.0 0.0438 0.0304 0.933817211667 1.14824881459 0.530272648076
617 2407679 444 642455 623393.0 0.0256 0.0244 1.22939687398 1.18846518438 0.51951499309
618 5543 290 2232 1498.0 0.0195 0.0364 1.2094743075 1.10331172366 0.940398390996
619 838 206 113 91.0 0.1122 0.2155 0.938815469992 0.851077666794 0.853959195211
620 3403221 439 899486 966809.0 0.0226 0.0212 1.18278243198 1.20087141848 0.596076168243
621 6169 72 4789 4212.0 0.0228 0.0287 0.964004897133 0.94195210329 0.84871636649
622 5766 170 1938 1650.0 0.0439 0.0538 1.05844034375 0.99816981912 0.984729387177
623 13020 245 3336 3653.0 0.0398 0.0387 1.03213810317 1.07318869968 0.983438989856
625 2644120 363 867085 791949.0 0.0221 0.0233 1.22082263576 1.16817281636 0.600552248424
626 350651 715 91313 98245.0 0.0147 0.0135 1.27678306035 1.30450761978 0.985801369409
627 6346 129 3177 2548.0 0.0291 0.0403 1.05641388694 0.993436746873 0.952976375344
628 2072800 378 417477 732553.0 0.0234 0.0171 1.03287413029 1.20178879938 0.693011073793
629 2616584 498 495529 686044.0 0.0303 0.0214 1.09127886702 1.21544846776 0.562721048713
630 6216 409 2724 1608.0 0.0122 0.0286 1.30215604996 1.17065580099 0.91956337861
631 2368963 586 276589 538982.0 0.0378 0.023 0.980645696145 1.22769537286 0.478612987781
632 2863718 468 380669 637248.0 0.0454 0.0295 0.981418899335 1.17458390502 0.329443746126
633 3219922 406 393458 788623.0 0.0461 0.029 0.912240146005 1.1598142131 0.207062119467
634 2631736 326 814638 882382.0 0.0245 0.0215 1.14356480484 1.16241914587 0.657818707595
635 5907 163 2530 2750.0 0.0215 0.0254 1.00106651707 1.06317291548 0.939839435121
636 1315875 634 228390 289125.0 0.0306 0.0225 1.16464663641 1.23913665587 0.534056267823
637 2049079 591 613364 572860.0 0.0162 0.0163 1.31528075364 1.26278192525 0.729417759184
638 2759270 549 295602 585241.0 0.0452 0.0273 0.936077916368 1.2013958782 0.493929665295
639 6040 116 2363 2997.0 0.0306 0.0314 0.897892654477 1.00109537393 0.892339849223
640 12274 201 4426 5280.0 0.0212 0.0232 1.02584514671 1.09613090347 0.973277236958
641 8055 331 2052 1978.0 0.032 0.0368 1.11243048772 1.11583766693 0.979443050755
642 14094 294 3535 3546.0 0.0386 0.0387 1.09516048475 1.09434134354 0.981458684838
643 1576356 362 542270 764030.0 0.014 0.0104 1.10845713323 1.23542162378 0.810891405535
644 3837852 743 546068 975031.0 0.0235 0.0153 1.10035899355 1.29768621861 0.584165425969
645 8433 108 1254 2554.0 0.0898 0.0744 0.690654858523 0.911308671121 0.862260281471
646 2305308 356 539804 648254.0 0.0337 0.0264 1.09518455001 1.15399149713 0.605185141437
647 2617684 437 778277 770782.0 0.0211 0.0201 1.23132255634 1.20548511466 0.585308523577
648 212739 915 23743 38603.0 0.0308 0.0216 1.08104438966 1.28751332286 0.96355626928
649 2535 238 561 513.0 0.0533 0.0716 1.01481573188 1.00964395954 0.970176844475
650 1532 10 670 774.0 0.3246 0.3206 0.402986371277 0.48421065567 0.934411095207
651 7111 414 1963 1377.0 0.0267 0.0439 1.2384461414 1.12311331056 0.955101065728
652 66325 554 9629 13560.0 0.0352 0.029 1.05172844041 1.19701595483 0.979488535204
653 2553253 429 284257 600588.0 0.0474 0.0294 0.911477100499 1.16501990191 0.316627579186
654 1114 269 118 79.0 0.1511 0.2783 0.980452661948 0.811854511681 0.889932437575
655 38296 468 6904 7495.0 0.0399 0.0365 1.11893203932 1.15195982308 0.983035752736
656 5462 197 2828 2392.0 0.0163 0.0236 1.10600949278 1.09449450532 0.80820518572
658 2427268 410 628668 718790.0 0.0227 0.0211 1.15169680614 1.19261590553 0.694404035322
659 1475 275 287 186.0 0.0668 0.1337 1.08216733603 0.947264137499 0.919073092611
660 5580 118 2366 1954.0 0.0424 0.0549 1.01808880358 0.953892581643 0.9923011813
661 1085887 1326 338481 424175.0 0.0046 0.0042 1.39258002159 1.48464380171 0.933253929656
662 2186204 628 546588 861878.0 0.0113 0.0086 1.18636349216 1.32544545356 0.818432340385
663 2726184 561 440727 765247.0 0.0241 0.017 1.0891356538 1.25210354799 0.658140453971
664 1643439 510 460030 566927.0 0.0167 0.0133 1.18712609387 1.26236813844 0.811687273889
665 9452 231 4474 3948.0 0.017 0.0215 1.14357018512 1.12125243556 0.962442896204
666 1335 11 775 812.0 0.226 0.2212 0.509100155931 0.537133507109 0.964075964109
667 5094 145 2277 2120.0 0.0275 0.0343 1.01034909287 1.02319445928 0.861766598826
668 2960041 414 266667 691670.0 0.05 0.0307 0.852828084304 1.15612048928 0.258797613679
669 3464639 536 680067 938689.0 0.022 0.0189 1.14963921571 1.23666015566 0.623604854993
670 374 73 120 86.0 0.1055 0.1894 0.878390933265 0.77607755546 0.902170492804
671 421862 479 38500 84940.0 0.0522 0.0338 0.902335323769 1.1621912732 0.67420550337
672 3094 50 1113 1074.0 0.1195 0.1254 0.78750471199 0.771856432332 0.964105361327
673 581 10 302 277.0 0.3182 0.3521 0.512739761291 0.473577175284 0.884445824547
674 2589299 362 416935 689218.0 0.0409 0.0283 0.983819197443 1.14870528902 0.457541027916
675 2275839 584 417405 707363.0 0.0203 0.0138 1.08496369364 1.27628088521 0.709898135755
676 2498006 774 350376 575800.0 0.0272 0.0172 1.10304000282 1.29101740713 0.479800084363
677 55219 908 10454 9238.0 0.0215 0.0251 1.3137019877 1.27129266833 0.988454727773
678 2636270 371 559744 773808.0 0.0319 0.0236 1.0462781293 1.16969855531 0.606496194595
679 3245 183 1347 1080.0 0.0269 0.0409 1.08402044102 1.03846791206 0.933875217296
680 10829 151 4809 4627.0 0.0287 0.031 1.04172787291 1.03536119111 0.977042749455
681 39193 443 9339 10480.0 0.0251 0.0235 1.13454585767 1.19322002612 0.994674847249
682 6959 392 3349 1939.0 0.0107 0.0261 1.30148026285 1.17339105927 0.911883984744
683 27174 118 22031 19470.0 0.0128 0.016 1.06614944287 1.04748851351 0.678999186016
684 6835 225 2454 2158.0 0.0282 0.0354 1.10490551006 1.07416100151 0.947342682931
685 2763406 510 661022 1102048.0 0.0148 0.0104 1.07524813013 1.2825788999 0.775312353842
686 1981074 638 956213 1010263.0 0.0057 0.0054 1.33926962346 1.36127178507 0.967141984829
687 41454 537 12162 10374.0 0.0171 0.0217 1.26413636006 1.22434390654 0.92862553212
688 2940012 605 479412 829669.0 0.0248 0.0157 1.05767310115 1.26931078226 0.58689441797
689 3573 209 2250 1367.0 0.012 0.0288 1.18192016816 1.08775766205 0.683887015073
690 1015 142 278 204.0 0.0724 0.1208 0.99319878245 0.895789871677 0.940559995682
691 2384722 479 379745 595391.0 0.0351 0.024 1.04632316509 1.19902103005 0.513076764722
692 3082693 551 622904 872735.0 0.0196 0.0171 1.17410616227 1.24952646519 0.670496378952
693 2586595 500 389855 656161.0 0.0316 0.0225 1.0543999806 1.21097705245 0.504313915708
694 79337 745 21177 23243.0 0.0124 0.0122 1.26688433131 1.32018433707 0.97775283318
695 2192385 323 407606 614359.0 0.0384 0.0291 1.01320742729 1.1324561084 0.501290145163
696 16758 600 4428 3603.0 0.0174 0.0256 1.2706578358 1.223312011 0.967962412446
697 1970707 387 266416 449693.0 0.0463 0.034 0.982486148004 1.1373184454 0.484082654253
698 2001717 388 187858 430749.0 0.0599 0.0372 0.857506721365 1.12764310346 0.325348580612
699 5993 11 2317 2802.0 0.3581 0.327 0.3645456382 0.492996439775 0.761765448203
700 2661339 462 333826 668412.0 0.0385 0.0246 0.953154901268 1.192125377 0.511854625246
701 5910 467 2426 1411.0 0.0122 0.0291 1.32875890089 1.18626423532 0.939593679423
702 2114491 354 553275 559233.0 0.0316 0.0293 1.15951821378 1.14281550817 0.580306356493
703 1546083 326 323290 438831.0 0.0375 0.0283 1.02865798885 1.13651284766 0.643100059485
704 7105 424 3292 1933.0 0.0106 0.0253 1.31526709748 1.18667012239 0.923069041147
705 2866 250 886 526.0 0.0371 0.0782 1.16440514063 1.00195255231 0.942798392959
706 2764712 469 545677 856658.0 0.0216 0.0172 1.09201418638 1.22852865009 0.630428476317
707 1434528 609 336902 438104.0 0.0168 0.0137 1.19491537581 1.28271927752 0.764495477123
708 131712 760 32390 34236.0 0.0149 0.0145 1.2761260958 1.30622230668 0.983691318312
709 5043 159 2578 2409.0 0.0211 0.025 1.06605254652 1.06149380502 0.96291404726
710 3750216 434 1387722 1276275.0 0.0147 0.0159 1.26548513035 1.22582044073 0.731119821669
711 2118309 480 1341130 1170479.0 0.0051 0.0062 1.34299368615 1.31054540861 0.946343028813
713 8149 504 3405 1800.0 0.011 0.03 1.35089671015 1.18963693757 0.927397799495
714 2358414 436 566110 841524.0 0.019 0.0146 1.08675553111 1.23365579752 0.701901663768
715 2836986 632 426313 669264.0 0.0278 0.0202 1.10646495896 1.25029424619 0.56118565401
716 3634917 542 616836 996579.0 0.0255 0.0183 1.10261691907 1.24094740055 0.542743618526
717 62387 555 10678 15386.0 0.0267 0.0215 1.09595747716 1.22913017826 0.967580235057
718 32212 308 6783 10631.0 0.0319 0.0236 0.953915556447 1.14791204004 0.914844501709
719 2963210 393 687918 862714.0 0.029 0.0226 1.10296272201 1.1808313953 0.501440797743
720 35652 519 8975 8243.0 0.0194 0.0255 1.20858939041 1.20377196089 0.881729239113
721 1886903 466 544929 810231.0 0.0136 0.01 1.12907196476 1.27323555706 0.924206528159
723 1879679 399 302027 418646.0 0.0439 0.0343 1.03217545672 1.13979297006 0.532254124053
725 1116815 404 343694 361949.0 0.0185 0.0185 1.17363917245 1.20323004619 0.799446152741
726 6750 259 2737 2341.0 0.0205 0.0267 1.15901624763 1.11850564426 0.951670052054
727 1694997 329 790780 1005841.0 0.0086 0.008 1.14155646877 1.23942432225 0.953799185425
728 2367467 453 370822 616243.0 0.0342 0.0237 1.03524936048 1.19368945113 0.495922636787
729 2146 39 573 721.0 0.1832 0.166 0.613872023445 0.713639228528 0.950794435339
730 3173299 532 726081 955928.0 0.0205 0.0159 1.14838868017 1.25144696499 0.646397709414
731 19298 259 8229 7057.0 0.0185 0.0237 1.16235190307 1.1263942763 0.826205655472
732 2935961 349 755798 930826.0 0.0248 0.0221 1.10323896228 1.16852227524 0.622778911664
733 42075 424 12821 11445.0 0.0165 0.0238 1.18401699506 1.18647096831 0.752283370925
734 684 162 115 88.0 0.1144 0.2113 0.901719997936 0.834135234057 0.85554616476
735 2825 11 1122 1328.0 0.3463 0.3249 0.401064143218 0.493918123685 0.852145069315
736 2153340 518 428285 593833.0 0.0252 0.0189 1.12180117369 1.23203491489 0.5537173965
737 2219711 489 634671 905582.0 0.0145 0.0104 1.13203825844 1.27668402224 0.885772549151
738 41085 475 9784 7874.0 0.0291 0.0372 1.23208160254 1.15147778528 0.965217851855
739 85211 815 33736 26494.0 0.007 0.0101 1.4064710925 1.34842221493 0.870117465312
740 13330 165 6993 6105.0 0.0203 0.0252 1.09560495728 1.06351493223 0.970096948167
741 3501 28 2211 2125.0 0.0836 0.0892 0.746120187993 0.735843893557 0.965146415133
742 2732138 463 436576 643470.0 0.0372 0.0272 1.05932841045 1.18189406221 0.524156695316
743 2056039 373 448742 652164.0 0.0302 0.0207 1.03196315155 1.18285462306 0.557573114705
744 19768 419 4887 5307.0 0.0257 0.0249 1.13354894676 1.1817411396 0.985944208642
745 1647760 526 180736 350167.0 0.0477 0.0284 0.923496073735 1.192305077 0.462554988041
746 2997172 371 773019 894680.0 0.0278 0.023 1.13124668641 1.17233699936 0.503424985263
747 103365 550 19718 30771.0 0.0182 0.0158 1.10902389806 1.25684433989 0.98499894389
748 40855 300 10582 11763.0 0.0298 0.0302 1.05968094891 1.12092358183 0.93387639123
749 2430239 481 700368 912596.0 0.0152 0.0122 1.17230808827 1.26184752411 0.74959409327
750 2127950 387 322730 597720.0 0.0367 0.0244 0.97292635299 1.1718369444 0.480155907922
751 110820 505 35798 34879.0 0.0148 0.0157 1.24687146019 1.24680713807 0.986217393858
752 2345013 1406 1388230 1177559.0 0.002 0.0025 1.56657709611 1.52765602236 0.672085055387
753 5680 449 688 841.0 0.049 0.0622 1.02065319913 1.09008797574 0.97370271516
754 7253 298 2600 2489.0 0.02 0.0238 1.13354548794 1.14679149859 0.922634486642
755 21511 287 4392 4532.0 0.0532 0.0517 1.04312922869 1.05783635332 0.99019081481
756 3376985 490 701319 815408.0 0.0321 0.0248 1.16464387083 1.19844727709 0.326603424015
757 2057663 426 562672 591248.0 0.0227 0.0214 1.18859574549 1.19616598962 0.671909888793
758 18328 145 11134 10635.0 0.0175 0.019 1.07760223348 1.06682312115 0.962028340879
759 1550998 605 352115 443766.0 0.0186 0.0153 1.19822855602 1.2714285038 0.771143405688
760 19835 700 3600 2976.0 0.0298 0.0387 1.2558505217 1.19252008156 0.98650571828
761 614 100 197 147.0 0.0723 0.1327 0.923196089557 0.853870353876 0.916778633048
762 27046 152 10969 11335.0 0.0327 0.0315 1.02160700217 1.03398323862 0.977661263882
763 1203446 547 163691 265264.0 0.0387 0.0258 1.01444709948 1.20720276078 0.643008987705
764 2117529 307 428604 500946.0 0.0474 0.04 1.04859771352 1.09309406737 0.472616105622
765 4117 162 1812 1446.0 0.0285 0.0411 1.07962777959 1.02121874894 0.96307480036
766 8674 313 2104 1975.0 0.0377 0.0434 1.09538155717 1.09070709299 0.966729825639
767 1056 11 714 680.0 0.1879 0.2021 0.561912105738 0.54550229613 0.966100529464
768 1940408 359 445856 586489.0 0.0314 0.0232 1.06178345015 1.16720890663 0.641167979408
769 1996409 401 239889 513325.0 0.0439 0.0272 0.899336271251 1.16520049551 0.367689144292
770 4628 192 1272 976.0 0.0561 0.0774 1.07011901381 0.970329335645 0.971268218725
771 2811564 431 532304 854061.0 0.0293 0.0193 1.01286505503 1.20730951322 0.513255406821
772 21166 195 11542 10801.0 0.0155 0.0177 1.11786539108 1.11243853228 0.855946879892
773 4791 131 2078 1786.0 0.0359 0.0453 1.02940959558 0.985410206029 0.952475006966
774 1695629 626 296731 446883.0 0.0222 0.017 1.14800626152 1.26606891195 0.712513205917
775 2228265 375 373709 611039.0 0.0336 0.0261 1.02274937264 1.16117579169 0.595136415813
776 1726404 422 216232 386059.0 0.0495 0.0323 0.944841547168 1.15275914633 0.496551749706
777 2132050 397 328286 542035.0 0.0422 0.0279 0.983285937656 1.161155006 0.409350610747
778 3495961 471 799897 1559142.0 0.0126 0.0092 1.08481731142 1.28042637218 0.659125206078
779 5975 66 1812 2029.0 0.101 0.0993 0.78496674091 0.826712199817 0.95395423742
780 2933656 514 365797 661209.0 0.0435 0.0264 0.957435461378 1.19733365219 0.379383178984
781 7634 430 3263 1900.0 0.0122 0.0287 1.312580023 1.17514841949 0.911300514405
782 921 198 233 117.0 0.0683 0.1785 1.11351193581 0.876190771286 0.907197605093
783 3750042 501 1077921 1184703.0 0.0174 0.0156 1.22010431793 1.24565427779 0.712670435407
784 2487404 340 846175 814458.0 0.0209 0.0215 1.19064074569 1.16783377142 0.652288485335
785 2286688 638 445682 598911.0 0.0211 0.0168 1.16968708156 1.26922389476 0.694057579348
786 971014 920 173729 259633.0 0.0154 0.0114 1.18855394315 1.35234231169 0.975921606966
787 5613 328 1703 1550.0 0.0251 0.0315 1.14413140076 1.13345377363 0.950199254069
788 2905939 484 609054 1066589.0 0.0196 0.0126 1.03029124363 1.2599817898 0.477947008871
789 4178 394 1549 850.0 0.0174 0.0446 1.28619379642 1.1211475824 0.943086210058
790 7718358 4809 671069 883932.0 0.0122 0.0093 1.51109406179 1.58328637055 0.859208266523
791 3165935 356 934117 1090232.0 0.0233 0.0189 1.13492821724 1.18519181929 0.58664106534
792 5387979 508 913756 2125252.0 0.0154 0.0106 1.01149478907 1.2802545545 0.640621756074
793 2752683 697 251696 538621.0 0.0406 0.0248 0.992938716292 1.24014693739 0.391693457004
794 2051540 423 824072 1151721.0 0.0076 0.0069 1.17865168649 1.28578691866 0.953065956348
795 5260 18 1689 2192.0 0.2491 0.2452 0.505012481255 0.584635298966 0.809414999653
796 1606 294 161 145.0 0.1251 0.1906 0.923160766439 0.888268174322 0.924434898644
797 8419 176 4963 4114.0 0.0158 0.0215 1.13117407191 1.08554056239 0.909097983311
798 22176 353 4572 5033.0 0.04 0.038 1.0671036664 1.11627521757 0.974738778537
799 3128 20 1119 1511.0 0.1995 0.1786 0.517418460459 0.63245839628 0.788165838008
800 7442 399 3553 2090.0 0.0107 0.0253 1.30409579598 1.17845315245 0.911839612108
801 2213756 383 493285 552898.0 0.0334 0.0297 1.11931228403 1.15040022891 0.537887005559
802 2267631 497 614561 695915.0 0.0193 0.0165 1.20079600115 1.23957212152 0.744957386834
803 2903052 448 679473 936307.0 0.0214 0.0168 1.12640680752 1.22469596217 0.607523611961
804 3051980 409 1219802 1098349.0 0.0138 0.0153 1.26825766956 1.22122817002 0.785975435877
805 2492617 482 371826 599568.0 0.0374 0.0253 1.02604947779 1.194214768 0.563662458553
806 1436126 632 149084 296793.0 0.04 0.0249 0.98929193062 1.22797111 0.615554584491
808 2992055 416 1009052 930185.0 0.0175 0.0192 1.23644645688 1.203226934 0.625593709917
809 7488 402 3306 1836.0 0.0124 0.0311 1.30701818589 1.15793351111 0.925591793507
810 2287056 496 366562 672869.0 0.0266 0.0178 1.02087656836 1.23270237912 0.672764207602
811 3184153 422 686264 965754.0 0.0281 0.0198 1.06240507323 1.20252892993 0.522906926089
812 220232 1003 47712 61599.0 0.012 0.0098 1.27155521798 1.3779890204 0.986376278447
813 84314 415 11025 21288.0 0.0396 0.0272 0.920460948225 1.16964860382 0.920597671439
814 6783 33 2748 2953.0 0.1307 0.1299 0.680954486618 0.721994884716 0.966789887076
815 2180624 450 1525836 1476875.0 0.0044 0.0046 1.32712517145 1.31883807959 0.793629966801
816 1781816 475 263363 440621.0 0.0372 0.0246 1.00040157389 1.19561387847 0.59180374844
817 918 162 142 155.0 0.0929 0.1414 0.866989820915 0.891569021198 0.87393696664
818 3109453 454 939654 887992.0 0.0201 0.0203 1.24986506556 1.20895720379 0.653903886924
819 3019809 431 777868 839869.0 0.0249 0.0223 1.17884934205 1.19353728828 0.579802471459
820 709702 326 101240 211804.0 0.0405 0.0261 0.886625884783 1.14450353748 0.536843512737
821 4131 252 1510 1125.0 0.0256 0.0415 1.15188873748 1.07419054924 0.97074448511
822 3286029 461 962392 1050566.0 0.0181 0.0166 1.20548337648 1.22953240591 0.660644679502
823 1955938 530 483814 513469.0 0.0226 0.0201 1.2272055718 1.22919468862 0.546890301244
824 114682 655 22391 27571.0 0.0217 0.019 1.17020672271 1.26123555397 0.962646698255
825 77504 419 8185 15375.0 0.05 0.0394 0.919968533857 1.13000720938 0.988648799705
826 1309 18 724 676.0 0.164 0.1789 0.647273575405 0.620124458028 0.973224570392
827 1854390 318 445648 584084.0 0.0336 0.0244 1.04564828813 1.14758789879 0.541336425018
828 2313362 604 402769 541884.0 0.0258 0.0213 1.16658762654 1.23918744403 0.542640997542
829 2799337 362 859101 818160.0 0.0246 0.0244 1.20626520083 1.16373573763 0.520491268609
830 1736016 359 525771 518141.0 0.0246 0.0237 1.18937846684 1.16524166687 0.679339913323
831 10545 85 3316 4082.0 0.0692 0.0632 0.826181630243 0.900857665281 0.965601386658
832 5165 147 1530 1660.0 0.0479 0.0513 0.947666743385 0.986548042989 0.980909566155
833 1949 24 488 601.0 0.3265 0.2883 0.468752521978 0.592193841973 0.791832575717
834 1817989 450 494531 701463.0 0.0168 0.0124 1.11737024749 1.25140328946 0.852524254437
835 1657432 476 1117914 1088987.0 0.0044 0.0046 1.3339790953 1.32756272915 0.718236735208
836 2269293 365 431917 707578.0 0.0322 0.0217 0.986661561267 1.17558259295 0.458577825705
837 2586653 554 566896 732322.0 0.0208 0.017 1.15546664591 1.25070793191 0.679874494138
838 3527134 598 678297 1032616.0 0.0198 0.0149 1.132891807 1.27241131877 0.666734322787
839 2281640 421 203919 465631.0 0.0594 0.0374 0.872357694841 1.13615489261 0.399985870095
840 1644996 384 413896 454216.0 0.0292 0.0252 1.14639363245 1.16741304385 0.66674305302
841 2275303 432 481133 579251.0 0.0338 0.0257 1.12367462829 1.17974408685 0.547877888418
842 2865689 465 1203349 1146935.0 0.0109 0.0113 1.29183450682 1.26339386666 0.850855202974
843 5213 357 2800 1694.0 0.0095 0.0227 1.28532686572 1.17734527561 0.880711359684
844 1840 43 448 520.0 0.2155 0.1951 0.632156524599 0.702887865904 0.922213482999
845 2852329 478 709472 931817.0 0.0198 0.0155 1.14936630496 1.24052449472 0.654728033311
846 2631736 326 814638 882382.0 0.0245 0.0215 1.14356480484 1.16241914587 0.657818707595
847 3362293 426 853256 1068900.0 0.0232 0.0181 1.13040993385 1.21171661907 0.57265249204
848 2969120 466 538327 778289.0 0.0338 0.0228 1.06242517839 1.20097358935 0.358819975538
849 2390146 500 542120 743205.0 0.022 0.0161 1.12663057709 1.24284774991 0.621170968962
850 2314482 353 432134 719157.0 0.0306 0.0226 1.0212455321 1.16787196512 0.516454898474
851 1542600 746 132384 304502.0 0.0371 0.0229 0.988679419684 1.25675366799 0.614341450043
852 1896214 369 308878 497929.0 0.0385 0.0284 1.00815770665 1.15062593548 0.594232834066
853 4085768 868 345661 837782.0 0.033 0.0186 0.985641717028 1.29687571631 0.384508006517
854 795 16 327 348.0 0.2693 0.2588 0.529750463888 0.567152907347 0.857233269046
855 2996 21 790 1035.0 0.3107 0.2779 0.442825629672 0.584394091345 0.848771208139
856 2117148 585 291022 469159.0 0.0374 0.024 1.04529202769 1.22287705303 0.494104991209
857 1585734 285 213686 385857.0 0.0611 0.0411 0.863817622606 1.08181927748 0.498345650829
858 2529496 335 652174 872359.0 0.0264 0.02 1.06011141456 1.17243657267 0.645572208075
859 3161936 509 520609 842692.0 0.0298 0.0204 1.03454064031 1.22281667724 0.537847257259
860 1985881 469 362068 488452.0 0.0359 0.0251 1.07210500952 1.19195370111 0.558434798039
861 930 278 91 48.0 0.2139 0.3848 1.03011447226 0.740933329679 0.829958337986
862 5221 29 1997 2788.0 0.1109 0.1063 0.612852272102 0.725768714107 0.877233657556
863 1944213 349 1087226 1150793.0 0.008 0.0076 1.22560777035 1.25147231427 0.951717613442
864 2683441 437 571167 807723.0 0.0251 0.0193 1.09713026712 1.20888396154 0.545596677744
865 1710435 341 351397 449766.0 0.0362 0.0306 1.06564822935 1.13376710619 0.55134643431
866 8465 407 2390 1926.0 0.0235 0.0344 1.19870485706 1.14783836616 0.947044990394
867 10452 46 6071 5750.0 0.0593 0.0643 0.837858034753 0.824795695129 0.934364626117
868 1065 136 298 256.0 0.0611 0.0963 0.938080950625 0.920179375505 0.938756037561
869 4936 22 1876 2116.0 0.2192 0.1953 0.573377466382 0.633410447921 0.713407774909
870 2100520 458 584728 625475.0 0.0205 0.0188 1.20388029338 1.21734456443 0.718162452552
871 2181306 446 529712 555514.0 0.0282 0.0249 1.19145516093 1.18673720381 0.538177666833
872 1712430 336 378989 608035.0 0.0254 0.019 1.03483834974 1.17735955959 0.77226908076
873 3353 19 1073 1361.0 0.2747 0.2426 0.479175500845 0.591920484659 0.766466039968
874 38708 551 12066 8557.0 0.0162 0.0259 1.31574766163 1.20932489107 0.926199709342
875 2107289 588 529333 794594.0 0.0125 0.0099 1.18927545502 1.30534343057 0.841678161211
876 2584197 338 335761 721327.0 0.0406 0.028 0.910320760732 1.14160993268 0.366444255431
877 1948977 549 504434 567717.0 0.0193 0.0164 1.2203964803 1.25312906976 0.711179055649
878 6824 141 1771 2250.0 0.0547 0.0509 0.887977579533 0.98180816156 0.96549241604
879 842341 299 135344 211713.0 0.0532 0.0373 0.938712712617 1.09774750598 0.50157836338
880 2455183 380 618143 719307.0 0.0287 0.0232 1.13147627618 1.1745673711 0.525109099179
881 36 17 7 7.0 0.5606 0.7399 0.472919153082 0.348999402074 0.487978049003
882 2029816 622 595556 779171.0 0.0102 0.0091 1.20487547357 1.3198028688 0.950780229391
884 37311 340 10178 11486.0 0.0261 0.024 1.09718195641 1.15838511361 0.971476064767
885 2576429 492 572735 662022.0 0.0273 0.0223 1.16775752822 1.2095506801 0.61010987496
886 3538521 455 773695 1151730.0 0.0208 0.0163 1.12028105134 1.22938524806 0.625999965235
887 4686 106 1776 1382.0 0.058 0.0797 0.98967871185 0.902744414545 0.968809536618
888 2261973 329 380816 697014.0 0.0359 0.0245 0.952550589951 1.15147889832 0.425279905668
889 2882 24 701 1064.0 0.2569 0.2245 0.447598495736 0.626223861101 0.792596825648
890 1416 299 157 125.0 0.1114 0.1974 0.963206680352 0.886816483619 0.90782467788
891 5378 48 2926 2977.0 0.0621 0.0613 0.828035404666 0.834360791924 0.965601270738
892 2257650 368 288508 583907.0 0.0454 0.0292 0.913621138743 1.14753490788 0.319588813878
893 2767739 625 393434 711759.0 0.0251 0.0177 1.08122204003 1.26182953836 0.561121451268
894 3313718 638 918783 1515007.0 0.0083 0.0066 1.18421258394 1.34798354499 0.945636763465
895 4978 79 789 1335.0 0.1387 0.1199 0.652435939198 0.823585584842 0.949684741744
896 2336864 441 170856 481616.0 0.0576 0.0352 0.833606345533 1.14812293141 0.308570846249
897 4037 32 2033 2308.0 0.0886 0.0865 0.690965294722 0.755512369015 0.971821593549
898 200522 633 51498 59550.0 0.015 0.0138 1.22577505527 1.28688811307 0.989935693515
899 1970909 2408 583020 462578.0 0.0042 0.0056 1.63044916955 1.54443735128 0.996444251109
900 19419 177 10498 10193.0 0.0171 0.0186 1.09102677336 1.09585811879 0.892309765627
901 1692194 376 556779 511193.0 0.0211 0.0222 1.22623985681 1.17707305802 0.663049427261
902 5798 139 1350 1301.0 0.09 0.0933 0.928260458388 0.911965968982 0.980972338423
903 35419 249 13754 17294.0 0.0172 0.015 1.04940099071 1.15784331164 0.956400506938
904 1000 240 120 94.0 0.1306 0.2245 0.920412706496 0.852111838039 0.864733770688
905 2291723 500 243749 521380.0 0.0431 0.0267 0.919086804068 1.19286656406 0.448226223233
906 1912459 388 428075 539820.0 0.0316 0.0241 1.09311790636 1.17317222082 0.515609751885
907 2172223 372 365638 536128.0 0.0455 0.0312 1.00014611185 1.14207722946 0.409264094823
908 2547211 465 790182 812809.0 0.0182 0.0165 1.24181234755 1.2311047194 0.685751959398
909 678878 425 99855 150982.0 0.0461 0.0324 1.00783554982 1.15336326449 0.575195355807
910 2194805 482 336517 518789.0 0.0388 0.0261 1.02150682249 1.19129275564 0.516660808813
911 2143677 438 518565 611336.0 0.0265 0.0211 1.15031307282 1.20098312352 0.633997053639
912 2712753 586 459091 781709.0 0.021 0.0156 1.08613108823 1.26560126818 0.730234327247
913 10844 134 3884 4497.0 0.0369 0.0365 0.939501084375 1.00610701296 0.972100967326
914 2794 80 1024 823.0 0.0787 0.1045 0.917456546174 0.842956891604 0.969683340221
915 4655 350 711 662.0 0.0623 0.082 1.04176331167 1.02607789494 0.99198752319
916 1869117 401 290218 407744.0 0.0502 0.0353 1.01077562034 1.13726609858 0.494563889646
917 141900 663 31051 51388.0 0.0125 0.0095 1.13743193946 1.32550665171 0.927078507811
918 800 128 151 150.0 0.1026 0.148 0.843195099578 0.860292194304 0.903428424072
919 3022 97 365 537.0 0.2078 0.1799 0.636405768608 0.788111316941 0.894379669774
920 80 10 22 26.0 0.5861 0.6082 0.210565311933 0.394334003385 0.740347613524
921 1444910 429 266129 434856.0 0.0245 0.0197 1.06403175753 1.20487965822 0.646633864479
922 4448 135 1567 1188.0 0.0512 0.0744 1.02622418971 0.937059285898 0.95012019153
923 1186851 317 256508 376718.0 0.0342 0.0242 0.992959513107 1.14810162882 0.606573164583
924 2554 66 830 937.0 0.0945 0.0894 0.780731368548 0.839468216598 0.956053979035
925 27175 139 17055 16938.0 0.0169 0.0174 1.06337731848 1.06636731249 0.902436527896
926 5366 40 2091 2249.0 0.1261 0.115 0.732258931734 0.756233396657 0.819189986129
927 3128 35 1292 1333.0 0.1333 0.1277 0.721236489719 0.730957646725 0.868671833385
928 81207 513 22114 24206.0 0.0177 0.0169 1.19617574555 1.24197665613 0.985200459121
929 2203264 468 372599 579892.0 0.0325 0.0225 1.03478408603 1.20256192375 0.544938027316
930 834 167 139 109.0 0.1209 0.1948 0.92476511457 0.845442717774 0.894259770679
931 4500 26 1013 1430.0 0.2964 0.2572 0.464128047459 0.615867813363 0.713727951046
932 1139 45 606 547.0 0.0707 0.086 0.825585275601 0.801336936517 0.962841148552
933 12794 654 5617 3233.0 0.0076 0.0186 1.40106379653 1.26901768742 0.870414866335
934 1688814 349 147323 329322.0 0.0763 0.0478 0.8005831323 1.08662024756 0.338632701032
935 106 11 28 37.0 0.4949 0.4955 0.277474099972 0.424733432963 0.851639888267
936 3268 22 2045 1994.0 0.1063 0.1119 0.690103571167 0.686696937768 0.961599051384
937 2193914 409 331685 571789.0 0.038 0.0261 0.982329567946 1.17170804748 0.475475962407
938 17292 260 9113 7639.0 0.0128 0.0172 1.18861292657 1.15377748793 0.841801754958
939 662 245 156 49.0 0.0673 0.3139 1.18983801719 0.80191163486 0.689082205558
940 5342546 712 465107 1261577.0 0.031 0.0179 0.955915515557 1.2766076815 0.247685508806
941 72 16 15 18.0 0.5176 0.578 0.33338308392 0.443240583323 0.733353825654
942 4230 27 1073 1798.0 0.1862 0.1634 0.478819108146 0.675761308651 0.634724845308
943 5467 179 3406 2561.0 0.0141 0.0231 1.14419918621 1.0835356592 0.902625418222
944 1240763 158 553077 580885.0 0.0273 0.025 1.04962992877 1.05741503191 0.407918181922
945 785 174 107 88.0 0.1215 0.2308 0.915040563705 0.819004420162 0.896058999884
946 3158453 610 591984 918169.0 0.0198 0.0148 1.11069337903 1.27564122564 0.68955473927
947 4934 25 2462 2619.0 0.1323 0.1239 0.6689737732 0.694055090761 0.960626258558
948 3339 105 648 823.0 0.1212 0.106 0.762713100225 0.869135184392 0.931442529585
949 3887 91 2062 1584.0 0.0373 0.0554 0.994153555826 0.922901051167 0.912478665152
950 2808 43 712 948.0 0.1737 0.1504 0.624754203733 0.735264780278 0.840468292366
951 134387 1210 10060 20305.0 0.0336 0.0223 1.05258863409 1.31745726122 0.965538980002
952 2202901 494 617935 712776.0 0.0185 0.0152 1.20744552873 1.24618071236 0.715294765429
953 1191 251 360 156.0 0.0406 0.1411 1.1927548935 0.934571218532 0.91716003774
954 54143 755 15978 11127.0 0.0137 0.0215 1.3936794097 1.26635451619 0.979052675438
955 6781 31 2137 2202.0 0.2179 0.2127 0.639539157828 0.658407989928 0.985335625176
956 8818 173 4910 4311.0 0.0174 0.0218 1.11161668008 1.08200271919 0.811817598202
957 3368736 632 663218 1085077.0 0.0169 0.0121 1.1350697537 1.29857432824 0.725290928015
958 4047 220 922 841.0 0.0577 0.0707 1.00991727722 0.997338500761 0.970132812748
959 3016146 374 926389 1202308.0 0.0157 0.0141 1.11777518539 1.21656694733 0.83731527651
960 3456 26 1677 1733.0 0.1331 0.1313 0.67743449823 0.693787770823 0.955317321082
961 6953 256 3372 2391.0 0.0159 0.0273 1.20491101528 1.11482440757 0.940710985009
962 5359 45 1387 1525.0 0.1869 0.1831 0.67990365083 0.714253599522 0.970525956467
963 5442 32 2624 3064.0 0.0927 0.0885 0.676183402362 0.753457072496 0.953866278029
964 696929 461 92861 173185.0 0.0342 0.0251 1.01287538204 1.18989696335 0.701411731172
965 3226 24 718 1071.0 0.2979 0.2605 0.446918965855 0.606452119418 0.753863741289
966 1679160 373 283931 415618.0 0.0453 0.031 0.990220107516 1.14314038453 0.503790465737
967 9681 73 3566 3713.0 0.0786 0.0742 0.855190742764 0.867633652622 0.916205792007
968 4886 29 1570 2215.0 0.157 0.138 0.577984002159 0.701265741143 0.875601072451
969 5105 140 2401 1957.0 0.0288 0.0405 1.05008493535 1.003739609 0.949298013608
970 3346064 796 600576 792693.0 0.0171 0.016 1.25103143976 1.30162772417 0.546415480683
971 5301 62 1836 2082.0 0.0887 0.084 0.774808447441 0.837270791855 0.973919025899
972 4727340 756 509159 1102406.0 0.0292 0.0173 1.03004522101 1.28773909639 0.401025287453
973 3235 54 1138 1027.0 0.1202 0.1332 0.816466286666 0.772852093385 0.983587996871
974 34918 209 24511 23306.0 0.0093 0.0103 1.16350276145 1.15781672078 0.805077138401
975 8933 125 3908 3371.0 0.0376 0.0457 1.02655195663 0.977535671568 0.928518003912
976 993 262 145 65.0 0.1335 0.3135 1.120623163 0.785916189987 0.866806033717
977 1944034 507 754608 759429.0 0.0113 0.0108 1.28970055283 1.27851900003 0.918521301835
978 103683 138 28446 35615.0 0.0567 0.0477 0.894085927527 0.983766960833 0.843383503868
979 38036 137 25714 24822.0 0.0151 0.0162 1.06947450921 1.0684443866 0.722352453016
980 1784738 293 461489 521686.0 0.0347 0.0299 1.07955670729 1.11828044551 0.548729683121
981 3064 209 1154 907.0 0.0278 0.0439 1.09842381399 1.04805443847 0.939988528651
982 1518478 559 766098 710386.0 0.0066 0.0072 1.35267356534 1.32279036649 0.966238556361
983 2217749 624 382104 515918.0 0.0277 0.0209 1.14429046207 1.24519207327 0.536857619782
984 3412 358 1776 920.0 0.0101 0.0321 1.28893324675 1.14869505404 0.886056840255
985 2090701 393 401649 722742.0 0.0252 0.017 0.987247277254 1.20688031329 0.626744926756
986 9395 26 4339 5357.0 0.1168 0.1059 0.618786944995 0.71232398356 0.907780921717
987 1241 202 304 209.0 0.0593 0.1158 1.03870961098 0.938824291284 0.939473499775
988 926 218 110 84.0 0.1403 0.2485 0.936133866327 0.820948596304 0.883256411443
989 2538751 550 536053 678354.0 0.0245 0.0188 1.15109524701 1.24006783555 0.588873011216
990 2532532 682 487185 822322.0 0.0171 0.011 1.12205960413 1.31616737857 0.725498641686
991 7138 163 4163 3462.0 0.0173 0.0235 1.11164171344 1.06861367337 0.911680483232
992 7271 153 4707 3721.0 0.0153 0.0228 1.11153786771 1.06245468885 0.847908847411
993 5921 50 1964 2554.0 0.1033 0.0887 0.704681592457 0.807122574154 0.905554698008
994 8566 134 2870 2952.0 0.0503 0.0495 0.96526722723 0.978087509636 0.972436721197
995 4540 141 2208 1819.0 0.0274 0.0376 1.06051246724 1.0118399361 0.951040795209
996 14720 447 3322 3491.0 0.0285 0.0289 1.13856155444 1.17539370796 0.971456676583
997 7176 45 1942 2543.0 0.1373 0.1328 0.687534314554 0.753392391415 0.873583290345
998 872 181 70 80.0 0.2165 0.2771 0.752365475588 0.780618826863 0.873085888383
999 4285 87 1218 1369.0 0.0929 0.0847 0.8298801419 0.874624392261 0.901277621545
1000 948 162 194 173.0 0.0783 0.1273 0.912686204336 0.905893676469 0.89861604344
1001 1634344 468 411986 540180.0 0.021 0.0155 1.14106162672 1.23770406097 0.658668123608
1002 4480 135 2660 2137.0 0.0203 0.0294 1.07734107531 1.02724829942 0.882335107015
1003 3717194 958 318467 883995.0 0.0234 0.0133 1.00661490796 1.34297550012 0.578130061468
1004 2005001 619 572367 647553.0 0.014 0.0122 1.2516067522 1.29448339563 0.865131893805
1005 7592 356 1923 1959.0 0.0285 0.032 1.09842478205 1.13999258056 0.944705170161
1006 2606138 523 1327293 1377660.0 0.0066 0.0062 1.31347837132 1.32348835166 0.957782034948
1007 5451 149 1974 1876.0 0.0404 0.0455 1.00362790493 1.00031186642 0.972882908821
1008 5944 223 2244 1946.0 0.0269 0.0338 1.11870700469 1.07793565007 0.972461246968
1009 2665828 686 589245 845030.0 0.0139 0.0114 1.19012125608 1.3139405754 0.792398846852
1010 6355 87 2000 2388.0 0.074 0.0653 0.826274118805 0.901137829852 0.956164102566
1011 867615 1001 206613 253973.0 0.0099 0.009 1.29444120449 1.38426811736 0.969680598294
1012 2075082 344 216625 506333.0 0.0526 0.0342 0.853438922853 1.12313631778 0.409394043143
1013 3128 118 934 1000.0 0.0515 0.0645 0.910734713389 0.939246112775 0.98472376121
1014 940603 524 144063 220643.0 0.0346 0.0244 1.06343234048 1.20829360596 0.648600199473
1015 1246 174 218 212.0 0.0914 0.1269 0.907855234827 0.906970728065 0.935591082622
1016 1885 68 305 451.0 0.1738 0.1647 0.66330711972 0.769767109795 0.908990270908
1017 2222282 407 199756 472809.0 0.0601 0.0362 0.840265796239 1.13612433396 0.278278381165
1018 196919 695 90541 76749.0 0.0057 0.008 1.35479753148 1.34559866139 0.561192835092
1019 2417286 592 333812 618256.0 0.0302 0.0188 1.02109733869 1.2491223763 0.430734511227
1020 2109 22 469 704.0 0.3029 0.2798 0.415928088581 0.588004598562 0.828939876013
1021 2600132 616 671073 794235.0 0.0165 0.0135 1.22637859133 1.28521925389 0.827548648351
1022 7097 182 4114 3206.0 0.0158 0.0239 1.14018182613 1.08208347369 0.85385864173
1023 2152613 355 270244 508201.0 0.0553 0.035 0.889537344722 1.1243494636 0.334270362265
1024 2087 51 746 821.0 0.1001 0.1025 0.738891393175 0.796921690672 0.978540686533
1025 5791644 896 1687577 1881388.0 0.0094 0.0084 1.34196442267 1.37520191031 0.68762320665
1026 2578132 404 696540 777913.0 0.0238 0.0208 1.162461149 1.19234642135 0.608359960637
1027 6088 120 1254 1606.0 0.0894 0.0838 0.816538930232 0.909741993313 0.980637405063
1028 3977 118 1931 1688.0 0.0305 0.0407 0.997560665026 0.982932113413 0.912228875344
1029 54681 257 27776 28537.0 0.0132 0.0129 1.16030683989 1.17278537571 0.976295113833
1030 37489 407 14751 15159.0 0.0118 0.0128 1.19113238727 1.23648712835 0.734836961038
1031 2599 29 658 807.0 0.2659 0.2413 0.534361900935 0.635400860412 0.882968690218
1032 6401 59 2190 2354.0 0.1052 0.0974 0.788874172981 0.816473092469 0.931581412219
1033 2532625 465 316155 556519.0 0.0497 0.0303 0.935412952874 1.17100199504 0.333678093364
1034 1871402 380 420216 444019.0 0.0377 0.0325 1.14467873268 1.14002898334 0.460501295724
1035 892931 234 714975 680716.0 0.0066 0.0072 1.20260783595 1.19391007846 0.867673381699
1036 5937627 764 875005 1602849.0 0.0211 0.0135 1.10236744585 1.31323989731 0.56593592565
1037 135245 546 26295 40787.0 0.0184 0.0156 1.11566208805 1.25722755478 0.987233874656
1038 3300 156 1127 948.0 0.0443 0.0591 1.02727297126 0.980482696123 0.955500438561
1039 23527 184 13913 13234.0 0.0144 0.0158 1.11932497192 1.11237082525 0.915864564005
1040 2210726 509 472853 682900.0 0.0223 0.016 1.10275062308 1.2457022998 0.63816386642
1041 2444483 500 833015 1059010.0 0.0114 0.0092 1.20649863858 1.2893417641 0.817750147459
1042 5124 62 2507 2468.0 0.0588 0.0605 0.874571976852 0.867868834234 0.975459944187
1043 30182 488 4027 6275.0 0.0378 0.0321 0.98455768511 1.17195994366 0.969460007467
1044 1163 153 223 241.0 0.0671 0.1074 0.88462651489 0.918119743679 0.930893706469
1045 1944380 257 322578 514597.0 0.0573 0.0397 0.907560796167 1.07376925851 0.325584743346
1046 3177057 715 636552 786409.0 0.0203 0.0165 1.22395144883 1.28513837898 0.683224322839
1047 72526 181 11707 16478.0 0.0875 0.0702 0.862874378421 0.971337634981 0.749819250714
1048 2540507 396 530044 644385.0 0.0367 0.0281 1.09937241736 1.160224054 0.489070705371
1049 61 14 39 30.0 0.1692 0.3043 0.63068244907 0.552267737388 0.735384859189
1050 1099576 320 310206 502499.0 0.0173 0.013 1.03087516766 1.20193751212 0.766317405169
1051 2902114 372 424268 726983.0 0.0474 0.0304 0.916627432758 1.14456638617 0.358990195494
1052 5379 412 2408 1347.0 0.0117 0.0304 1.30963723098 1.16681115855 0.927836233701
1053 5991 93 1853 1727.0 0.0865 0.0926 0.901157119321 0.871132929443 0.980092264429
1054 1074 281 129 80.0 0.1342 0.259 1.008598384 0.831205567261 0.86209611927
1055 2032 306 320 236.0 0.0689 0.1311 1.03616304526 0.954355522123 0.949519401488
1056 3956 71 1540 1340.0 0.0792 0.0935 0.893716120863 0.841707941919 0.989355533139
1057 5689 229 2542 1702.0 0.0207 0.0382 1.17667273514 1.06919812067 0.896403931602
1058 1575 322 410 162.0 0.0424 0.1539 1.24276792979 0.938414095266 0.933760707711
1059 13469935 5221 1468599 2279527.0 0.006 0.0045 1.50357568082 1.66759820931 0.969278294165
1060 5304 406 2304 1341.0 0.0126 0.0303 1.30323403295 1.16531241783 0.942523605598
1061 84814 746 31746 29177.0 0.0082 0.0093 1.3678276325 1.34372147376 0.908629223457
1062 828 207 116 66.0 0.163 0.3013 1.02098552593 0.779542284938 0.871671857996
1063 1215 245 163 121.0 0.1144 0.1985 0.955811837257 0.868580682166 0.915910308669
1065 14017 683 6421 3495.0 0.0068 0.0182 1.41836735684 1.27634522121 0.871606194778
1066 1205 311 249 93.0 0.066 0.2318 1.21539378311 0.864173092048 0.878185635226
1067 873179 454 152579 237264.0 0.0289 0.022 1.05381577936 1.20108934247 0.751062637644
1068 1719232 353 246076 394312.0 0.0532 0.0368 0.959866175532 1.11812473781 0.404915868248
1069 973 241 115 74.0 0.162 0.2821 0.971557132801 0.803413080326 0.876413736051
1070 12 10 3 2.0 0.8 0.9323 0.564271430439 -0.272507995055 -1.8051633005
1071 1276649 517 254745 413707.0 0.0196 0.0145 1.10778684519 1.25619454915 0.781128449497
1072 1286 78 521 459.0 0.0649 0.0826 0.901517935933 0.870049381434 0.971343878269
1073 77482 633 13799 20519.0 0.0204 0.0168 1.1243992558 1.26925660713 0.970063911214
1074 489002 691 185877 177069.0 0.0086 0.0091 1.35098896151 1.33437490763 0.904448674391
1075 1955569 381 225690 438001.0 0.0543 0.0355 0.911784366011 1.13067195489 0.39597556511
1076 1214 253 83 91.0 0.1885 0.2672 0.816700800459 0.808873984291 0.899575011318
1077 6160 48 2392 2546.0 0.1058 0.0988 0.76944356518 0.792010441312 0.949144934861
1078 2792318 426 276080 709756.0 0.0423 0.0261 0.87742398667 1.17644443913 0.368019369672
1079 434011 444 96928 119597.0 0.028 0.022 1.13059280201 1.19850127413 0.734816117417
1080 10833 283 4252 3581.0 0.0202 0.0261 1.18221156593 1.13010748986 0.952268841721
1081 3309419 514 583095 755285.0 0.0343 0.0259 1.11124603181 1.1994538556 0.543433182272
1083 1182197 603 193830 279885.0 0.0272 0.021 1.13939836167 1.2405847407 0.667688086079
1084 85268 1060 14018 17678.0 0.0188 0.0153 1.23165489943 1.3430580149 0.98395124044
1085 6058 370 2439 1393.0 0.016 0.0376 1.28232756179 1.12890361686 0.942503894677
1086 6241 118 1337 2000.0 0.0747 0.063 0.779851638584 0.939555674922 0.938526787884
1087 29536 154 11868 13727.0 0.0294 0.0261 0.98588553103 1.05109858531 0.974887936746
1088 1934570 551 396606 565127.0 0.0208 0.0162 1.14956648374 1.25435229604 0.713838369971
1089 2612752 390 557682 728191.0 0.0306 0.0245 1.08934030028 1.17225835556 0.543383069399
1090 3449219 617 440247 1083966.0 0.02 0.0129 1.01396910925 1.2897817192 0.545258723761
1091 940 260 114 69.0 0.1378 0.2823 0.996845141528 0.809597792664 0.849360707387
1092 41753 650 17883 13241.0 0.0074 0.0123 1.36162995337 1.30237379897 0.839465608224
1093 6733547 931 553186 1018864.0 0.0422 0.0282 1.05748838083 1.25840974506 0.53649889581
1094 9993 123 7605 6872.0 0.0137 0.0167 1.06542613298 1.05185745412 0.791200555853
1095 12208 382 4984 3216.0 0.0148 0.0284 1.28029615735 1.15870826873 0.915952871394
1096 897 247 138 70.0 0.1242 0.2755 1.08917629475 0.812102343954 0.843162156901
1097 858 79 301 234.0 0.0867 0.126 0.91415305094 0.825895666103 0.980264493434
1098 980806 356 160775 231696.0 0.0481 0.0349 0.990505967947 1.12506564584 0.604354193555
1099 2557104 529 466749 661576.0 0.0284 0.0206 1.10095608375 1.22644462685 0.586068763484
1100 2496 44 1210 1227.0 0.0809 0.082 0.791836098449 0.800176686036 0.945952335522
1102 1646 60 336 487.0 0.1539 0.1367 0.639597349118 0.782724906621 0.882853858038
1103 5501151 1202 690657 1445848.0 0.0157 0.009 1.14262044025 1.40826389354 0.572646623674
1104 2805341 431 613727 628783.0 0.0359 0.0316 1.17924327606 1.15777962854 0.447364472509
1105 7937 298 2438 2347.0 0.0267 0.0302 1.12136877942 1.12380629986 0.941948551344
1106 939 224 116 69.0 0.1765 0.3069 1.00273662001 0.7794094634 0.887552296901
1107 154 37 59 44.0 0.1518 0.2654 0.762646284782 0.669536240161 0.812508520387
1108 1982791 448 452870 616518.0 0.0237 0.0179 1.10215364169 1.21919275029 0.742887871532
1109 2726854 351 457101 698908.0 0.0442 0.031 0.968448137129 1.13578041379 0.460753024259
1110 2779500 444 634382 678176.0 0.0313 0.0268 1.17710834634 1.1786728509 0.524964209196
1111 2116919 431 590078 759733.0 0.0188 0.0146 1.14197753886 1.23201887908 0.774992637791
1112 3236 31 1413 1636.0 0.1123 0.1095 0.666281545809 0.731731233682 0.968626696525
1113 6456 137 2397 2253.0 0.0439 0.0478 1.0083847318 0.984757304596 0.983156629069
1114 2183940 326 300429 470362.0 0.0662 0.0438 0.903451359967 1.08967463769 0.335507898774
1115 5752 359 2100 1365.0 0.0188 0.0369 1.24546940043 1.12769248426 0.935874840608
1116 856 120 289 208.0 0.0575 0.1076 0.975309609444 0.895304123998 0.926899592342
1117 2139531 565 557866 626852.0 0.0182 0.0158 1.227151796 1.26023517643 0.7077681057
1118 1296588 498 573597 690612.0 0.0078 0.0064 1.2367683455 1.31404467234 0.92245247657
1119 9421 452 2515 2190.0 0.0231 0.0301 1.201027418 1.17453817372 0.956938093314
1120 2678767 452 521658 643685.0 0.0347 0.027 1.11663287802 1.18001319999 0.504563860175
1121 2972561 378 819595 828970.0 0.0276 0.0252 1.18555212772 1.16560302652 0.473142754728
1122 1010 157 330 215.0 0.0488 0.104 1.03887638078 0.928699442297 0.921492770328
1123 779 150 148 131.0 0.0807 0.1539 0.919173806686 0.873002362359 0.89012663752
1124 814 180 90 83.0 0.1698 0.2506 0.851003953034 0.80626758962 0.880041403455
1125 26182 100 18651 19229.0 0.0182 0.018 0.99567729204 1.01610797107 0.911429174319
1126 4470 276 1792 1121.0 0.0207 0.0434 1.20136760871 1.08018627634 0.910265015549
1127 1688218 400 354271 405517.0 0.0363 0.0304 1.1176396388 1.15329757917 0.582052566728
1129 2010847 427 564771 858348.0 0.0133 0.011 1.10396098006 1.25391779571 0.825018258996
1130 1090 272 102 81.0 0.1669 0.2655 0.907026595795 0.825199910188 0.855375508555
1131 10650 346 2927 3297.0 0.0221 0.0241 1.08782376443 1.16302184347 0.946026407404
1132 6205 185 1875 2034.0 0.038 0.04 0.987296944744 1.03843793319 0.9641767574
1133 2324069 520 708360 1130248.0 0.0093 0.0072 1.15078739184 1.3122669753 0.940019409013
1134 1044 246 76 67.0 0.234 0.3269 0.807687673489 0.765798101487 0.876839449039
1135 2283939 486 571384 728229.0 0.0193 0.0158 1.14708442921 1.24048896391 0.72014659723
1136 3352666 444 1137038 1228361.0 0.0155 0.0137 1.2252316324 1.2413054937 0.746788572507
1137 5945 513 2158 1075.0 0.0141 0.0413 1.34812252126 1.15812185344 0.944944649774
1138 850 146 222 154.0 0.0703 0.1397 0.976960189252 0.880548282571 0.916920938228
1139 899 290 117 46.0 0.1497 0.3786 1.1423564488 0.74360311789 0.812303686624
1140 9446 418 2328 2314.0 0.0251 0.0297 1.13817146818 1.16617275436 0.952387533852
1141 3610 85 1362 1144.0 0.069 0.0878 0.92413126606 0.868311837886 0.98222702938
1142 3893033 676 827241 1515686.0 0.01 0.0082 1.15464314283 1.33952247128 0.936818090817
1143 1004 250 120 88.0 0.1285 0.2358 0.950619188651 0.844692030515 0.861659790494
1144 6663 166 2806 2268.0 0.0307 0.0415 1.08624039825 1.02122835958 0.937513329954
1145 8028 165 2512 2450.0 0.0468 0.0495 1.00656572478 1.00254116398 0.985145074902
1146 717 187 61 57.0 0.2187 0.3268 0.807107508228 0.755893312929 0.856902168448
1147 2440019 370 798606 752946.0 0.0214 0.0218 1.21775930462 1.17690516759 0.62819923073
1148 14827 404 4258 2690.0 0.0262 0.0479 1.25424870488 1.10555809504 0.933209152261
1149 1468446 422 255173 582435.0 0.018 0.0126 0.988185819996 1.24152558385 0.59016975535
1150 110190 572 29591 33524.0 0.0154 0.0147 1.20317832257 1.2685994632 0.980196686226
1151 3634452 426 638668 892007.0 0.0399 0.0276 1.04289200844 1.1706350444 0.35725701425
1152 1035 239 117 85.0 0.1593 0.2595 0.939422517016 0.819984969772 0.885356152785
1153 3293814 717 612667 965586.0 0.0171 0.0125 1.1691493362 1.31195784626 0.669667154651
1154 6907 384 2742 1672.0 0.0157 0.0333 1.28638052486 1.14575747043 0.964207367987
1155 3316 299 949 516.0 0.0361 0.0845 1.20248699475 1.00919278543 0.958707127867
1156 1301765 329 489585 580112.0 0.0161 0.0132 1.14480681683 1.20448258696 0.805990457756
1157 1702646 424 1108965 1070849.0 0.0053 0.0056 1.30704656261 1.29879548902 0.967715384287
1158 1785734 337 441544 505620.0 0.0337 0.0275 1.101979831 1.14327044015 0.673535300643
1159 2112148 409 520123 494045.0 0.0318 0.031 1.20184234287 1.15364037775 0.563672808759
1160 8003 157 2591 3010.0 0.0361 0.0371 0.955064544255 1.02480212815 0.971149254529
1161 4687 102 1941 1763.0 0.048 0.0564 0.956097792406 0.934446403358 0.870824402545
1162 1526554 438 294729 368297.0 0.0351 0.0276 1.10351298483 1.17382259048 0.572168510546
1163 1796264 414 355922 631536.0 0.0212 0.0157 1.02893701204 1.22046369417 0.655863044712
1164 6625 252 2894 2158.0 0.0188 0.0303 1.17321318931 1.10313712147 0.858285187888
1165 2279 286 540 360.0 0.0484 0.0894 1.132480351 1.00270226629 0.968033753444
1166 6266 582 1813 937.0 0.0189 0.0492 1.35486458341 1.15051180992 0.963050998981
1167 389 114 41 42.0 0.2189 0.3478 0.73374319192 0.714670650531 0.78717652339
1168 936 251 149 72.0 0.1189 0.2762 1.11145667815 0.815999978848 0.856402638308
1169 8885 18 3098 2833.0 0.3334 0.3516 0.584981397692 0.533717768424 0.852954094512
1170 9827 104 4266 3130.0 0.0475 0.0711 1.01061055131 0.911877142771 0.953394784191
1171 5682 271 1260 869.0 0.0605 0.0906 1.13619228296 0.983913436626 0.9901435725
1172 8505 483 4135 2429.0 0.0085 0.0206 1.34493174951 1.22245218441 0.87153028759
1173 20 12 4 4.0 0.6944 0.8538 0.384770186301 0.209460199754 0.212223249563
1174 2491406 338 806379 750329.0 0.0239 0.0248 1.19836356284 1.15369690375 0.587534152059
