0 20667 147 7196 10895 0.0381 0.0223 0.943440783226 1.06219259368 -2.35049950788 3.80607274075 -555.182015249 0.990301421811
2 645 185 48 74 0.2508 0.205 0.752063770494 0.892025205611 -1.58321653018 1.86103346904 -342.813563818 0.977471971727
4 32167 167 11331 14883 0.0371 0.0245 1.01123021842 1.07069576404 -0.193958239037 3.32921944238 -710.676243628 0.991127150924
7 8930 245 2453 2194 0.0224 0.0242 1.00228742404 1.13470622876 -4.79931656916 3.60591331299 -656.996263905 0.987589660685
8 6045 439 1087 777 0.0362 0.0574 1.10435700772 1.12380836602 -1.11448887355 2.33723254413 -1173.11603075 0.991982792282
10 27585 888 2476 5634 0.0465 0.0243 1.11799880118 1.28722734769 -0.339913582786 2.61208370193 -3021.79977748 0.997621832577
12 511 96 86 139 0.1563 0.1094 0.763504325828 0.898123770056 -3.46625669503 2.67015988313 -196.638496092 0.979425265431
14 701 12 365 346 0.2636 0.262 0.544134864134 0.531358720211 2.6989170168 1.78693974907 -57.4565050668 0.984577808449
17 905 274 71 100 0.221 0.1629 0.874879794289 0.975371062233 -2.29190867316 2.04838570988 -480.889238214 0.98762358504
18 27813 863 7561 2218 0.0119 0.0459 1.35935403271 1.20596784463 0.167581031225 2.22852614305 -2824.68715655 0.991443278784
21 1766 339 180 138 0.0997 0.1672 0.973997472183 0.964377656042 -0.884630071161 1.78357785518 -721.423753773 0.983183246218
24 1281 23 390 675 0.2874 0.1844 0.552724496218 0.646557473808 2.57218735915 1.9207014295 -109.926778274 0.960450343788
26 1597 191 239 410 0.0784 0.0515 0.82096020395 1.05239154994 -5.17383940813 3.19394240047 -400.21268 0.973220782834
31 10548 18 4143 5507 0.174 0.1305 0.507061284709 0.648369844187 3.65708622251 2.55003461116 -111.603332133 0.966819669625
32 79 25 14 17 0.4737 0.4368 0.458403780489 0.566699487609 -0.395440949447 1.37455880346 -47.9264070178 0.932636982214
34 2577 339 271 507 0.094 0.0586 0.92129469395 1.10369439204 -2.37332873121 2.5413964082 -788.839659792 0.984568863475
37 2263 307 460 291 0.0608 0.0978 1.14404192928 1.02624665727 -1.19817681521 2.12037626714 -727.153307535 0.995297377349
39 2260 95 193 405 0.3387 0.2056 0.55131600039 0.762464665173 2.13763183912 1.50234988875 -384.20046096 0.980700912163
40 1574 354 197 101 0.0996 0.2104 1.08147021936 0.930432493554 -0.730909061245 1.63557721602 -720.226744859 0.980971081667
44 2196 174 747 743 0.0418 0.0437 1.06517543857 1.04533092402 -3.87841653456 3.16689029792 -433.3796991 0.987670179781
45 1033 307 97 73 0.1279 0.2193 0.976328171506 0.939753586539 -1.73207223196 1.7981049098 -522.60804246 0.974735734316
50 4664 40 1854 2183 0.0916 0.0684 0.685674556021 0.805913003685 -0.0760377380879 3.15608873817 -165.361759232 0.977476502414
52 1097 311 200 50 0.0789 0.3251 1.18634342634 0.836632629109 -0.596558892181 1.38682506586 -563.018731574 0.961809022088
56 935 34 256 352 0.1912 0.157 0.598438077967 0.712241800811 1.23840862388 2.03217180787 -129.09296192 0.97266869103
57 4505 25 1308 2498 0.2247 0.148 0.552299984415 0.677994463336 3.45336768303 2.10813819133 -142.79097506 0.974105729094
58 687 90 189 196 0.0809 0.0784 0.814084226632 0.923216221549 -6.0736311884 3.34648811005 -180.732323529 0.973335982441
60 7610 75 2973 2137 0.0519 0.0434 0.804354180053 0.925351480318 -2.49937403485 3.53324559057 -255.589882301 0.943371897103
61 1293 328 183 126 0.1049 0.1496 1.1194532595 1.00145918632 -1.91595672842 2.00150134729 -612.491857598 0.997974688933
63 11495 438 2754 1700 0.0185 0.0308 1.10752758108 1.19065778122 -2.34828854707 2.85429019729 -1186.38232607 0.989924867986
67 3530 20 1230 2554 0.2158 0.1268 0.523657567423 0.66525750248 2.72837026613 2.54111147682 -108.282047897 0.964638581659
70 9421 36 1911 10724 0.1955 0.0606 0.492392581503 0.798171875364 1.40563982671 3.37595276105 -188.091203905 0.95944343855
71 1581 352 211 112 0.0709 0.1715 1.03319611847 0.984080919604 -1.58118664997 1.87534392193 -659.37223738 0.974048312679
72 1122 143 211 176 0.0992 0.1341 0.88506016138 0.900346473838 -0.80328041793 2.01730072396 -351.294835424 0.988746738672
73 6287 33 2888 4239 0.1205 0.0862 0.732839803735 0.76092120877 2.21227019209 2.73889995371 -171.047429424 0.986715932508
74 1579 211 243 353 0.0786 0.0642 0.914807269374 1.04099370243 -3.36967371824 2.75479282065 -461.251696966 0.990532893114
75 6788 24 3555 4922 0.1329 0.1168 0.691070061444 0.694871410582 3.3841385988 2.47414001328 -141.827049749 0.950998533188
76 6873 112 2662 3024 0.0543 0.0574 1.01637356642 0.946808280334 1.1535519895 2.52370972426 -473.567572111 0.975764713237
77 1130 256 116 120 0.118 0.1557 0.924383448146 0.962460927368 -1.65205259014 1.97632859929 -502.402920873 0.985221163059
78 3579 22 1682 2045 0.1709 0.1405 0.652247668329 0.668061329386 2.98740400999 2.27703240933 -119.28364603 0.971524960829
79 4126 73 1325 2091 0.0937 0.0589 0.820101521179 0.895089479203 0.173576514288 2.82267513486 -286.399261415 0.980718672723
80 1675 164 384 374 0.0603 0.0645 0.911796367224 1.00622899394 -3.25237013393 2.81864513923 -378.107530512 0.986540836468
82 4080 25 1860 1766 0.1652 0.1745 0.694440173541 0.660461073314 3.53065900158 1.90897020989 -141.1989834 0.984045078238
83 6823 61 2500 7819 0.0812 0.0361 0.772483727699 0.906553835268 -2.58814782458 4.13681418825 -247.014570928 0.989084996521
84 2869 62 1173 1530 0.0806 0.0646 0.85657065716 0.867895247022 -0.152655350671 2.86023305926 -234.431784571 0.990671754867
85 1749 229 301 514 0.0647 0.0392 0.904427717774 1.10303800272 -7.50666115896 3.63457694269 -448.374267413 0.985071236296
86 6811 60 2758 3978 0.0795 0.0634 0.826047182874 0.862130433872 1.41362498546 2.75032750663 -277.67945925 0.974613543866
87 12123 42 6202 16285 0.0745 0.0426 0.770786156583 0.841700138598 -1.41507265229 4.32045180165 -198.584958833 0.981872388333
88 1504 210 372 153 0.0538 0.1293 1.02204148388 0.960298640368 -1.66062924206 2.09867285949 -443.608144824 0.948028251857
90 5948 75 2617 2712 0.0554 0.0584 0.885277453378 0.898223685479 0.652058297588 2.76639953014 -311.350411439 0.979860493022
91 59 23 10 14 0.493 0.4353 0.471752512996 0.590521071206 -1.46037139745 1.65268543738 -37.9416547745 0.922866849467
93 2276 24 1160 1864 0.1307 0.0791 0.654547615226 0.725728374577 -1.67246128417 3.83019135205 -98.1369470294 0.958204689162
94 1335 226 206 240 0.094 0.0861 0.940285661393 1.02179350688 -2.73969524984 2.4756732615 -473.301978178 0.991727962587
96 1532 328 156 107 0.1053 0.1958 0.961808390573 0.937291944107 -0.86044217807 1.7007474032 -669.056183803 0.978562155469
97 6251 37 3078 2723 0.0871 0.0928 0.737469169292 0.76931279368 2.12147011531 2.53656209608 -182.585255484 0.975674819991
98 7070 77 2411 5412 0.073 0.037 0.814207763195 0.937925554354 -1.55795721864 3.62923350347 -302.194867255 0.99275628953
99 10267 42 6798 1939 0.0513 0.1191 0.832781657814 0.759402598265 2.69063299167 2.12655594798 -212.032122573 0.967450800776
100 2373 122 513 699 0.0995 0.0736 0.854106897692 0.940113069156 -0.367367978296 2.42133815982 -387.152522125 0.990979544948
101 134160 710 31051 11655 0.0109 0.0167 1.16787426196 1.29511969811 -0.653630064359 2.94770795892 -2558.13125767 0.980520137804
103 1177 299 135 107 0.1241 0.1678 0.992454695799 0.971382657534 -1.77556088956 1.93628878782 -554.280711909 0.987487070284
105 2440 87 481 1000 0.1561 0.0758 0.739937165542 0.894090340863 0.326469631842 2.44851613121 -314.438407916 0.971369767301
106 3185 218 1146 512 0.0289 0.0629 1.1021571626 1.03623703263 -1.93357649693 2.55479821518 -552.89574738 0.984818641887
107 5740 147 1538 1061 0.0489 0.0819 0.943965553406 0.940926141425 0.925712263742 2.15184718241 -542.784875812 0.990184795215
110 1679 17 818 983 0.1875 0.1488 0.560273046414 0.631901600387 2.00944372546 2.47433041706 -81.5078737356 0.982601273238
111 3480 13 1356 2727 0.2987 0.1832 0.444664111287 0.576695005109 3.89335376063 2.24877586485 -80.7275718241 0.955034784594
112 4583 126 478 1855 0.1804 0.0672 0.638277097676 0.944875944162 1.07666763399 2.34071893449 -502.826403347 0.980829180163
113 1820 38 560 1935 0.1394 0.0541 0.6070475823 0.816146215292 -4.9545697038 4.40225574251 -133.419787768 0.970191550757
115 1562 146 356 295 0.0629 0.0774 0.873128953266 0.973932357078 -2.73382648463 2.65565393365 -337.893009035 0.955440663478
116 1289 324 170 111 0.0918 0.1646 1.05625973482 0.985477023062 -1.8165965417 1.94182884217 -596.126314585 0.988448063563
117 2960 396 425 258 0.0611 0.1168 1.06590817869 1.02670472824 -0.808635042186 1.93867661926 -934.390070449 0.985971950898
118 3276 52 1022 1571 0.1243 0.0816 0.717060618576 0.823939835202 1.04796174832 2.56181359176 -218.135159665 0.981580278618
119 8862 549 1242 1894 0.0416 0.0306 1.08372694296 1.21904255944 -1.90675540729 2.73722688471 -1518.13348822 0.996982200671
120 6526 327 409 1168 0.1061 0.0594 0.76860055067 1.07211728019 -0.0336784169456 2.26899410951 -1045.25958083 0.97957942363
123 1341 277 132 168 0.1282 0.1226 0.905735405406 1.00247746198 -1.83933635419 2.11149824338 -565.212588799 0.99076069061
124 1244 11 921 1003 0.161 0.1544 0.573339754804 0.566882756091 1.08990437406 3.12493504764 -52.7029873187 0.953783644636
125 2284 34 1134 1947 0.1019 0.0655 0.746162483289 0.78767886058 -1.8120069862 3.69006296897 -132.027528216 0.980264909634
126 3130 51 570 2401 0.298 0.09 0.624242186225 0.810404447322 2.09449411391 2.37422910314 -243.301135414 0.916927545753
127 2468 350 373 188 0.0572 0.1475 1.06359615178 0.975813830431 -0.560894637367 1.8000376088 -817.326308164 0.97434524881
128 1541 306 218 152 0.0819 0.1431 1.0551301816 0.983932077952 -1.32980362232 1.9418371951 -636.873079334 0.984049497876
130 7850 88 888 2932 0.2508 0.1072 0.59203152359 0.848055112688 2.99935715762 1.95534891938 -456.536761863 0.968254336283
131 1189 250 147 104 0.107 0.1814 0.926370461948 0.931993242526 -1.20995784194 1.82539631727 -500.701648919 0.967589559546
132 8638 261 1300 1873 0.0445 0.0325 0.858499172717 1.1153164575 -2.24639003718 3.00239049244 -762.600714485 0.975505352625
134 42111 601 12066 5116 0.0174 0.0419 1.3256559231 1.1655915896 1.26036551076 2.27124189215 -2434.07823922 0.996162865138
135 1105 323 107 82 0.1564 0.2106 0.999259886367 0.944750642517 -1.503500917 1.77237854246 -575.844318159 0.977217507586
136 1452 309 131 135 0.1644 0.1645 0.918537051098 0.96100240429 -0.959731709491 1.81118240426 -654.821999927 0.99336490396
137 1363 260 157 224 0.0866 0.0791 0.894914654463 1.05896326292 -4.04673130097 2.68924728859 -484.329200061 0.980419942414
138 1296 332 156 81 0.125 0.2347 1.07260575644 0.911108393193 -0.858118536423 1.60788656875 -639.76850833 0.979031109352
139 4979 108 1475 1504 0.0568 0.0521 0.859797710638 0.957107416971 -0.726536776197 2.82348391756 -370.482788648 0.972647275935
140 1034 281 44 94 0.2832 0.2005 0.717309789061 0.926614908778 -1.11005950323 1.7479422307 -550.040347733 0.986231182138
142 2023 318 344 253 0.064 0.0922 1.04826616885 1.05134853957 -2.0849802845 2.26990008442 -674.956696815 0.990699237526
143 4712 75 1066 2397 0.152 0.0787 0.765020197867 0.867960956608 1.81986943116 2.34398512894 -339.911072615 0.980439455458
144 1384 217 192 164 0.0835 0.1283 0.899528078062 0.960998477329 -1.49371543821 2.07508380107 -469.596812704 0.976464578766
146 6436 53 3486 1338 0.0549 0.088 0.834585530847 0.819108574459 1.17437487086 2.44987677832 -220.790889603 0.952999733236
147 1171 135 289 198 0.0613 0.107 0.9290185032 0.929695234513 -1.81271580945 2.32345682236 -312.393830771 0.973410202685
148 6175 50 1964 6175 0.1105 0.0465 0.697528153647 0.86238256235 -0.880121149542 3.695876054 -215.315914119 0.975291567386
149 1046 289 67 99 0.2227 0.1821 0.835074258392 0.950898866833 -1.5085049095 1.85622480411 -544.544696844 0.992751797921
150 5623 57 2776 2452 0.062 0.0651 0.853179011005 0.854801387097 0.682245876306 2.81909152972 -240.676925511 0.997919363172
151 31 17 5 5 0.6979 0.7156 0.373664269592 0.399538284652 -0.34169491333 0.779163651352 -21.4588514197 0.87731801911
152 1098 284 216 82 0.0769 0.212 1.18094554196 0.923359291959 -1.28394215714 1.74386593754 -528.246098909 0.981654855992
153 232 45 53 42 0.2357 0.3112 0.700331377894 0.66728125361 -0.0220586626759 1.50327062465 -104.424001321 0.96341598854
154 3335 117 650 1890 0.1326 0.0509 0.844926437797 0.967350302966 -0.243063785803 2.74864897746 -422.376904884 0.971964043424
155 4727 33 1006 3723 0.2215 0.0949 0.514609227207 0.752882093955 2.50558709753 2.57017257208 -173.627353288 0.971584054615
157 1329 248 171 188 0.0956 0.1015 0.897947835477 1.01847681496 -2.65150389172 2.35401613265 -491.417296013 0.982497590546
160 11376 33 4098 10839 0.1361 0.0627 0.611199269854 0.783775398315 1.35853853309 3.44285000032 -173.583027563 0.981505633917
161 22372 165 7131 13065 0.0299 0.0194 0.971057051426 1.08804664854 -2.96305924631 3.96293879542 -611.951260714 0.98967122675
162 1121 204 211 88 0.0909 0.2251 1.01205408711 0.859057797577 -0.417328869365 1.60495278699 -446.55102092 0.955628639088
163 1235 262 123 139 0.1192 0.1369 0.904045002085 0.983178443497 -1.87190757851 2.07014261119 -517.571128661 0.978374373308
166 7821 358 1213 2480 0.0469 0.0269 1.00288314576 1.17293685549 -2.3168454003 3.01969394656 -1044.15583564 0.994756806809
167 1272 248 240 118 0.0657 0.1468 1.00340463532 0.973363622416 -2.11759083208 2.08399359643 -466.172593143 0.952905061647
169 1113 25 314 489 0.2959 0.1999 0.551721246383 0.646861347961 2.42840583628 1.80330713919 -113.949983848 0.980169197488
170 728 101 151 213 0.0986 0.0795 0.786616288128 0.933939753563 -4.80813992013 3.08946773076 -210.901001174 0.982782365207
172 660 16 144 242 0.4522 0.3334 0.299132109547 0.52944959196 2.89530063261 1.38337348487 -74.5537494602 0.905244709347
173 839 178 124 111 0.1024 0.1434 0.898607135349 0.940164551851 -2.3335369599 2.18364503862 -339.409187616 0.971605835191
174 435 76 95 83 0.1487 0.1826 0.781043791218 0.807811920892 -1.33485209492 2.03166440584 -166.65044112 0.961416125127
176 8069 23 3278 12439 0.213 0.0891 0.653836326196 0.709649401724 3.06727945449 3.06032179077 -140.42295159 0.900672903813
178 3965 19 1092 2318 0.2915 0.1715 0.425165963712 0.630773801076 3.70883675181 2.06857514867 -112.513434919 0.969226793646
180 6433 533 1033 1136 0.0465 0.0445 1.18107763007 1.17591858355 -1.33311561102 2.46207194508 -1444.76385669 0.992676232821
181 3613 17 1397 2104 0.2336 0.1776 0.513174870112 0.613829313865 3.66689116941 2.09060367715 -100.23628185 0.957663092065
182 4240 43 1027 2592 0.1407 0.0778 0.60520054736 0.804022399379 1.34047274446 2.73555868853 -196.242876851 0.974701176801
183 24965 357 4219 15512 0.0464 0.016 1.00277697523 1.20763876532 -1.32148536654 3.37512434753 -1340.55969886 0.993138169477
184 1242 315 147 77 0.1267 0.2509 1.06767897451 0.888281442094 -0.624320211921 1.54036046865 -623.636147374 0.988353339554
186 1354 292 102 147 0.1653 0.1485 0.884173541498 0.973003817775 -1.201904644 1.90821606882 -615.132280532 0.98753331247
187 3456 28 608 1916 0.3746 0.1625 0.391610358778 0.680739416273 3.45159794859 1.94180855738 -156.690529186 0.944264323325
188 1135 270 212 104 0.0857 0.1775 1.14873285944 0.945666226105 -1.41951849939 1.86319481398 -523.231058692 0.994037489955
190 695 158 70 80 0.2207 0.2144 0.768498841262 0.850808182028 -0.812683463764 1.72656200494 -331.567161311 0.978980849443
194 1076 235 107 130 0.1355 0.1468 0.891459775077 0.957626563912 -1.63713623477 2.01590591569 -474.420799605 0.984853683129
195 219 48 59 51 0.1803 0.2186 0.734824970668 0.744383135546 -2.00463916237 2.1449111076 -96.2513315052 0.986288585794
196 1664 14 1081 1148 0.1616 0.167 0.620194943004 0.595801793306 2.5507327876 2.41436793548 -72.3252374569 0.932648604552
197 2663 22 924 1652 0.2476 0.1512 0.557236052817 0.661207107242 2.99171102083 2.17412516779 -117.610281666 0.970656068637
198 1858 187 326 404 0.0765 0.075 0.93084120114 0.999316751585 -1.60152621818 2.43637103155 -476.699501487 0.989667475512
199 3627 505 335 406 0.1005 0.088 1.03784473788 1.091591526 -0.935062854428 2.06463965123 -1232.50471394 0.993251760547
200 1287 189 233 247 0.0846 0.0913 0.961791563968 0.987001514232 -2.10785560288 2.38730329816 -426.380428676 0.988839351129
201 1277 271 212 155 0.0894 0.1229 1.06139525605 1.00355853346 -2.16805604339 2.16415356357 -529.72704905 0.9927174564
204 128 19 20 24 0.5874 0.57 0.343450990011 0.406264501413 1.51342497687 0.841045421004 -54.1765001591 0.91133095575
206 1189 190 186 362 0.0974 0.0578 0.917404282662 1.04121502519 -4.55900975013 3.03412107591 -399.93369464 0.984712900851
207 682 179 58 67 0.2216 0.2377 0.807506027767 0.852908524037 -0.920352437353 1.66732665693 -351.456138748 0.990376573097
208 1297 287 139 124 0.1105 0.1549 0.94784697405 0.977016327005 -1.598402793 1.94975194607 -561.770725548 0.982283840076
209 3246 20 1104 1267 0.2894 0.2495 0.552133256602 0.593324485888 4.00086438554 1.59988324834 -118.016420703 0.937857565215
210 1016 243 113 116 0.1284 0.1494 0.935790345204 0.968254774446 -2.03507447992 2.06178224402 -458.955168471 0.98407102005
211 6395 80 4778 2069 0.0221 0.0381 0.984131424573 0.944785764081 -4.35658003708 3.9201651924 -253.824321753 0.985890946482
214 13208 222 4426 5849 0.0219 0.0181 1.03798373051 1.13784874344 -4.98644028661 4.00441083426 -680.862184849 0.992762807985
216 14479 316 3507 4964 0.0381 0.0245 1.10473507063 1.15893654314 -1.28100943834 3.04121557135 -1074.57373244 0.989718422875
217 1326 350 116 107 0.1161 0.1712 0.974974781047 0.99313297526 -1.82397382078 1.91647466194 -631.899466363 0.985281377246
218 2797 260 561 858 0.0569 0.038 1.01410780233 1.11113177043 -3.91218365235 3.10178234463 -624.578718423 0.994156058195
220 1332 303 198 112 0.1025 0.1836 1.11156913146 0.944191298247 -1.00894425229 1.76581218057 -616.502239113 0.992883373436
221 2019 308 287 374 0.0725 0.063 0.986978029283 1.09249132222 -3.18812892373 2.6394076597 -651.689765094 0.991168555816
222 9866 255 4464 4633 0.0168 0.0175 1.16202782991 1.16162858799 -5.75379449412 4.02362534196 -729.707681428 0.994146070181
224 526 90 120 96 0.1167 0.1606 0.826908093425 0.842626433919 -1.7348148667 2.14639491442 -192.147832607 0.972716607593
227 11199 171 4809 6102 0.027 0.0224 1.06497656906 1.08486578331 -3.31558191087 3.76886983647 -576.546269729 0.995337734764
229 27502 127 21965 4932 0.0123 0.031 1.08073790039 1.01896450206 -1.54128974664 3.39322282554 -466.066610665 0.984446434432
230 44537 581 12162 5310 0.018 0.0386 1.27286251864 1.17361876873 1.07906322593 2.3363980069 -2316.80565244 0.995354544319
233 17975 647 4428 3463 0.0183 0.0251 1.27962784612 1.25304330356 -1.3258956396 2.75604445018 -1977.70790519 0.997501027743
235 1116 186 224 163 0.0677 0.1116 0.951514924499 0.971082936327 -2.46350018842 2.33201686203 -377.939221779 0.976169450887
239 53 11 35 18 0.1987 0.2887 0.570004807896 0.555198279264 -30.6526986625 6.70571276368 -18.4725587654 0.894781392519
242 1430 329 119 157 0.1629 0.1371 0.935006578854 1.00402713283 -1.52524252547 1.98225974788 -668.463806 0.989720855813
245 13982 183 6993 8231 0.02 0.0202 1.11277894294 1.10071319949 -3.23748109077 3.82751086557 -634.624230392 0.992489010163
250 7104 508 826 1237 0.0469 0.0388 1.0269441135 1.18771886582 -1.83290279118 2.6087048694 -1344.64277997 0.987981778931
251 5354 85 789 1775 0.1459 0.0872 0.658267372025 0.871241236397 1.80389238538 2.19925272511 -372.795579577 0.982562919134
252 20820 762 3600 3385 0.0298 0.0317 1.26752415082 1.24121107157 -0.315741991268 2.48790344122 -2497.33109555 0.99783070694
253 867 113 205 197 0.0722 0.0902 0.866501349182 0.933773772576 -3.40894882488 2.73532030859 -242.591268062 0.984097003608
254 477 132 82 60 0.1514 0.2119 0.892296088635 0.864992240204 -2.07132773123 1.97366458374 -232.707149901 0.966332932687
255 4591 172 1812 1542 0.0325 0.0389 1.07826280672 1.04514821056 -2.09200276057 3.02567872487 -519.288979997 0.995582081031
256 1339 361 245 75 0.0648 0.2322 1.19275188058 0.939543458072 -1.35115399178 1.68676044317 -633.805820961 0.964378410593
258 6634 70 1812 4022 0.1007 0.0578 0.750237140023 0.889434777685 1.15969473729 2.78030101754 -314.190469724 0.980548226638
259 1027 220 233 94 0.074 0.1904 1.12101797766 0.90929837737 -1.17107670548 1.80739476449 -440.070968588 0.97626346667
261 5962 359 1700 1113 0.0258 0.0338 1.15965585406 1.16236572625 -3.42505641014 2.99732852602 -880.062740493 0.98322688489
262 5559 18 1671 3473 0.2722 0.1832 0.488397009833 0.61743455261 4.30830340968 2.00035129527 -116.073303331 0.951149446925
263 6088 145 1350 1798 0.0931 0.0686 0.927015415645 0.957767629077 1.14815482176 2.27178201987 -575.90673694 0.983745419585
264 5003 19 2238 3389 0.1463 0.1009 0.546426713047 0.675324634003 1.4669445457 3.21064794637 -96.9868145731 0.970744798815
265 26 19 4 3 0.7735 0.8435 0.531632168775 0.418836931174 -1.27823420889 0.834511078151 -15.1309819566 0.971785634566
267 9361 37 3000 3990 0.1309 0.1154 0.656742043092 0.747511011712 3.38896298203 2.19606352323 -211.468015454 0.968788777337
268 1298 198 275 239 0.0711 0.0813 0.986708530329 1.0140577929 -3.29549616867 2.6260348683 -407.751171794 0.973369669754
269 5126 282 1510 1903 0.0324 0.0269 1.13340955308 1.14540424518 -3.73785590322 3.30253480751 -760.521542112 0.991916511204
271 1413 17 724 670 0.199 0.2118 0.633356356723 0.595973211956 2.91481045161 1.87646192992 -85.8965087448 0.959046755571
272 11360 90 3316 5825 0.0745 0.0457 0.829157224523 0.940557796371 0.858498721635 2.92100475575 -399.108738705 0.988160986507
273 2866 24 976 2074 0.2412 0.136 0.598012958933 0.681606596791 2.94724110288 2.26321958234 -129.015131442 0.965677144924
274 2040 45 448 797 0.1855 0.1264 0.605080813571 0.762854033003 1.75729689724 2.09184355183 -191.282439445 0.983245551586
275 1074 212 180 165 0.1108 0.1183 1.01513282712 0.976684758623 -1.99055448661 2.19908835142 -440.69823504 0.996208905949
276 1102 15 654 629 0.1739 0.1694 0.616046758952 0.604689856847 1.87666608744 2.37734088666 -69.1044921962 0.961540696168
277 14629 167 4557 9303 0.0301 0.0202 0.974984216377 1.08777990212 -3.40971266075 3.94187406839 -589.097414962 0.994280245225
278 1091 325 91 69 0.221 0.2595 1.00847965343 0.891447986109 -0.823558892477 1.54761564935 -607.872780168 0.984896422195
279 2633 29 1984 417 0.0601 0.2093 0.781659066091 0.656231860499 2.37393879298 1.7062740672 -128.549378694 0.941217045144
280 10438 47 6071 3179 0.0578 0.0824 0.841302148888 0.808821993262 2.05239955332 2.53247830641 -229.272517494 0.982439277206
281 1726 167 351 511 0.0591 0.0467 0.881417754518 1.04015391399 -5.32475632785 3.33980407716 -370.612091803 0.98330450317
282 7242 21 3752 8488 0.1464 0.0826 0.6362794561 0.701798286492 1.41717070223 3.58420068988 -114.120626803 0.965486997037
283 4915 16 2146 8053 0.2076 0.1006 0.509943840905 0.649275952061 1.94954817586 3.54290226579 -91.9074458859 0.934691876396
284 7358 158 1771 5282 0.0559 0.0245 0.903471897584 1.06736656712 -3.03419693415 3.68702418794 -535.194259865 0.990773729959
285 53 27 10 11 0.4708 0.468 0.569506991432 0.634245469155 -3.48502419616 2.02280590601 -33.5195719856 0.970129002447
287 3316 23 701 2522 0.2824 0.1145 0.371940101061 0.691802308764 2.41440201197 2.59843625502 -119.930292428 0.933770962644
288 8507 52 5852 4209 0.0393 0.0489 0.886509681367 0.864955830968 -0.968802967883 3.5532667 -213.751950695 0.993288106812
289 23004 322 4392 5378 0.0531 0.04 1.05572970699 1.10457531073 1.14871706349 2.44511204759 -1334.78466818 0.991384879858
290 1243 290 153 137 0.1051 0.1378 1.01071767073 0.99702269772 -1.99579994733 2.07224753909 -556.283884959 0.990929998281
292 24852 375 4572 4108 0.0452 0.0434 1.05751188304 1.11287776596 1.04061820562 2.35589999625 -1492.76570115 0.989482232073
293 1298 282 120 136 0.1335 0.145 0.885328197678 0.981118989724 -1.6235626851 1.98963870145 -562.49852422 0.980288235591
294 14252 140 6006 5542 0.0316 0.0308 0.997650999179 1.03192931649 -1.02158309291 3.26840536551 -528.564285871 0.98862276029
295 2957 86 1024 671 0.0815 0.1264 0.929686836642 0.829929549264 1.59266041328 1.90399262934 -339.117869282 0.984651807216
296 3629 70 511 5967 0.1695 0.0348 0.578734683517 0.928999803992 -2.85353069086 4.03185534038 -268.919734207 0.953666564775
297 1348 158 198 343 0.0883 0.0625 0.786749855831 1.00824103096 -4.12350366378 2.98210732853 -345.53732559 0.969130223616
298 3134 97 365 1427 0.2202 0.0796 0.632115025867 0.897634505893 1.20456650678 2.27809561148 -389.712578579 0.965513287581
300 4787 147 1567 869 0.0537 0.0995 1.03737154883 0.915081198341 1.24661439376 1.98562505945 -551.979953487 0.983935131288
302 987 187 139 240 0.1381 0.0804 0.907034395728 1.00788202906 -3.38486498038 2.66127205289 -386.814637356 0.985911803051
303 4762 25 1013 5598 0.3171 0.0957 0.41659947555 0.716321195225 2.65675625627 2.82013518736 -139.749215327 0.916008888772
305 5284 21 4090 1388 0.0779 0.1495 0.710595043655 0.657150203493 2.71428548527 2.23478966915 -108.269233587 0.956294805271
306 826 290 156 47 0.0823 0.2901 1.19140852444 0.897820892943 -1.84973135483 1.69154167082 -438.597644917 0.953945079014
307 3987 16 1463 2739 0.259 0.1603 0.462839201217 0.6158538166 3.57157719563 2.3020492437 -95.2527788773 0.963986797619
308 79 22 15 31 0.4467 0.2712 0.416566138741 0.628276162656 -2.37963955508 2.27893438344 -44.0039620434 0.904462573069
309 4231 30 1992 3520 0.1108 0.0652 0.665468084135 0.769090946431 -1.15690617965 3.82059935966 -129.33040287 0.983124980289
310 2606 29 853 1581 0.1792 0.111 0.577788124026 0.724337001603 1.91722131266 2.48235945547 -137.23535326 0.983260276595
311 3507 108 648 2387 0.1269 0.0421 0.758952875493 0.974874974373 -1.19015380914 3.10801899678 -380.488648169 0.982553469853
312 2799 43 712 2843 0.1689 0.0592 0.615112696588 0.826032095261 -0.656403760137 3.40053489026 -176.388383505 0.962780299431
313 1268 289 163 122 0.1016 0.1556 1.00727966091 0.976216497548 -1.63992606141 1.95265106142 -560.474424846 0.98879815102
314 1417 290 360 125 0.0472 0.1549 1.19742735206 0.976032177193 -1.58517633667 1.9470005364 -568.21866982 0.990756160648
315 7347 33 2137 2037 0.2283 0.2273 0.632171155195 0.655168454349 4.24656927892 1.5541405927 -201.703298906 0.981419281471
316 4399 239 922 635 0.0609 0.083 1.01285008277 0.998641411478 0.0561569252224 2.1143846572 -735.595291159 0.981252711474
317 3323 30 1674 1219 0.1078 0.1198 0.707992047246 0.721908744827 1.92385258923 2.3523935788 -138.565560611 0.970415084571
318 6512 49 1882 2112 0.142 0.1416 0.722610921821 0.755154978947 3.27560609554 1.87754441926 -263.957655331 0.986953289876
319 5558 32 2624 1730 0.0965 0.1197 0.676087922489 0.728512085829 2.43753466688 2.27731006798 -158.663787071 0.951952896187
320 4157 24 1348 3648 0.2488 0.1175 0.567305595934 0.694492907261 3.05784504435 2.47709542279 -135.247940817 0.953436369354
321 12759 78 5020 16334 0.0688 0.0324 0.896452792586 0.947186531579 -0.424712272994 3.72628525617 -355.957330295 0.973569972892
322 7303 29 3140 3011 0.0994 0.0851 0.633983325853 0.74587249782 1.32461362467 2.97967703456 -138.799052359 0.969594644907
323 5253 66 1836 2389 0.0819 0.062 0.78719657025 0.877479352774 0.575088967856 2.78795797214 -272.226435525 0.981010958793
324 1088 286 145 71 0.1294 0.2548 1.08364784541 0.878976271377 -0.703131268616 1.54868067404 -555.486504859 0.972553956658
325 4565 84 1174 3886 0.0958 0.0397 0.778722330255 0.945169030513 -1.24529104208 3.39069974088 -320.092880275 0.979112390667
326 9145 28 4339 10278 0.103 0.0589 0.634988197587 0.763668613286 -0.992764427044 4.26552591368 -136.113764584 0.965595897942
327 44880 462 12821 3187 0.0171 0.0757 1.19828649716 1.05237035274 2.14156218069 1.92555007453 -2039.12177182 0.988413788127
328 1133 264 110 125 0.1557 0.1545 0.927891602813 0.965522980085 -1.52621893989 1.95226225718 -526.792442835 0.988347555837
330 15211 493 3322 3407 0.0278 0.0239 1.1617414397 1.22381656483 -1.84231326687 2.93062910348 -1487.42584836 0.991056395427
331 9972 49 3884 12917 0.1015 0.0519 0.780625891317 0.850664847557 1.56382983386 3.24599222089 -255.246238188 0.959155786961
332 1101 215 118 171 0.1644 0.1222 0.858773934948 0.969359085437 -1.63889468581 2.12463630448 -462.877823561 0.993638530843
333 4528 93 1218 9921 0.096 0.0242 0.838654263677 0.9922914936 -5.60968124638 4.69522015859 -338.183000706 0.952780623447
334 1366 183 236 403 0.0755 0.0507 0.879723943163 1.04947459133 -5.6766593007 3.29644020215 -377.986475317 0.992007238418
335 7340 84 2000 7641 0.0916 0.033 0.777853034567 0.957490781134 -1.59742013448 3.72786580678 -337.459263238 0.985609769815
337 5244 291 643 701 0.0879 0.0899 0.925060533523 1.00276539927 0.497368583665 1.99007220586 -938.805848429 0.991068716269
338 1690 201 440 317 0.0565 0.0774 1.05917984133 1.01130856763 -2.31106376545 2.50161960199 -463.589950223 0.988200590953
339 2003 73 305 1059 0.176 0.0751 0.662136959123 0.874650346341 0.2471000412 2.54756971661 -268.167507808 0.974386256975
341 3154 23 938 1843 0.2367 0.147 0.518604291242 0.66910437857 3.05176025402 2.17993036558 -124.286154507 0.964510893683
342 2756 443 186 248 0.154 0.1315 0.943010926226 1.01467069423 -0.454006767992 1.82013116664 -1072.73187959 0.996217036527
343 6495 134 1254 2345 0.0896 0.0565 0.831229969553 0.970411138123 0.794764182625 2.49027164352 -529.917453706 0.994026439507
344 43414 441 14751 2083 0.0115 0.0555 1.1551211156 1.10323901171 0.748795207323 2.18926058436 -1591.82890922 0.966161978172
345 3553 30 1316 2172 0.1626 0.11 0.644664366143 0.728615486351 2.35002635179 2.43754388113 -150.779227905 0.980347647745
346 6493 64 2190 5852 0.0993 0.0457 0.802473702059 0.89701982956 0.00906691556653 3.30780572538 -278.176739982 0.973644159802
347 5240 487 648 626 0.051 0.0639 1.05204726904 1.12702591835 -1.20834676651 2.26932157901 -1238.69084051 0.988680003716
348 5205 68 2507 7822 0.0553 0.0294 0.892883672268 0.935102007525 -6.55243721081 4.96787001108 -247.90989181 0.976294054147
349 32117 513 4027 3776 0.0391 0.0414 0.977947486117 1.15447123052 0.775815121114 2.33577203994 -1939.47317688 0.983814475618
350 1846 196 366 311 0.0582 0.0749 0.896722047824 1.01368524225 -2.6421676645 2.57522702891 -441.756467359 0.974619771718
351 88 24 39 31 0.1831 0.2189 0.69755284096 0.688045007161 -8.57939432412 3.56593172624 -39.0981375935 0.995882577617
352 39486 563 8975 3170 0.0202 0.0605 1.19409022368 1.10675442216 1.56823491683 2.05539775915 -2290.59647361 0.987618982096
353 1241 323 129 105 0.1448 0.1813 1.00941919222 0.962649325153 -1.416914465 1.83186462558 -613.828871722 0.993506066578
354 64 22 19 15 0.3435 0.4175 0.613453063312 0.583398174135 -1.43662814334 1.68483895605 -37.5620347102 0.988991029301
355 1796 365 410 119 0.0456 0.1794 1.2352329222 0.968832649828 -1.07919105995 1.76873928393 -730.817943604 0.971986069893
358 998 246 116 103 0.1558 0.1762 0.964732994347 0.937705117556 -1.39122725194 1.86974615725 -482.304435973 0.991894766424
359 1483 279 163 138 0.1156 0.1595 0.927787234297 0.953304830076 -0.966681014686 1.8398353992 -600.363926051 0.976089454797
360 37 14 17 13 0.2851 0.3381 0.588477915597 0.60044433569 -20.5962299985 5.17083759857 -18.6180523844 0.975422700922
361 1361 356 249 84 0.0715 0.2254 1.23095781043 0.92981709457 -1.03634601361 1.64977433781 -668.072207582 0.98651805706
362 1154 284 115 91 0.1723 0.2121 0.958081367496 0.913800889962 -0.884662779955 1.67766225961 -567.29284317 0.984389802506
363 30 19 4 4 0.7401 0.764 0.364123287318 0.379145683021 -0.680148251338 0.767439228423 -19.8338212024 0.858750638396
364 25890 104 18651 5359 0.0171 0.0238 1.00377209769 1.01107059963 -7.71291866811 4.82564933045 -329.815984034 0.975157196246
366 1527 302 120 144 0.1591 0.1618 0.85990984689 0.955100652088 -0.830779249433 1.80652019882 -659.948145845 0.986529621015
367 6256 48 2392 5848 0.1085 0.0548 0.766744748055 0.845092558969 0.567249924531 3.26556187252 -221.518550501 0.981993655224
370 1477 165 278 438 0.0835 0.0584 0.895407128492 1.01564709215 -3.44566944548 2.91208649491 -387.106881562 0.994890986377
371 1089 293 114 98 0.154 0.1836 0.994702103571 0.95473600648 -1.5121994603 1.84887724963 -548.818368371 0.988580534411
372 1040 281 138 96 0.1323 0.1821 1.0710667182 0.953974128177 -1.66486918784 1.88709385412 -518.468913595 0.990862263949
373 1068 93 301 340 0.105 0.0924 0.911075049799 0.89197166307 -1.0650831245 2.42573292491 -260.685207964 0.989906668512
374 1146 267 116 99 0.1867 0.2066 0.976303148941 0.905995021535 -0.672574030949 1.66358089747 -561.1520925 0.982689660666
376 3341 31 1413 1851 0.1173 0.0899 0.656108017704 0.750992808603 1.07119658813 2.83012963117 -138.844175471 0.988421569432
377 2875 436 482 246 0.0572 0.1184 1.18163709921 1.03872460138 -0.933015404613 1.9349251053 -996.669112831 0.985786439524
378 1331 180 330 183 0.0536 0.1141 0.991219813036 0.956296692646 -1.74573195332 2.21285705787 -397.682252126 0.974214521346
379 1290 179 294 166 0.0634 0.115 0.948899726819 0.959370497678 -2.09952340615 2.26398633956 -377.764924262 0.956844116222
382 1879 336 263 182 0.0908 0.1335 1.06673856449 0.999921106898 -1.1383489675 1.93624349052 -731.286573097 0.987309713822
383 1311 308 102 164 0.1506 0.117 0.852546894838 1.02716065213 -2.39549433109 2.20618173007 -587.371256275 0.990914821162
384 1310 290 94 99 0.202 0.2193 0.862336605619 0.892947963463 -0.434482439474 1.59050763446 -625.649856962 0.988743442019
385 6086 404 711 966 0.0698 0.0601 0.999263024485 1.09882421642 -0.386791437442 2.25217533118 -1199.36351821 0.996673716764
386 1215 175 243 148 0.0672 0.1339 0.945929077452 0.934059904001 -1.50849567375 2.08996046656 -380.879883449 0.954501126833
387 1102 333 117 69 0.1584 0.2514 1.08184782121 0.908917712221 -1.09042992163 1.61182646573 -599.240371192 0.982051610625
388 1153 305 149 113 0.1337 0.1644 1.10475111799 0.976926197265 -1.68150116058 1.9264958198 -575.165851 0.99067670908
391 893 221 99 72 0.167 0.2409 0.916998112743 0.861069087724 -0.745378152344 1.61126241361 -441.024125253 0.98495612684
392 16300 426 4258 1431 0.0292 0.0889 1.24922573836 1.02525001292 1.48258353303 1.88036284708 -1633.4482896 0.995450212031
393 1573 234 304 231 0.0709 0.0964 1.01126999326 1.00870720092 -2.03159632643 2.29692684877 -510.253307317 0.98892404673
394 1191 279 117 96 0.169 0.2093 0.947147458439 0.909179537526 -0.757603266725 1.66893471449 -574.463080886 0.987434911197
396 43313 693 17883 7801 0.0075 0.0206 1.37423668995 1.27284719422 -0.49911196716 2.79879309969 -2442.7422557 0.988621733434
399 14600 20 6196 7233 0.2373 0.226 0.662431459846 0.60566715796 5.55372704773 1.69961936676 -150.14897613 0.91351732341
400 46 16 16 15 0.3736 0.3764 0.569939017556 0.580962153327 -2.54387975504 2.08430955866 -27.0202141955 0.987620033995
