0 20667 147 7196 8654.0 0.0381 0.0326 0.943440783226 1.02684396512 0.965576623308
2 645 185 48 47.0 0.2508 0.3635 0.752063770494 0.733272276766 0.816661780448
4 32167 167 11331 12255.0 0.0371 0.0336 1.01123021842 1.03980197702 0.972619305323
5 90047 1109 13575 13398.0 0.0253 0.0248 1.30646049908 1.2948578779 0.995084065672
6 594 10 242 259.0 0.4111 0.3951 0.412391372866 0.456102888155 0.852917699425
7 8930 245 2453 3419.0 0.0224 0.0236 1.00228742404 1.12130623441 0.944644682447
8 6045 439 1087 1031.0 0.0362 0.0512 1.10435700772 1.11248214815 0.963704706033
9 252695 1697 51052 41211.0 0.0112 0.0143 1.4891565195 1.40763789051 0.993503224348
10 27585 888 2476 3189.0 0.0465 0.0456 1.11799880118 1.19486592954 0.987995959577
11 19188 439 2134 3140.0 0.0603 0.0515 0.957065955201 1.10445003121 0.984239755243
12 511 96 86 90.0 0.1563 0.2103 0.763504325828 0.784386828641 0.871320912417
13 97296 544 22114 27502.0 0.0203 0.0174 1.14249398215 1.24651312969 0.985724321119
14 701 12 365 352.0 0.2636 0.276 0.544134864134 0.525437463042 0.965128827194
15 192676 1044 42379 54499.0 0.0111 0.0092 1.27257480225 1.38839661579 0.984566628168
17 905 274 71 53.0 0.221 0.3479 0.874879794289 0.767971129751 0.798989706951
18 27813 863 7561 5562.0 0.0119 0.0202 1.35935403271 1.29133170724 0.889448326735
19 52723 243 19395 17984.0 0.0263 0.028 1.14150813895 1.10243263785 0.973340547784
20 24931 180 6016 9968.0 0.0386 0.0289 0.868357716099 1.06262852697 0.834234074709
21 1766 339 180 154.0 0.0997 0.1786 0.973997472183 0.913383085903 0.929210526866
22 124572 571 28966 34684.0 0.0193 0.017 1.17023691782 1.25467433701 0.982143580046
23 16334 320 3026 4126.0 0.0362 0.0354 1.01896167594 1.11331289058 0.985316152206
24 1281 23 390 421.0 0.2874 0.2773 0.552724496218 0.595088478989 0.894338515257
25 29792 273 10008 11406.0 0.0231 0.0207 1.08191493244 1.14418247525 0.975646754193
26 1597 191 239 313.0 0.0784 0.094 0.82096020395 0.955391970262 0.884856142183
27 142050 624 36286 39080.0 0.0161 0.0159 1.22815852537 1.2720920507 0.986288767348
28 128639 630 29591 37827.0 0.0161 0.0142 1.16702199931 1.28437453688 0.981805602993
31 10548 18 4143 5734.0 0.174 0.1635 0.507061284709 0.628283879931 0.888919674207
32 79 25 14 15.0 0.4737 0.5719 0.458403780489 0.487094557201 0.745213784841
33 83331 545 23582 24191.0 0.0164 0.0167 1.23231831583 1.25103137815 0.974665846384
34 2577 339 271 296.0 0.094 0.1198 0.92129469395 0.973729690245 0.937291272851
35 275547 765 62147 75390.0 0.0157 0.0132 1.23281967134 1.31558981648 0.987599318369
36 56273 261 17311 18111.0 0.0311 0.0287 1.10104371605 1.10871381914 0.964747976952
37 2263 307 460 283.0 0.0608 0.117 1.14404192928 0.970204110086 0.970132164235
38 43320 238 8866 11842.0 0.052 0.0408 0.956564446572 1.06266836252 0.907302517907
39 2260 95 193 262.0 0.3387 0.3085 0.55131600039 0.691935533121 0.921725834645
40 1574 354 197 114.0 0.0996 0.2202 1.08147021936 0.879933147245 0.915169539723
41 36397 431 4510 6889.0 0.0517 0.0416 1.00345520358 1.12770282697 0.945168877488
42 39932 714 5177 6993.0 0.0298 0.0294 1.13869510031 1.22572187371 0.99127000203
43 55912 830 15653 13561.0 0.0124 0.0151 1.36258859833 1.3145965328 0.951325728012
44 2196 174 747 575.0 0.0418 0.0639 1.06517543857 0.988378620936 0.983671225192
45 1033 307 97 70.0 0.1279 0.2787 0.976328171506 0.833185453757 0.811865190841
46 38862 270 13741 17606.0 0.0187 0.0157 1.05385285113 1.16506541265 0.95495678524
47 30114 473 6237 5670.0 0.0335 0.0386 1.17586931022 1.14733051406 0.970494062572
49 205265 978 44707 58183.0 0.0117 0.0098 1.25921196956 1.3744616764 0.987568260581
50 4664 40 1854 2405.0 0.0916 0.0825 0.685674556021 0.787261945553 0.942018794073
51 93507 789 21177 26320.0 0.0138 0.0123 1.22122253359 1.32664919473 0.975807300344
52 1097 311 200 74.0 0.0789 0.273 1.18634342634 0.832319433247 0.860756338528
53 114473 856 29683 31600.0 0.0122 0.0117 1.3069006084 1.34144423679 0.97913555043
54 32641 173 11868 14293.0 0.0299 0.0258 0.986815974629 1.0671994138 0.971179263261
55 90300 956 12140 16978.0 0.0244 0.0197 1.14785588608 1.30351572064 0.984854958323
56 935 34 256 316.0 0.1912 0.1908 0.598438077967 0.684964370563 0.956126047511
57 4505 25 1308 1695.0 0.2247 0.2102 0.552299984415 0.638373306143 0.922758564253
58 687 90 189 196.0 0.0809 0.1095 0.814084226632 0.863414700216 0.888933182043
59 26695 373 5714 6261.0 0.0379 0.0342 1.09727517693 1.13400216104 0.978955813663
60 7610 75 2973 3904.0 0.0519 0.0451 0.804354180053 0.915681892213 0.885015484684
61 1293 328 183 95.0 0.1049 0.2354 1.1194532595 0.86634338605 0.875313316733
62 45573 789 7948 8479.0 0.0234 0.0243 1.23128529818 1.25888301717 0.980848759988
63 11495 438 2754 3311.0 0.0185 0.0217 1.10752758108 1.20261006896 0.936554026808
64 97427 777 21736 25961.0 0.016 0.0136 1.23543372019 1.31492239941 0.985655770204
66 65469 483 9823 18798.0 0.0246 0.0191 0.986069960084 1.22319914917 0.97110861314
67 3530 20 1230 1592.0 0.2158 0.1983 0.523657567423 0.621312598122 0.874258634158
68 1017693 1059 248938 291901.0 0.0102 0.0089 1.32411584392 1.39355630933 0.987671072723
69 27812 216 7715 12215.0 0.024 0.0207 0.957734513803 1.11406346866 0.951529296437
70 9421 36 1911 3353.0 0.1955 0.1624 0.492392581503 0.706889962726 0.669978961569
71 1581 352 211 151.0 0.0709 0.1601 1.03319611847 0.941986217678 0.888058421342
72 1122 143 211 196.0 0.0992 0.1438 0.88506016138 0.868902965259 0.962649391254
73 6287 33 2888 2895.0 0.1205 0.119 0.732839803735 0.730785903433 0.95906752126
74 1579 211 243 266.0 0.0786 0.1082 0.914807269374 0.948272558515 0.936791905813
75 6788 24 3555 3392.0 0.1329 0.1418 0.691070061444 0.676547746366 0.956261799661
76 6873 112 2662 1967.0 0.0543 0.0786 1.01637356642 0.90938936858 0.980144240037
77 1130 256 116 103.0 0.118 0.2182 0.924383448146 0.859530239883 0.882562617279
78 3579 22 1682 1671.0 0.1709 0.1719 0.652247668329 0.647498793548 0.945184589596
79 4126 73 1325 1425.0 0.0937 0.0884 0.820101521179 0.850833900257 0.964464460864
80 1675 164 384 405.0 0.0603 0.0777 0.911796367224 0.961274903779 0.953946630902
81 24515 597 2075 4094.0 0.0489 0.0376 0.960125180581 1.17698401465 0.946630735201
82 4080 25 1860 1694.0 0.1652 0.1819 0.694440173541 0.655386263341 0.975707053364
83 6823 61 2500 3003.0 0.0812 0.071 0.772483727699 0.851437253901 0.949701853414
84 2869 62 1173 1108.0 0.0806 0.0873 0.85657065716 0.834722600402 0.989472340061
85 1749 229 301 335.0 0.0647 0.0838 0.904427717774 0.99119630123 0.890749008246
86 6811 60 2758 2734.0 0.0795 0.0836 0.826047182874 0.833922785019 0.973761437124
87 12123 42 6202 6718.0 0.0745 0.0694 0.770786156583 0.807135294792 0.96607861023
88 1504 210 372 287.0 0.0538 0.0916 1.02204148388 0.971368962595 0.892565669391
89 93953 1122 14018 18637.0 0.0198 0.0156 1.21185726011 1.34832935911 0.982489447825
90 5948 75 2617 2538.0 0.0554 0.0613 0.885277453378 0.889601352946 0.974775019038
91 59 23 10 11.0 0.493 0.6216 0.471752512996 0.461212136717 0.700827675002
93 2276 24 1160 1264.0 0.1307 0.1206 0.654547615226 0.692043010579 0.892345850221
94 1335 226 206 178.0 0.094 0.1442 0.940285661393 0.915018946723 0.921846069238
96 1532 328 156 125.0 0.1053 0.2015 0.961808390573 0.889455431302 0.903454790107
97 6251 37 3078 3259.0 0.0871 0.0873 0.737469169292 0.77273282886 0.967642034754
98 7070 77 2411 2888.0 0.073 0.064 0.814207763195 0.888474356755 0.963681147191
99 10267 42 6798 6382.0 0.0513 0.0571 0.832781657814 0.821743059627 0.718644825937
100 2373 122 513 551.0 0.0995 0.103 0.854106897692 0.890180920581 0.976661027337
101 134160 710 31051 49187.0 0.0109 0.0087 1.16787426196 1.34190894018 0.905662496785
102 26162 442 3582 5135.0 0.0446 0.0386 1.03433458668 1.13987655988 0.978776872237
103 1177 299 135 91.0 0.1241 0.238 0.992454695799 0.856458587021 0.865838076312
105 2440 87 481 555.0 0.1561 0.1417 0.739937165542 0.813600819098 0.924716794061
106 3185 218 1146 903.0 0.0289 0.0452 1.1021571626 1.04995997829 0.944693906595
107 5740 147 1538 1662.0 0.0489 0.0604 0.943965553406 0.969171010551 0.960309957002
109 9665 64 4905 5083.0 0.0515 0.0503 0.871501218222 0.886463140199 0.964260386246
110 1679 17 818 905.0 0.1875 0.1762 0.560273046414 0.614714831409 0.960147592157
111 3480 13 1356 1625.0 0.2987 0.2813 0.444664111287 0.531816779017 0.842545738934
112 4583 126 478 780.0 0.1804 0.1508 0.638277097676 0.836612958901 0.920969382958
113 1820 38 560 769.0 0.1394 0.1207 0.6070475823 0.746574250939 0.86334257675
114 23014 427 5207 6414.0 0.0248 0.0229 1.10025214284 1.19186589771 0.978809525039
115 1562 146 356 403.0 0.0629 0.0783 0.873128953266 0.947531712495 0.917705685126
116 1289 324 170 103.0 0.0918 0.2156 1.05625973482 0.881779821782 0.872918205711
117 2960 396 425 339.0 0.0611 0.1055 1.06590817869 1.00939840538 0.963342240099
118 3276 52 1022 1181.0 0.1243 0.114 0.717060618576 0.786595333555 0.963178907801
119 8862 549 1242 1338.0 0.0416 0.0494 1.08372694296 1.13894091136 0.987347000883
120 6526 327 409 860.0 0.1061 0.0945 0.76860055067 0.995034262748 0.956143261509
121 18373 50 9265 9757.0 0.0677 0.0628 0.823386270542 0.837182738842 0.840490764656
122 38305 517 6122 10320.0 0.0251 0.02 1.0476525198 1.22794472397 0.971889116365
123 1341 277 132 122.0 0.1282 0.2018 0.905735405406 0.875918892293 0.897151229845
124 1244 11 921 872.0 0.161 0.1747 0.573339754804 0.556826887541 0.962742780364
125 2284 34 1134 1149.0 0.1019 0.1012 0.746162483289 0.750095625322 0.956206115838
126 3130 51 570 586.0 0.298 0.2862 0.624242186225 0.658143082989 0.730096237209
127 2468 350 373 289.0 0.0572 0.1148 1.06359615178 0.985154190651 0.94438392558
128 1541 306 218 146.0 0.0819 0.1767 1.0551301816 0.909074821868 0.919792828545
129 142205 904 26099 36499.0 0.0161 0.0125 1.19022896798 1.34221667395 0.983149047993
130 7850 88 888 1275.0 0.2508 0.2156 0.59203152359 0.748521986935 0.880699185135
131 1189 250 147 122.0 0.107 0.1908 0.926370461948 0.882332887759 0.900217529926
132 8638 261 1300 2337.0 0.0445 0.0391 0.858499172717 1.08075262468 0.933685442776
133 60366 460 14432 16728.0 0.0242 0.0213 1.14274124057 1.20706452215 0.982552709808
134 42111 601 12066 8666.0 0.0174 0.0267 1.3256559231 1.21613563269 0.947851044028
135 1105 323 107 65.0 0.1564 0.3072 0.999259886367 0.807730816924 0.831910217928
136 1452 309 131 103.0 0.1644 0.2464 0.918537051098 0.843242844478 0.901012290102
137 1363 260 157 176.0 0.0866 0.1366 0.894914654463 0.939875263159 0.864690372114
138 1296 332 156 84.0 0.125 0.2662 1.07260575644 0.837034156149 0.879398962321
139 4979 108 1475 1840.0 0.0568 0.0549 0.859797710638 0.94373453672 0.959432624744
140 1034 281 44 54.0 0.2832 0.3715 0.717309789061 0.745854787489 0.835475931249
142 2023 318 344 262.0 0.064 0.1108 1.04826616885 0.985643948777 0.943343888118
143 4712 75 1066 1155.0 0.152 0.1434 0.765020197867 0.795853694576 0.944338096154
144 1384 217 192 201.0 0.0835 0.132 0.899528078062 0.924065752765 0.927434448588
145 31315 637 3548 6188.0 0.0352 0.0271 1.029632133 1.2219377079 0.962361773387
146 6436 53 3486 3606.0 0.0549 0.0545 0.834585530847 0.856176833283 0.889980015212
147 1171 135 289 274.0 0.0613 0.0995 0.9290185032 0.913591068907 0.943119125717
148 6175 50 1964 2562.0 0.1105 0.0944 0.697528153647 0.801118462392 0.887125989556
149 1046 289 67 60.0 0.2227 0.3341 0.835074258392 0.774724919009 0.839003109588
150 5623 57 2776 2732.0 0.062 0.0645 0.853179011005 0.851758636518 0.983972658643
151 31 17 5 5.0 0.6979 0.8208 0.373664269592 0.262021609036 0.389016291677
152 1098 284 216 89.0 0.0769 0.2357 1.18094554196 0.854484136154 0.882072973459
153 232 45 53 47.0 0.2357 0.3319 0.700331377894 0.645504458884 0.905959164913
154 3335 117 650 666.0 0.1326 0.1303 0.844926437797 0.852190867564 0.917588328432
155 4727 33 1006 1580.0 0.2215 0.1933 0.514609227207 0.677087304085 0.842623163263
156 153179 586 26295 43708.0 0.0198 0.0159 1.09307409859 1.26409368699 0.986276078844
157 1329 248 171 164.0 0.0956 0.1504 0.897947835477 0.919005396034 0.891749553609
158 351054 1357 60933 87830.0 0.0109 0.0088 1.27713897212 1.42745739708 0.984066460979
159 82650 835 17627 21935.0 0.0148 0.0128 1.22677572397 1.33001523011 0.983962283651
160 11376 33 4098 5354.0 0.1361 0.1147 0.611199269854 0.734079912098 0.848261258032
161 22372 165 7131 9392.0 0.0299 0.029 0.971057051426 1.05140044639 0.970873399757
162 1121 204 211 137.0 0.0909 0.1769 1.01205408711 0.872654087459 0.928031297024
163 1235 262 123 121.0 0.1192 0.1951 0.904045002085 0.880440415978 0.886219936903
164 227928 988 23743 41233.0 0.0287 0.0202 1.07413671652 1.30414520851 0.971168315109
165 123597 594 19718 35642.0 0.0187 0.0155 1.07697527069 1.26865283747 0.981452223741
166 7821 358 1213 1545.0 0.0469 0.048 1.00288314576 1.09467158062 0.984864970447
167 1272 248 240 178.0 0.0657 0.1287 1.00340463532 0.94648924526 0.888560341685
168 112599 564 39924 39710.0 0.011 0.0116 1.27254332011 1.28710568842 0.953156176728
169 1113 25 314 344.0 0.2959 0.2792 0.551721246383 0.601607037632 0.938067844612
170 728 101 151 173.0 0.0986 0.1297 0.786616288128 0.853420892831 0.895597255268
171 135610 816 32390 33924.0 0.0146 0.0144 1.28917324919 1.31575952609 0.982480170055
172 660 16 144 196.0 0.4522 0.4297 0.299132109547 0.490513678048 0.870835025876
173 839 178 124 112.0 0.1024 0.1827 0.898607135349 0.861736772301 0.873990411844
174 435 76 95 88.0 0.1487 0.2113 0.781043791218 0.760619753133 0.916717667769
175 126823 577 27033 34341.0 0.0211 0.0177 1.14621693095 1.25258717085 0.985032537442
176 8069 23 3278 3100.0 0.213 0.2197 0.653836326196 0.624050011773 0.699215267443
177 831973 767 130493 145851.0 0.0309 0.0269 1.21221737796 1.24192673806 0.891560140189
178 3965 19 1092 1512.0 0.2915 0.265 0.425165963712 0.580647156927 0.860789586896
179 285046 1036 107079 81848.0 0.0059 0.0091 1.44554469464 1.38893247891 0.724647775788
180 6433 533 1033 778.0 0.0465 0.0716 1.18107763007 1.08751637736 0.987821861317
181 3613 17 1397 1664.0 0.2336 0.2235 0.513174870112 0.589476801582 0.923036765962
182 4240 43 1027 1591.0 0.1407 0.1277 0.60520054736 0.753424681568 0.916421057437
183 24965 357 4219 5489.0 0.0464 0.0395 1.00277697523 1.11321218857 0.970030043101
184 1242 315 147 78.0 0.1267 0.285 1.06767897451 0.816838861056 0.881996494682
185 240706 690 51498 70092.0 0.0161 0.0131 1.1767725082 1.30262296689 0.98543179249
186 1354 292 102 98.0 0.1653 0.2529 0.884173541498 0.834873286939 0.892576046436
187 3456 28 608 867.0 0.3746 0.3275 0.391610358778 0.585564277789 0.784952225082
188 1135 270 212 99.0 0.0857 0.2217 1.14873285944 0.860104749747 0.895720585347
190 695 158 70 65.0 0.2207 0.3041 0.768498841262 0.755155509738 0.88263308601
192 140762 976 26443 39267.0 0.0128 0.0101 1.20888177362 1.37164239941 0.982550486998
194 1076 235 107 100.0 0.1355 0.2251 0.891459775077 0.843785473791 0.889006852203
195 219 48 59 50.0 0.1803 0.2766 0.734824970668 0.685253408427 0.874000948081
196 1664 14 1081 968.0 0.1616 0.1882 0.620194943004 0.584074702379 0.939483800297
197 2663 22 924 1026.0 0.2476 0.229 0.557236052817 0.614814047786 0.903628367375
198 1858 187 326 336.0 0.0765 0.1053 0.93084120114 0.935421222234 0.967750690336
199 3627 505 335 277.0 0.1005 0.145 1.03784473788 0.97318820843 0.951467082561
200 1287 189 233 198.0 0.0846 0.1366 0.961791563968 0.905091370332 0.943137848003
201 1277 271 212 132.0 0.0894 0.1778 1.06139525605 0.900446527702 0.899467911972
202 20163 112 13309 12343.0 0.0198 0.0223 1.04010780012 1.01997659608 0.972056198416
204 128 19 20 25.0 0.5874 0.609 0.343450990011 0.431541355396 0.85212826973
205 800142 1405 254166 260480.0 0.0055 0.0054 1.45833706819 1.47302250221 0.965888354405
206 1189 190 186 177.0 0.0974 0.143 0.917404282662 0.900538848344 0.908622499461
207 682 179 58 54.0 0.2216 0.3376 0.807506027767 0.743452330441 0.861773024562
208 1297 287 139 118.0 0.1105 0.1994 0.94784697405 0.884437674547 0.891177245981
209 3246 20 1104 1144.0 0.2894 0.2822 0.552133256602 0.577506107672 0.920566414166
210 1016 243 113 93.0 0.1284 0.2267 0.935790345204 0.847162180882 0.866671393693
211 6395 80 4778 4152.0 0.0221 0.0283 0.984131424573 0.95791697322 0.899052468998
212 21 10 9 7.0 0.4455 0.6898 0.543037540318 0.383320829092 0.478899193353
213 380439 783 91297 102048.0 0.0152 0.0133 1.27471927978 1.31761893227 0.985266565569
214 13208 222 4426 5354.0 0.0219 0.0233 1.03798373051 1.10868522214 0.970909198727
215 40520 385 9473 11030.0 0.0293 0.026 1.0975854173 1.16566787095 0.984697663089
216 14479 316 3507 3514.0 0.0381 0.0383 1.10473507063 1.10378151345 0.975926908498
217 1326 350 116 93.0 0.1161 0.2377 0.974974781047 0.86948958183 0.851794332486
218 2797 260 561 525.0 0.0569 0.0736 1.01410780233 1.01493306374 0.966964041259
220 1332 303 198 102.0 0.1025 0.2332 1.11156913146 0.855150636363 0.904497788901
221 2019 308 287 263.0 0.0725 0.1122 0.986978029283 0.978694534124 0.934744286382
222 9866 255 4464 3868.0 0.0168 0.0218 1.16202782991 1.13315522372 0.959685535377
223 1312 10 775 813.0 0.2406 0.2355 0.488186109084 0.518434173564 0.975343832892
224 526 90 120 108.0 0.1167 0.1787 0.826908093425 0.801463000894 0.922029893337
225 971 10 604 571.0 0.2371 0.2572 0.531356181936 0.510117375013 0.917082306953
226 57223 670 11950 12028.0 0.0187 0.0232 1.23301148472 1.24380333746 0.924540021257
227 11199 171 4809 4561.0 0.027 0.0298 1.06497656906 1.05452363775 0.979016300996
228 39892 480 9339 10373.0 0.024 0.0227 1.14932203848 1.20612081583 0.991524517285
229 27502 127 21965 19330.0 0.0123 0.0154 1.08073790039 1.06061363365 0.697255861404
230 44537 581 12162 10405.0 0.018 0.0225 1.27286251864 1.2302287598 0.935939271192
231 119228 712 22391 27005.0 0.0215 0.0193 1.18614508251 1.26977218445 0.966152726871
232 42970 499 6904 8363.0 0.0409 0.0347 1.07747635904 1.16515457408 0.980196245855
233 17975 647 4428 3612.0 0.0183 0.0266 1.27962784612 1.22832212394 0.968661973521
235 1116 186 224 190.0 0.0677 0.123 0.951514924499 0.921793333374 0.915474224438
237 63192 590 10678 15278.0 0.0257 0.0209 1.10816884338 1.23926641235 0.966724746721
238 28753 335 6842 9641.0 0.027 0.0212 1.01615401302 1.16825257544 0.958578661528
239 53 11 35 30.0 0.1987 0.3059 0.570004807896 0.525871676253 0.702709169067
241 237582 937 39676 50817.0 0.0196 0.0162 1.21207776365 1.32088850315 0.988450803145
242 1430 329 119 94.0 0.1629 0.2585 0.935006578854 0.837662092743 0.884102040931
243 44446 509 9784 7907.0 0.0311 0.0391 1.23498829663 1.15316402911 0.978460595277
244 56856 814 15978 10973.0 0.0139 0.0222 1.4065350348 1.2722220624 0.979565807087
245 13982 183 6993 6104.0 0.02 0.0247 1.11277894294 1.07853783697 0.964547275283
246 22277 454 4887 5754.0 0.0271 0.0245 1.10839265247 1.19295685064 0.981579019553
247 58757 971 10454 9283.0 0.0224 0.0258 1.31876165027 1.27592606516 0.988707447776
248 41242 324 10582 11628.0 0.0282 0.029 1.07603308015 1.1341233435 0.938548537245
249 126135 551 35798 37617.0 0.0163 0.0157 1.22834900072 1.25750514586 0.986175911032
250 7104 508 826 1053.0 0.0469 0.0551 1.0269441135 1.11820006082 0.973133328012
251 5354 85 789 1332.0 0.1459 0.1251 0.658267372025 0.825374991652 0.952483603133
252 20820 762 3600 2965.0 0.0298 0.0387 1.26752415082 1.20164326912 0.985953862825
253 867 113 205 214.0 0.0722 0.11 0.866501349182 0.885111675284 0.927000701422
254 477 132 82 56.0 0.1514 0.2832 0.892296088635 0.76893963603 0.820827685385
255 4591 172 1812 1495.0 0.0325 0.0438 1.07826280672 1.02178708105 0.975445065963
256 1339 361 245 104.0 0.0648 0.209 1.19275188058 0.901433548106 0.86410725717
257 79906 690 13497 20276.0 0.0199 0.0166 1.13452554966 1.28131249519 0.971284235637
258 6634 70 1812 2249.0 0.1007 0.0941 0.750237140023 0.838804185626 0.958192767402
259 1027 220 233 117.0 0.074 0.1869 1.12101797766 0.875311806181 0.923580397496
260 1015200 992 173729 263593.0 0.0153 0.0111 1.19526387342 1.36433964116 0.973098807829
261 5962 359 1700 1502.0 0.0258 0.0335 1.15965585406 1.13803687019 0.950344655736
262 5559 18 1671 2193.0 0.2722 0.2648 0.488397009833 0.574877862768 0.871245881758
263 6088 145 1350 1306.0 0.0931 0.096 0.927015415645 0.912598200316 0.979472724582
264 5003 19 2238 2918.0 0.1463 0.1387 0.546426713047 0.649898729597 0.88812909137
265 26 19 4 3.0 0.7735 0.8975 0.531632168775 0.0400640610637 -0.614446114016
266 89215 449 11025 21705.0 0.0397 0.0268 0.925647466864 1.18063698436 0.913642428869
267 9361 37 3000 3809.0 0.1309 0.1292 0.656742043092 0.735138685005 0.965161695403
268 1298 198 275 224.0 0.0711 0.1124 0.986708530329 0.938908593367 0.924543403744
269 5126 282 1510 1248.0 0.0324 0.0442 1.13340955308 1.07960669967 0.988208013515
270 78121 441 8184 15026.0 0.0507 0.0394 0.931977241656 1.13571499829 0.988720114923
271 1413 17 724 657.0 0.199 0.2217 0.633356356723 0.59098755278 0.948717924101
272 11360 90 3316 4075.0 0.0745 0.0675 0.829157224523 0.900836748148 0.96565984652
273 2866 24 976 1038.0 0.2412 0.231 0.598012958933 0.622561284335 0.885361297272
274 2040 45 448 615.0 0.1855 0.1706 0.605080813571 0.724775452458 0.962102103979
275 1074 212 180 120.0 0.1108 0.1947 1.01513282712 0.863299641573 0.912547988584
276 1102 15 654 620.0 0.1739 0.1862 0.616046758952 0.594194668596 0.955905939586
277 14629 167 4557 5870.0 0.0301 0.0311 0.974984216377 1.04744006471 0.986727761101
278 1091 325 91 50.0 0.221 0.3839 1.00847965343 0.744297289164 0.836091629983
279 2633 29 1984 1664.0 0.0601 0.0806 0.781659066091 0.748205146818 0.600859202502
280 10438 47 6071 5827.0 0.0578 0.0615 0.841302148888 0.831126179003 0.935751372164
281 1726 167 351 426.0 0.0591 0.074 0.881417754518 0.96865972122 0.940406351195
282 7242 21 3752 4032.0 0.1464 0.1357 0.6362794561 0.664419486395 0.875820980638
283 4915 16 2146 2608.0 0.2076 0.1906 0.509943840905 0.599216602285 0.808773606996
284 7358 158 1771 2239.0 0.0559 0.0519 0.903471897584 0.993000858745 0.970094475377
285 53 27 10 8.0 0.4708 0.6779 0.569506991432 0.423555739732 0.501240620374
286 36206 365 11020 10795.0 0.0225 0.0237 1.16841237429 1.16865009764 0.966367900654
287 3316 23 701 1154.0 0.2824 0.2534 0.371940101061 0.606066963797 0.690660173563
288 8507 52 5852 5424.0 0.0393 0.0444 0.886509681367 0.8681997404 0.954787375239
289 23004 322 4392 4574.0 0.0531 0.0508 1.05572970699 1.07246909309 0.984828896071
290 1243 290 153 108.0 0.1051 0.2106 1.01071767073 0.87694978554 0.886005173171
291 598477 831 114646 167328.0 0.0147 0.0117 1.18261539806 1.3369155268 0.984475977823
292 24852 375 4572 5151.0 0.0452 0.0413 1.05751188304 1.11351683786 0.97766220948
293 1298 282 120 113.0 0.1335 0.2115 0.885328197678 0.870347367684 0.888417872161
294 14252 140 6006 6221.0 0.0316 0.032 0.997650999179 1.02259559224 0.966952354184
295 2957 86 1024 805.0 0.0815 0.11 0.929686836642 0.844318390341 0.979185769942
296 3629 70 511 958.0 0.1695 0.1377 0.578734683517 0.794903992621 0.796413841301
297 1348 158 198 273.0 0.0883 0.1055 0.786749855831 0.920756776125 0.89781226841
298 3134 97 365 528.0 0.2202 0.1923 0.632115025867 0.776947184122 0.891666513802
300 4787 147 1567 1180.0 0.0537 0.0777 1.03737154883 0.941035900148 0.966602528203
301 5816 42 2091 2254.0 0.1367 0.1238 0.728661641763 0.75370337829 0.738127886378
302 987 187 139 116.0 0.1381 0.2001 0.907034395728 0.844911807197 0.881356451212
303 4762 25 1013 1483.0 0.3171 0.2732 0.41659947555 0.603448812365 0.635417754188
305 5284 21 4090 3833.0 0.0779 0.0868 0.710595043655 0.697899852743 0.791653847884
306 826 290 156 54.0 0.0823 0.3114 1.19140852444 0.807139134293 0.739809352834
307 3987 16 1463 1838.0 0.259 0.2363 0.462839201217 0.576234815685 0.873971871958
308 79 22 15 18.0 0.4467 0.5171 0.416566138741 0.49749267856 0.729484286606
309 4231 30 1992 2324.0 0.1108 0.0984 0.665468084135 0.736840817388 0.932403072981
310 2606 29 853 1070.0 0.1792 0.1616 0.577788124026 0.685228038123 0.946457801371
311 3507 108 648 832.0 0.1269 0.1093 0.758952875493 0.867854886195 0.918987868397
312 2799 43 712 975.0 0.1689 0.1434 0.615112696588 0.740721019634 0.838417817727
313 1268 289 163 113.0 0.1016 0.2034 1.00727966091 0.880942176602 0.892923545518
314 1417 290 360 165.0 0.0472 0.1439 1.19742735206 0.941751378177 0.92866376834
315 7347 33 2137 2206.0 0.2283 0.2241 0.632171155195 0.657310420407 0.981446617888
316 4399 239 922 856.0 0.0609 0.0721 1.01285008277 1.00321301534 0.968118103604
317 3323 30 1674 1750.0 0.1078 0.1056 0.707992047246 0.73083820615 0.960121365383
318 6512 49 1882 2029.0 0.142 0.1487 0.722610921821 0.748877999199 0.98643380758
319 5558 32 2624 3013.0 0.0965 0.0942 0.676087922489 0.748269414618 0.922299586864
320 4157 24 1348 1531.0 0.2488 0.2251 0.567305595934 0.625586955352 0.842227106045
321 12759 78 5020 4919.0 0.0688 0.069 0.896452792586 0.882259210288 0.935437349462
322 7303 29 3140 4191.0 0.0994 0.0943 0.633983325853 0.735723284897 0.92092316074
323 5253 66 1836 2097.0 0.0819 0.0771 0.78719657025 0.852959907146 0.970778024363
324 1088 286 145 71.0 0.1294 0.2951 1.08364784541 0.805058962541 0.868632915629
325 4565 84 1174 1462.0 0.0958 0.0871 0.778722330255 0.867561027582 0.945128025986
326 9145 28 4339 5397.0 0.103 0.093 0.634988197587 0.732252249015 0.912692621552
327 44880 462 12821 11413.0 0.0171 0.0244 1.19828649716 1.1941801427 0.802885692395
328 1133 264 110 89.0 0.1557 0.253 0.927891602813 0.832713623839 0.882306269937
329 833767 1000 190477 225840.0 0.0122 0.0103 1.29862512346 1.37252724425 0.985607896398
330 15211 493 3322 3378.0 0.0278 0.0292 1.1617414397 1.18565896546 0.97200896686
331 9972 49 3884 3934.0 0.1015 0.1039 0.780625891317 0.78891014202 0.925170973421
332 1101 215 118 106.0 0.1644 0.228 0.858773934948 0.831420632835 0.90060116757
333 4528 93 1218 1351.0 0.096 0.0885 0.838654263677 0.877103427918 0.902936704275
334 1366 183 236 265.0 0.0755 0.101 0.879723943163 0.944576039107 0.913052376207
335 7340 84 2000 2544.0 0.0916 0.0765 0.777853034567 0.880810504671 0.923124724648
336 914282 1079 206613 256477.0 0.0102 0.009 1.30256713659 1.39436428938 0.965084579417
337 5244 291 643 749.0 0.0879 0.0942 0.925060533523 0.985613311911 0.986340806406
338 1690 201 440 323.0 0.0565 0.0928 1.05917984133 0.962551048504 0.967575281668
339 2003 73 305 461.0 0.176 0.1635 0.662136959123 0.777941197208 0.914261422371
340 204428 740 90541 76045.0 0.0058 0.0081 1.36699780559 1.35276822086 0.60941544072
341 3154 23 938 1231.0 0.2367 0.2155 0.518604291242 0.626830884627 0.904034757271
342 2756 443 186 172.0 0.154 0.2076 0.943010926226 0.895164649795 0.935596234545
343 6495 134 1254 1600.0 0.0896 0.0839 0.831229969553 0.921070386463 0.981076184995
344 43414 441 14751 17366.0 0.0115 0.012 1.1551211156 1.2520573701 0.748041260118
345 3553 30 1316 1476.0 0.1626 0.1534 0.644664366143 0.694180631138 0.952644673094
346 6493 64 2190 2375.0 0.0993 0.091 0.802473702059 0.832523762045 0.923700917816
347 5240 487 648 688.0 0.051 0.0697 1.05204726904 1.08433963296 0.968794141967
348 5205 68 2507 2440.0 0.0553 0.0579 0.892883672268 0.88301037538 0.978727683272
349 32117 513 4027 6482.0 0.0391 0.0321 0.977947486117 1.17777571031 0.962811131306
350 1846 196 366 399.0 0.0582 0.0786 0.896722047824 0.97971019884 0.937298825912
351 88 24 39 30.0 0.1831 0.3197 0.69755284096 0.612966738861 0.748506532318
352 39486 563 8975 8753.0 0.0202 0.0253 1.19409022368 1.21449615986 0.885968356044
353 1241 323 129 80.0 0.1448 0.2742 1.00941919222 0.829740489262 0.868545048835
354 64 22 19 16.0 0.3435 0.5056 0.613453063312 0.512347122702 0.733929264072
355 1796 365 410 179.0 0.0456 0.1446 1.2352329222 0.960243182146 0.937663303303
356 36670 306 6797 10421.0 0.0407 0.0303 0.932324397161 1.12308315589 0.95288019794
357 80500 813 31746 26900.0 0.0071 0.009 1.40569839451 1.35818905938 0.895159285355
358 998 246 116 78.0 0.1558 0.2701 0.964732994347 0.813236835722 0.876877101362
359 1483 279 163 142.0 0.1156 0.1864 0.927787234297 0.888661746343 0.926630832219
360 37 14 17 13.0 0.2851 0.4835 0.588477915597 0.476829128852 0.577420563349
361 1361 356 249 92.0 0.0715 0.2426 1.23095781043 0.863788180378 0.882678145799
362 1154 284 115 77.0 0.1723 0.2862 0.958081367496 0.808870432101 0.879013707598
363 30 19 4 4.0 0.7401 0.8608 0.364123287318 0.165365845034 0.122079922983
364 25890 104 18651 19217.0 0.0171 0.017 1.00377209769 1.02510179415 0.871396388644
365 478492 762 185508 172115.0 0.0076 0.0083 1.37611168841 1.35447638132 0.871951375597
366 1527 302 120 115.0 0.1591 0.2318 0.85990984689 0.853123015151 0.908043925743
367 6256 48 2392 2555.0 0.1085 0.1006 0.766744748055 0.7901280025 0.936069576847
368 68123 599 9629 13349.0 0.0342 0.0288 1.06903230681 1.20680511865 0.982968848499
369 255178 1068 47712 69125.0 0.0127 0.0097 1.23135133888 1.38692185463 0.98268977004
370 1477 165 278 290.0 0.0835 0.1059 0.895407128492 0.924397138248 0.945901923958
371 1089 293 114 72.0 0.154 0.2888 0.994702103571 0.814585137773 0.857329428574
372 1040 281 138 74.0 0.1323 0.2765 1.0710667182 0.822801092541 0.85713082472
373 1068 93 301 244.0 0.105 0.1396 0.911075049799 0.828719530315 0.965722208728
374 1146 267 116 75.0 0.1867 0.3032 0.976303148941 0.790695020664 0.886740791107
376 3341 31 1413 1685.0 0.1173 0.1097 0.656108017704 0.731388491259 0.973082407364
377 2875 436 482 284.0 0.0572 0.1203 1.18163709921 0.998555738008 0.969056626061
378 1331 180 330 264.0 0.0536 0.0991 0.991219813036 0.945830219778 0.942516674708
379 1290 179 294 259.0 0.0634 0.0987 0.948899726819 0.946229100214 0.909729473501
380 193922 919 27568 39441.0 0.022 0.018 1.15236698146 1.30817218605 0.989635658758
381 22 10 9 8.0 0.4481 0.6426 0.493863150294 0.389619064055 0.467443687014
382 1879 336 263 176.0 0.0908 0.1632 1.06673856449 0.927342690663 0.941425373093
383 1311 308 102 101.0 0.1506 0.2302 0.852546894838 0.863018462775 0.858626126658
384 1310 290 94 83.0 0.202 0.2925 0.862336605619 0.801298851399 0.896231329171
385 6086 404 711 789.0 0.0698 0.0815 0.999263024485 1.03904115917 0.98823620132
386 1215 175 243 224.0 0.0672 0.1137 0.945929077452 0.925056402716 0.918107300416
387 1102 333 117 57.0 0.1584 0.3435 1.08184782121 0.782402392544 0.834014570326
388 1153 305 149 75.0 0.1337 0.2835 1.10475111799 0.818754601214 0.859957357465
389 138936 1283 10060 20350.0 0.0335 0.0221 1.05933406949 1.32501741709 0.966455339465
390 38770 853 3642 7076.0 0.0294 0.0234 1.04781053812 1.27287915632 0.967119533778
391 893 221 99 70.0 0.167 0.2901 0.916998112743 0.790108427665 0.881994193296
392 16300 426 4258 2848.0 0.0292 0.0482 1.24922573836 1.11024629476 0.943668244541
393 1573 234 304 237.0 0.0709 0.1168 1.01126999326 0.947812658462 0.950744839898
394 1191 279 117 82.0 0.169 0.2789 0.947147458439 0.813280401199 0.894630010247
395 87226 875 33736 26064.0 0.0068 0.0101 1.42088032157 1.35803367658 0.867701704361
396 43313 693 17883 12997.0 0.0075 0.0127 1.37423668995 1.30807929852 0.852631464231
398 89648 878 4446 11237.0 0.0586 0.04 0.920803487514 1.20861665373 0.946142841906
399 14600 20 6196 5101.0 0.2373 0.2844 0.662431459846 0.57573776527 0.886826133196
400 46 16 16 14.0 0.3736 0.5152 0.569939017556 0.481812684008 0.740582334402
