0 21459 157 7196 8696.0 0.0378 0.0323 0.949431128637 1.03590420603 0.961395262209
2 675 197 48 46.0 0.2533 0.3696 0.758164486765 0.729678881893 0.813040095656
3 5598 11 2626 3023.0 0.2885 0.2647 0.436986194114 0.518385562183 0.821169426046
4 32519 177 11332 12173.0 0.0357 0.0327 1.02272055027 1.04941326364 0.97639009008
5 94839 1193 13575 13567.0 0.0255 0.0247 1.30930852904 1.30411902619 0.995486005802
6 920 14 242 328.0 0.4088 0.3826 0.360122855572 0.497128674168 0.783452495345
7 9011 261 2453 3380.0 0.0214 0.023 1.01506479271 1.13176336141 0.939444661135
8 6159 456 1087 1017.0 0.0361 0.0519 1.11156919774 1.11474944378 0.96432798435
9 278327 1803 51052 44562.0 0.0118 0.0139 1.46657810349 1.41812192986 0.995523764428
10 29773 947 2476 3203.0 0.0496 0.0478 1.11963982029 1.19480704583 0.982019963806
11 19838 464 2134 3140.0 0.0599 0.0515 0.962793363542 1.11039860163 0.986228845279
12 513 97 86 89.0 0.1558 0.2124 0.765573561581 0.782896043702 0.868267015206
13 99307 572 22114 27321.0 0.0201 0.0174 1.15185377258 1.25318582889 0.986108997874
14 1088 16 365 470.0 0.2677 0.2622 0.477268678252 0.565176081156 0.916776419473
15 199557 1102 42379 54163.0 0.0112 0.0094 1.2817030596 1.39407009476 0.986887445259
17 952 289 71 53.0 0.2258 0.3506 0.874964090196 0.766807167841 0.798686458111
18 29593 921 7561 5666.0 0.0124 0.0204 1.364202681 1.29839428447 0.897516576583
19 57473 257 19396 18608.0 0.0285 0.0288 1.13481708199 1.10635424643 0.96501613926
20 28033 192 6016 10480.0 0.0418 0.0303 0.84972845394 1.06634563999 0.798769256816
21 1818 358 180 150.0 0.0998 0.183 0.98415123593 0.911159709536 0.924814077929
22 127293 598 28966 34430.0 0.0191 0.0171 1.1782894467 1.26018768753 0.984277927945
23 16890 340 3026 4125.0 0.0361 0.0353 1.02882938093 1.12079529772 0.982906792265
24 1285 24 390 423.0 0.2772 0.2658 0.560573227032 0.604793209822 0.915407366487
25 30669 293 10008 11274.0 0.0227 0.0207 1.0953486691 1.15330543929 0.977305736854
26 1645 201 239 306.0 0.0789 0.0971 0.830792450359 0.956524802502 0.898109472594
27 144941 650 36286 38761.0 0.0161 0.0161 1.23594275373 1.27655794037 0.986865107349
28 132653 668 29591 37575.0 0.0161 0.0142 1.17749972913 1.2913941592 0.983418896589
31 13681 26 4143 5683.0 0.1913 0.1746 0.564527004417 0.6639934304 0.87489823255
32 84 27 14 15.0 0.4804 0.5719 0.466473228361 0.482393296785 0.775999000064
33 90100 578 23582 25318.0 0.0172 0.0166 1.22100371364 1.25874747394 0.978865224175
34 2687 357 271 293.0 0.0955 0.1226 0.926758539897 0.97415053333 0.939159818681
35 282104 812 62147 75001.0 0.0154 0.013 1.24336838945 1.32418618631 0.988085226637
36 58984 275 17311 18256.0 0.0318 0.0291 1.10303164052 1.11376676982 0.96341661557
37 2380 319 460 289.0 0.0633 0.1176 1.14132386536 0.972443667296 0.969213001289
38 45667 248 8866 12126.0 0.0537 0.0411 0.949472060548 1.06663979481 0.894041342294
39 2461 101 193 273.0 0.3409 0.3093 0.540630728817 0.695241313364 0.915810082175
40 1630 367 197 114.0 0.1022 0.2235 1.08549873362 0.880415635665 0.914719444915
41 38031 453 4510 6986.0 0.0523 0.0415 1.00270499153 1.13320009658 0.942269569325
42 41770 749 5177 7020.0 0.0307 0.0299 1.14228153083 1.22891631979 0.992528864308
43 58274 876 15653 13735.0 0.0126 0.015 1.36588282961 1.32186566591 0.954358032604
44 2231 180 747 568.0 0.0417 0.0646 1.07184576669 0.990836170688 0.984536139123
45 1058 317 97 69.0 0.1293 0.2838 0.980936330468 0.828862751896 0.810623319789
46 39152 285 13755 17521.0 0.0179 0.0152 1.06498610833 1.17480380709 0.956790388035
47 30485 494 6237 5650.0 0.0329 0.038 1.1841001809 1.15406078445 0.969897262391
49 211820 1023 44707 57726.0 0.0118 0.01 1.26673324419 1.37841335977 0.987842556185
50 4689 43 1854 2397.0 0.0861 0.0781 0.700410412032 0.800955959656 0.949518680732
51 97102 828 21177 26122.0 0.0141 0.0126 1.22875622031 1.33026651721 0.979975227879
52 1155 329 200 76.0 0.0803 0.2686 1.18360617638 0.838582729664 0.855668327166
53 118268 897 29683 31380.0 0.0124 0.0119 1.31485555042 1.34563692633 0.981016938558
54 32782 181 11868 14240.0 0.0289 0.025 0.995901383406 1.07551931718 0.97480017163
55 97781 1008 12140 18663.0 0.0224 0.0183 1.14861384815 1.31791250588 0.984152363956
56 1053 37 256 313.0 0.2134 0.2107 0.600487246635 0.679422996446 0.948757273329
57 5668 30 1308 1669.0 0.2686 0.2506 0.554182437998 0.632736312502 0.880782817289
58 695 93 189 193.0 0.0801 0.1111 0.820601380482 0.864183359132 0.887257828056
59 27169 388 5714 6259.0 0.0375 0.0339 1.10225987371 1.13952101953 0.979716817629
60 7612 76 2973 3903.0 0.0513 0.0445 0.807006389572 0.918386484793 0.884157176258
61 1413 351 183 96.0 0.1138 0.2427 1.12187258279 0.862909906257 0.876273078753
62 47878 834 7948 8587.0 0.024 0.0244 1.23342386452 1.26473420088 0.982711637065
63 11708 465 2754 3254.0 0.0181 0.0218 1.11946408696 1.2099241183 0.932373012476
64 100746 821 21736 25798.0 0.0162 0.0138 1.24496500213 1.32077505965 0.986003207985
65 4377 10 1620 2006.0 0.3947 0.3664 0.337837355225 0.466109925011 0.739839275442
66 70259 505 9823 19383.0 0.026 0.0195 0.978451989694 1.22658310334 0.972398159969
67 3598 24 1230 1595.0 0.1865 0.1714 0.562446368006 0.657682387063 0.909342063586
68 1041678 1108 248938 289272.0 0.0102 0.0089 1.33287704182 1.39865832186 0.988335884394
69 28025 232 7715 12155.0 0.0227 0.0197 0.972113245478 1.12734580282 0.957727501296
70 9487 38 1911 3360.0 0.1877 0.1555 0.504868472177 0.717461849239 0.688286969069
71 1682 374 211 152.0 0.074 0.1633 1.03701750671 0.943988246597 0.892606802812
72 1169 155 211 190.0 0.0989 0.1481 0.899958251651 0.872447859036 0.962735880175
73 7075 36 2888 2834.0 0.1355 0.1361 0.738154670188 0.726835263596 0.952630937235
74 1614 219 243 261.0 0.079 0.1106 0.921634046444 0.94794415448 0.939440081564
75 6791 24 3555 3393.0 0.1329 0.1419 0.690875947618 0.676562093114 0.956260034532
76 7505 122 2662 2049.0 0.0575 0.0781 1.01766914416 0.91937551426 0.984842856967
77 1179 267 116 102.0 0.1217 0.2239 0.927943424567 0.857783218293 0.884104561403
78 3579 22 1682 1671.0 0.1709 0.1719 0.652247668329 0.647498793548 0.945184589596
79 4166 75 1325 1416.0 0.0929 0.0883 0.825410201198 0.853675736479 0.967781966388
80 1698 172 384 399.0 0.0591 0.0779 0.921184058283 0.966082393132 0.95423555133
81 25133 615 2075 4097.0 0.0493 0.038 0.962378233528 1.17906517094 0.946335010649
82 4080 25 1860 1694.0 0.1652 0.1819 0.694440173541 0.655386263341 0.975707053364
83 6840 62 2500 2996.0 0.0803 0.0704 0.775741265172 0.854019038055 0.955572893823
84 2878 65 1173 1107.0 0.0774 0.0839 0.865688419847 0.843808134893 0.987397664823
85 1764 232 301 333.0 0.065 0.0845 0.90688643167 0.991375738112 0.89466647648
86 7007 63 2758 2682.0 0.08 0.086 0.835373342452 0.836569431245 0.968037280724
87 12296 45 6202 6639.0 0.0715 0.0678 0.784629777614 0.817825405093 0.97974230182
88 1552 222 372 280.0 0.0541 0.095 1.03270692137 0.972591047336 0.897404560199
89 97454 1185 14018 18754.0 0.0198 0.0155 1.21639346223 1.3553950259 0.981674324637
90 5984 80 2617 2525.0 0.0526 0.0587 0.898062722543 0.901318452644 0.96983582208
91 59 23 10 11.0 0.493 0.6216 0.471752512996 0.461212136717 0.700827675002
92 3676 11 1590 1836.0 0.3074 0.2976 0.425278108228 0.50488772674 0.854341990015
93 2781 26 1160 1262.0 0.1672 0.1536 0.639327300141 0.67824981835 0.802769771003
94 1365 236 206 177.0 0.0937 0.1447 0.947133653475 0.919542614745 0.916274399544
95 1084 11 714 668.0 0.1975 0.2172 0.562635033909 0.538946242593 0.947404852265
96 1626 347 156 124.0 0.1106 0.2088 0.968546204796 0.886835961457 0.906969782866
97 6251 37 3078 3259.0 0.0871 0.0873 0.737469169292 0.77273282886 0.967642034754
98 9614 79 2551 3867.0 0.076 0.0638 0.757101863369 0.891528984515 0.91762606073
99 10437 46 6798 6285.0 0.0484 0.0552 0.850954497651 0.836414096353 0.698192087005
100 2453 131 513 537.0 0.0988 0.1052 0.86771846334 0.894275295119 0.983761029417
101 145852 744 31051 50767.0 0.0118 0.0091 1.16022448966 1.34478271048 0.918862736779
102 26758 468 3582 5133.0 0.0437 0.0379 1.04208027233 1.14837192662 0.981074535641
103 1226 314 135 91.0 0.1267 0.2402 0.997730816665 0.858381505974 0.863962567904
105 3134 92 481 700.0 0.1619 0.1374 0.67755215353 0.822036867885 0.913225644674
106 3262 231 1154 891.0 0.0282 0.0455 1.11458699141 1.05615473642 0.945525901972
107 6159 153 1538 1706.0 0.0527 0.0622 0.940203194246 0.970290662993 0.968955206972
109 9910 65 4905 5034.0 0.0532 0.0525 0.873845405752 0.884989173542 0.953085432109
110 2017 20 818 897.0 0.2142 0.203 0.566757471619 0.61910587149 0.954127432469
111 4134 18 1356 1665.0 0.2805 0.2576 0.485171419381 0.578594788613 0.924429383392
112 4693 133 478 771.0 0.1787 0.1512 0.648638375315 0.841255813142 0.927848901705
113 1941 41 560 762.0 0.1453 0.1259 0.618604525945 0.75067776598 0.881854994871
114 25490 448 5209 7069.0 0.0244 0.022 1.07279012331 1.2014913261 0.978526285597
115 1606 151 356 413.0 0.0604 0.0761 0.874031383619 0.954849788008 0.906290719649
116 1323 336 170 102.0 0.0929 0.2193 1.06247819814 0.882283778885 0.871729671237
117 3055 411 425 334.0 0.0624 0.1087 1.07204675793 1.00741299983 0.96870214601
118 3335 53 1022 1169.0 0.1261 0.1169 0.720557204572 0.785794456553 0.963693566939
119 9335 579 1242 1346.0 0.0431 0.0504 1.0875039049 1.14194981308 0.988702172908
120 6673 342 409 853.0 0.1052 0.0948 0.775227729096 0.998635569215 0.961571604004
121 18583 52 9265 9699.0 0.0665 0.0622 0.831192116279 0.842872265526 0.86832408512
122 42021 539 6122 11239.0 0.0246 0.0194 1.03309111585 1.23581783836 0.970729749442
123 1378 287 132 122.0 0.1294 0.2029 0.908362771285 0.879855441842 0.895506298484
124 2789 14 921 1162.0 0.3379 0.3089 0.373746227278 0.527859010422 0.674338513401
125 2284 34 1134 1149.0 0.1019 0.1012 0.746162483289 0.750095625322 0.956206115838
126 3256 52 570 582.0 0.3087 0.2975 0.619502863744 0.652448658317 0.715933836124
127 2580 368 373 282.0 0.0591 0.1205 1.0720535887 0.982517703855 0.950790545483
128 1616 321 218 145.0 0.0847 0.1812 1.05894050647 0.906511525367 0.924681706366
129 148246 948 26099 36509.0 0.0166 0.0128 1.1965034176 1.34619242264 0.981864521788
130 9184 93 1121 1580.0 0.222 0.1908 0.634600841474 0.772601883767 0.901320092983
131 1327 266 147 134.0 0.1146 0.1843 0.90204747886 0.89069915398 0.901060477815
132 9362 274 1300 2428.0 0.0467 0.0398 0.846442011469 1.08424181105 0.930237891094
133 62675 489 14432 16658.0 0.0243 0.0214 1.15087593664 1.21366510775 0.98285361136
134 43636 634 12066 8463.0 0.0176 0.0279 1.33600975389 1.21758199264 0.950385922777
135 1210 353 107 64.0 0.1662 0.319 1.00558929663 0.801829529423 0.836948502659
136 1479 322 131 102.0 0.1633 0.248 0.92600514656 0.846070067973 0.898211280551
137 1401 271 157 172.0 0.0876 0.1407 0.90277694709 0.939641664753 0.873196586234
138 1366 354 156 84.0 0.1283 0.2698 1.07981510487 0.84062678329 0.876986136705
139 5001 111 1475 1832.0 0.0558 0.0543 0.865264539733 0.94809861961 0.957929886718
140 1083 297 44 53.0 0.2867 0.3783 0.71928663456 0.742142226433 0.832249978526
141 26 10 14 11.0 0.313 0.5278 0.549144870796 0.41940263674 0.523544652904
142 2116 334 344 264.0 0.0656 0.1114 1.05065140612 0.988507230249 0.942377417941
143 4895 77 1066 1157.0 0.1572 0.1472 0.76353649115 0.794537781961 0.936534814644
144 1448 224 192 205.0 0.0841 0.1325 0.901442768372 0.926590633529 0.930219137036
145 32550 666 3548 6226.0 0.0358 0.0274 1.03126240971 1.22606436434 0.9622967278
146 6467 56 3486 3585.0 0.0524 0.0526 0.845574448625 0.86609177878 0.878189710554
147 1187 140 289 271.0 0.0607 0.0999 0.936112087784 0.91667072369 0.942637455532
148 6197 53 1964 2563.0 0.105 0.0898 0.709154124789 0.812764294215 0.89977003059
149 1098 307 67 60.0 0.2263 0.3384 0.839437296947 0.777664590066 0.837185579276
150 5629 60 2776 2735.0 0.059 0.0615 0.863251007571 0.862358195249 0.983966101519
151 31 17 5 5.0 0.6979 0.8208 0.373664269592 0.262021609036 0.389016291677
152 1134 304 216 86.0 0.0765 0.2421 1.19377744994 0.853340002466 0.87203308311
153 239 46 53 46.0 0.2424 0.3427 0.702596911903 0.641208321134 0.901993001256
154 3722 123 650 700.0 0.1435 0.1353 0.820635986315 0.851201310846 0.91371092447
155 5094 38 1006 1561.0 0.2184 0.1923 0.537694727059 0.691590600156 0.882196165972
156 156754 618 26295 43466.0 0.0196 0.0159 1.10291123636 1.27121543795 0.986801575348
157 1413 259 171 166.0 0.1007 0.1532 0.895176861509 0.918440033854 0.89833975369
158 362915 1441 60933 87475.0 0.011 0.0088 1.2875584416 1.43500352284 0.982635185237
159 85806 882 17631 21838.0 0.015 0.0131 1.23530015343 1.33549856438 0.987033434273
160 11431 35 4098 5354.0 0.1296 0.1092 0.623466737384 0.745638800042 0.860738974374
161 22843 176 7131 9330.0 0.0291 0.0285 0.983386912495 1.06098956051 0.972874706784
162 1142 210 211 136.0 0.0914 0.1797 1.01720945904 0.873847037492 0.931156011022
163 1304 273 123 124.0 0.1207 0.1938 0.897868048785 0.882344689364 0.889755929753
164 240899 1036 23743 41525.0 0.0301 0.0208 1.07560163069 1.30625530705 0.963388251408
165 126206 623 19718 35490.0 0.0185 0.0154 1.08498506063 1.27513160342 0.9823268881
166 7962 374 1213 1536.0 0.0464 0.0479 1.01013071864 1.09988506168 0.984320273496
167 1332 266 240 177.0 0.0666 0.1301 1.01352839322 0.951048923282 0.886870413641
168 115161 582 39924 39508.0 0.0111 0.0118 1.27752830719 1.28992753062 0.958885919889
169 1177 27 314 369.0 0.2798 0.2562 0.534831153954 0.620827207967 0.920886417329
170 732 103 151 171.0 0.0978 0.1303 0.790521658534 0.85407110386 0.894955342398
171 154734 871 32390 37735.0 0.0156 0.0141 1.25209955421 1.32604013599 0.985055744438
172 806 18 144 221.0 0.4505 0.4283 0.278975815751 0.500755530281 0.845023324517
173 860 185 124 110.0 0.1033 0.1871 0.906166576507 0.862193088997 0.880709462182
174 435 76 95 88.0 0.1487 0.2113 0.781043791218 0.760619753133 0.916717667769
175 130624 607 27033 34062.0 0.0213 0.0179 1.15536230855 1.25766914456 0.985886824884
176 8566 26 3278 3179.0 0.206 0.2063 0.664441668645 0.644468247854 0.735786673681
177 875298 816 130493 145806.0 0.0318 0.0275 1.21896807927 1.24651260977 0.881695640711
178 4599 23 1092 1502.0 0.3048 0.2759 0.447221417411 0.59407834989 0.887112288356
179 301689 1093 107079 82890.0 0.0062 0.0093 1.45164234069 1.39409783711 0.754465080857
180 6670 557 1033 768.0 0.0475 0.0737 1.18713737289 1.08731476683 0.986913747111
181 4791 21 1397 1913.0 0.2466 0.2266 0.47392540158 0.610953430489 0.857181077096
182 4294 45 1027 1577.0 0.1378 0.1262 0.614787619005 0.759280975907 0.937425277901
183 25783 374 4219 5540.0 0.0468 0.0392 1.00683563278 1.11935686768 0.96910085415
184 1282 332 147 77.0 0.127 0.2875 1.07452733968 0.817610328167 0.879134003717
185 248552 722 51498 69476.0 0.0163 0.0135 1.18464574395 1.30626824191 0.983725523638
186 1423 304 102 98.0 0.1716 0.2579 0.884009211161 0.833488321524 0.896191629707
187 4763 34 808 1183.0 0.329 0.2815 0.442529349988 0.62672209471 0.774990139575
188 1166 282 212 97.0 0.0864 0.2275 1.15712555216 0.859566972944 0.896218534511
189 1348 11 681 822.0 0.2246 0.22 0.434898241076 0.53762945741 0.885676936325
190 724 170 70 64.0 0.2204 0.3086 0.779810536366 0.758661643239 0.874020093118
192 146367 1033 26443 39187.0 0.013 0.0103 1.21787215442 1.37787114862 0.982224536203
194 1092 243 107 99.0 0.1347 0.2275 0.89770208298 0.84563839663 0.885399261954
195 219 48 59 50.0 0.1803 0.2766 0.734824970668 0.685253408427 0.874000948081
196 2982 19 1213 1494.0 0.1732 0.1772 0.546527600848 0.627306140539 0.935368102178
197 3026 26 924 1026.0 0.2541 0.2353 0.567295197501 0.628012043835 0.911974325078
198 1875 196 326 332.0 0.0744 0.1044 0.939995482843 0.941734177447 0.966543385915
199 3813 535 335 276.0 0.1032 0.1483 1.04238758646 0.974118971878 0.949034345691
200 1321 194 233 195.0 0.0865 0.1402 0.966006275858 0.902273768308 0.946601957324
201 1348 288 212 131.0 0.0927 0.1825 1.06946107652 0.901120378348 0.899120229549
202 20286 118 13309 12269.0 0.019 0.0216 1.0506783127 1.02928981861 0.970106001014
203 327 13 132 153.0 0.301 0.2897 0.439159047924 0.532024832578 0.836121767427
204 251 22 81 72.0 0.3059 0.3563 0.612107598208 0.558399023565 0.938380909604
205 1184698 1483 338911 427366.0 0.0048 0.0043 1.40846546124 1.49848943764 0.951440074385
206 1272 200 186 184.0 0.1008 0.1423 0.907214309011 0.904985803399 0.909435845958
207 693 183 58 54.0 0.2226 0.3392 0.810191385506 0.745933440522 0.858388074337
208 1422 300 139 129.0 0.1149 0.1914 0.92088867607 0.893953302664 0.896208784812
209 3755 25 1104 1250.0 0.2735 0.2498 0.544494849433 0.616160944796 0.834190953998
210 1086 255 113 98.0 0.1313 0.2224 0.920776309715 0.856473792543 0.867465435566
211 6418 83 4789 4148.0 0.0214 0.0275 0.991592879587 0.964915669085 0.886021758762
212 24 11 9 7.0 0.4848 0.6934 0.538856279338 0.330472924084 0.502967346296
213 394132 826 91313 101385.0 0.0154 0.0135 1.28381781625 1.32280701439 0.984822839095
214 13624 236 4426 5267.0 0.0219 0.0238 1.04982838929 1.11481402991 0.974712367381
215 41821 406 9473 10917.0 0.0295 0.0265 1.10617522076 1.17037012231 0.983645993944
216 14992 331 3535 3500.0 0.0383 0.0389 1.11311404447 1.10712017295 0.979061256005
217 1441 371 116 98.0 0.1204 0.234 0.959047768322 0.874497295552 0.855563782306
218 2875 275 561 514.0 0.0567 0.0751 1.02450822136 1.01785266254 0.970858787722
219 2350 11 670 924.0 0.4203 0.4124 0.306215013557 0.458810356284 0.774233385814
220 1370 318 198 100.0 0.1029 0.2379 1.11991238695 0.856151141342 0.900489507383
221 2076 325 287 258.0 0.0725 0.1151 0.996882085506 0.981545984141 0.933104740266
222 9991 267 4473 3821.0 0.0163 0.0217 1.1715565536 1.13937397954 0.952437637129
223 1492 11 775 818.0 0.2707 0.2598 0.492344731454 0.520818618128 0.961121543676
224 530 92 120 107.0 0.1159 0.18 0.831222483321 0.80255812106 0.921035683248
225 972 10 604 571.0 0.2375 0.2572 0.531249821066 0.510117375013 0.91692337542
226 58906 699 11950 11837.0 0.019 0.024 1.24097826987 1.24540919369 0.934607597509
227 11343 177 4809 4500.0 0.0267 0.0301 1.07194947323 1.05796808166 0.977608701472
228 45452 505 9339 11396.0 0.0261 0.0229 1.11399508066 1.2112350581 0.992529618491
229 27798 135 22031 19173.0 0.0117 0.0149 1.09320601981 1.07123287389 0.681318967593
230 46522 612 12162 10284.0 0.0185 0.0234 1.28068283297 1.23239573317 0.941685151546
231 120908 757 22391 26746.0 0.0208 0.0189 1.19840300858 1.27933752546 0.961977651087
232 44166 523 6904 8288.0 0.0411 0.0351 1.08524393115 1.168973193 0.98133880246
233 18335 677 4428 3568.0 0.0182 0.0268 1.28852305394 1.2328047003 0.969253266792
234 6946 12 2317 2903.0 0.3775 0.3523 0.327645916495 0.492428754994 0.763333609347
235 1133 194 224 187.0 0.0669 0.1239 0.959733619371 0.925829569171 0.913698943864
237 63665 626 10678 15195.0 0.0246 0.0202 1.12004338106 1.25012049917 0.967283411587
238 33291 350 6842 10566.0 0.0297 0.0222 0.980393870338 1.16929928276 0.941240513302
239 58 14 35 28.0 0.1854 0.3172 0.620297606984 0.550707338932 0.700914528323
240 1814 10 1658 1604.0 0.1194 0.1275 0.563161668222 0.559218895838 0.802498541386
241 246038 987 39676 50791.0 0.0198 0.0164 1.21910249321 1.32651296888 0.986875294445
242 1528 348 119 94.0 0.1703 0.2654 0.933732200561 0.836818833223 0.888244989007
243 47220 540 9784 8116.0 0.0323 0.039 1.2346453326 1.15993417436 0.982471228564
244 60466 849 15978 11218.0 0.0148 0.0227 1.40638899067 1.27471119795 0.984209626152
245 14216 193 6993 6004.0 0.0196 0.0248 1.12356124747 1.08507495838 0.963533776234
246 22963 480 4887 5688.0 0.0272 0.0249 1.11791885392 1.19815731884 0.983411580114
247 62230 1026 10454 9415.0 0.0232 0.0262 1.31847955619 1.28036079153 0.989930388561
248 43639 344 10582 11675.0 0.0293 0.0298 1.08045527632 1.13849392759 0.942593880914
249 128738 573 35798 37109.0 0.0163 0.016 1.23610066557 1.26078738836 0.987094183161
250 7260 533 826 1034.0 0.0466 0.056 1.03612252641 1.12090803879 0.975229919477
251 5374 88 789 1333.0 0.142 0.122 0.665174820988 0.832188462989 0.95031802661
252 21945 800 3600 2995.0 0.031 0.0395 1.26898399339 1.20434110367 0.987875877554
253 913 117 205 222.0 0.0726 0.1086 0.854889007 0.890471237236 0.921353459412
254 521 138 82 59.0 0.1649 0.2823 0.882052693529 0.770946111634 0.836633481113
255 4629 181 1812 1482.0 0.0314 0.043 1.08848622766 1.02993053783 0.97429499356
256 1404 380 245 103.0 0.0672 0.2142 1.19982080413 0.899393213864 0.865428954031
257 81767 717 13799 20285.0 0.0197 0.0166 1.14490089276 1.28610596111 0.971737691513
258 6818 73 1812 2229.0 0.1016 0.0956 0.757102382096 0.841546940857 0.955131756357
259 1080 234 233 115.0 0.0761 0.1931 1.12846938929 0.874966331088 0.922353332832
260 1129764 1046 173729 282197.0 0.0162 0.0113 1.17115860829 1.36999791743 0.964763552344
261 6061 380 1703 1486.0 0.0251 0.0333 1.17092206087 1.14552382919 0.953065364919
262 5639 21 1715 2275.0 0.2336 0.223 0.522755886655 0.612944265848 0.890768098105
263 6148 151 1350 1297.0 0.0911 0.0947 0.934707833874 0.918360562898 0.983244426401
264 5309 24 2238 2911.0 0.1293 0.1222 0.593467775092 0.690232492479 0.922395792471
265 29 20 4 4.0 0.7645 0.8696 0.460900802788 0.216297154061 -0.268329863759
266 92494 472 11025 22052.0 0.0392 0.0264 0.924644112369 1.1881518151 0.920436366669
267 9361 37 3000 3809.0 0.1309 0.1292 0.656742043092 0.735138685005 0.965161695403
268 1311 205 275 221.0 0.07 0.113 0.993546424993 0.942787720087 0.923124302894
269 5253 294 1510 1232.0 0.0326 0.0451 1.14128128172 1.08223592865 0.991010793019
270 81959 471 8185 15445.0 0.0489 0.0383 0.935864597901 1.14653367489 0.990848471501
271 1467 19 724 647.0 0.1908 0.2163 0.654154080763 0.606522469126 0.96630051237
272 11562 94 3316 4050.0 0.0738 0.0673 0.837209739404 0.906137639833 0.96583152254
273 2990 27 976 1033.0 0.2311 0.2217 0.618055703765 0.639879699005 0.866832630846
274 2553 48 448 734.0 0.1948 0.1722 0.565719318071 0.729805073986 0.919474981902
275 1119 222 180 120.0 0.1129 0.1964 1.01662086889 0.86314601539 0.908861060102
276 2303 19 1135 1264.0 0.1589 0.1538 0.585421730266 0.641162739645 0.948456537205
277 14986 178 4557 5795.0 0.0296 0.0311 0.987424370909 1.05540735233 0.989942636684
278 1156 336 91 53.0 0.2249 0.3743 0.986098118805 0.754152881942 0.838994409861
279 10536 33 2488 4212.0 0.1662 0.1479 0.486770997524 0.708151241596 0.668339235923
280 10923 52 6071 5707.0 0.057 0.0622 0.860481583879 0.84300463197 0.938525952363
281 1769 181 351 420.0 0.0565 0.0735 0.89597415561 0.979352458661 0.936945239795
282 7670 23 3752 3979.0 0.1484 0.1392 0.651499258236 0.673252442058 0.859903462276
283 5230 22 2146 2594.0 0.1696 0.1563 0.576952827263 0.657008065091 0.860986989863
284 7739 162 1771 2253.0 0.0594 0.0543 0.901373610682 0.990826028161 0.96370734665
285 62 29 10 9.0 0.4838 0.6712 0.51635836547 0.438379823506 0.571587315294
286 39979 385 11020 11788.0 0.0237 0.0229 1.13950179748 1.17839010894 0.969458870787
287 3435 27 701 1168.0 0.2565 0.2269 0.412449083373 0.636716229817 0.744081891918
288 9123 55 5852 5431.0 0.0423 0.0473 0.892714124462 0.871397518889 0.973719657316
289 23757 333 4392 4599.0 0.0537 0.0512 1.05441354799 1.074939705 0.984187711235
290 1344 305 153 110.0 0.1128 0.2149 1.00600230101 0.873735839106 0.889536410727
291 620269 864 114646 166962.0 0.0151 0.012 1.18812949388 1.33964328584 0.983749247634
292 25317 395 4572 5133.0 0.0443 0.0407 1.06518471753 1.12095140092 0.977702767105
293 1342 298 120 112.0 0.1327 0.2137 0.892649051541 0.874142434794 0.885847972071
294 14270 145 6006 6218.0 0.0306 0.0311 1.00467620926 1.02964562648 0.967405136896
295 3036 89 1024 797.0 0.0827 0.1123 0.935362236694 0.845161939037 0.982594605058
296 3659 72 511 954.0 0.1674 0.1368 0.584771779625 0.798490359718 0.812870807696
297 1373 165 198 271.0 0.0871 0.1064 0.793300650248 0.925125571532 0.894269823834
298 3154 104 365 533.0 0.208 0.1806 0.645040820387 0.793411948337 0.89976042399
299 103 10 24 34.0 0.5622 0.5722 0.138621445305 0.391401128871 0.750284157224
300 4804 150 1567 1176.0 0.053 0.077 1.04134953257 0.944190303969 0.966529945512
301 5843 46 2091 2264.0 0.126 0.1137 0.745836213785 0.772800085014 0.784722626273
302 1028 195 139 117.0 0.1413 0.2019 0.908982146574 0.848402625225 0.882287926812
303 5515 28 1013 1601.0 0.3184 0.2715 0.397292804758 0.614756285495 0.637288328729
304 328 12 191 177.0 0.2242 0.2516 0.570321511054 0.538027335911 0.96085430426
305 5377 24 4090 3801.0 0.0704 0.0796 0.736435344867 0.722499005147 0.738404128956
306 850 305 156 52.0 0.0827 0.3218 1.20136540174 0.804303298789 0.729813406732
307 4158 19 1463 1813.0 0.2362 0.2183 0.502132498724 0.604451215118 0.927139024094
308 86 24 15 18.0 0.4669 0.5291 0.428663734699 0.508200096943 0.768311046824
309 5320 32 1992 2554.0 0.1353 0.1148 0.610885975814 0.730747304039 0.847584634815
310 5073 31 2462 2589.0 0.1127 0.1074 0.711854207533 0.733175693668 0.982190332509
311 3554 116 648 826.0 0.1213 0.1056 0.772785159338 0.879560037238 0.932656742668
312 2996 45 712 973.0 0.1797 0.1524 0.612600429643 0.73802913848 0.832326462138
313 1378 306 163 120.0 0.1069 0.1995 0.994154053951 0.88877643298 0.893867206062
314 1490 305 360 163.0 0.0493 0.1493 1.20529032554 0.939714953403 0.929191486838
315 7432 34 2137 2188.0 0.2265 0.2242 0.638383075192 0.660007056014 0.981790590139
316 4487 253 922 843.0 0.0598 0.0723 1.02384440627 1.00895265757 0.968386658609
317 3606 33 1677 1707.0 0.1139 0.1143 0.724443229524 0.734983501498 0.97918924999
318 6698 51 1882 1988.0 0.1439 0.1539 0.730480298165 0.748772634265 0.981030259161
319 5581 35 2624 3009.0 0.089 0.0871 0.694332251477 0.76597438441 0.921250165331
320 4317 26 1348 1517.0 0.2457 0.2234 0.581784654422 0.634685717371 0.846593863746
321 13094 81 5020 4898.0 0.0695 0.0698 0.90251132943 0.885406112235 0.923330927907
322 8489 31 3140 4384.0 0.1176 0.105 0.618349418226 0.73487749376 0.899905083366
323 5328 68 1836 2082.0 0.0817 0.0776 0.792930406931 0.85575097036 0.973453652327
324 1159 302 145 71.0 0.1364 0.3009 1.0877150646 0.801774294865 0.871204024715
325 4695 88 1174 1442.0 0.0964 0.0889 0.78686993873 0.870280417042 0.952466472963
326 9407 29 4339 5376.0 0.105 0.0948 0.641475412396 0.735201930364 0.9210291142
327 45512 482 12821 11210.0 0.0169 0.0247 1.20691813788 1.19816291755 0.795422432409
328 1202 273 110 94.0 0.1585 0.2468 0.909172209601 0.836160163793 0.883907600266
329 859184 1053 190477 224902.0 0.0123 0.0104 1.30760709827 1.37864997621 0.983898180525
330 15732 517 3322 3397.0 0.028 0.0292 1.16469270156 1.19133144503 0.970792634267
331 9991 50 3884 3931.0 0.0998 0.1023 0.78455558212 0.792755056362 0.932838726984
332 1132 220 118 109.0 0.1655 0.2248 0.85177577667 0.836773890334 0.894780422998
333 5053 97 1218 1458.0 0.1028 0.0892 0.805789715303 0.880205891813 0.887459358023
334 1403 193 236 259.0 0.0754 0.1035 0.89003307451 0.946232970755 0.917190562591
335 7402 92 2000 2538.0 0.085 0.0713 0.795679353597 0.898040118065 0.939626158684
336 965835 1141 206613 259072.0 0.0105 0.0092 1.30653417636 1.39991229698 0.976837423938
337 5369 310 643 735.0 0.0864 0.0948 0.936998825634 0.991405517218 0.980938415739
338 1740 214 440 315.0 0.0562 0.0955 1.07148475559 0.96563602741 0.970945916593
339 2020 76 305 459.0 0.1718 0.1605 0.670213412566 0.783899143939 0.927038314899
340 207503 783 90541 74742.0 0.0056 0.0081 1.37873950898 1.36051014807 0.616882161367
341 3258 26 938 1229.0 0.2222 0.2024 0.543473514132 0.647400802153 0.877728612705
342 3029 468 186 176.0 0.1661 0.2144 0.930380089545 0.891053198728 0.934141937093
343 6610 140 1254 1576.0 0.0888 0.0846 0.839918675619 0.924729289556 0.985288619279
344 44224 472 14751 17075.0 0.0111 0.012 1.16893674998 1.26167890242 0.753361109844
345 4029 33 1316 1492.0 0.1796 0.1665 0.641083757844 0.695164406769 0.943708025414
346 6549 66 2190 2361.0 0.098 0.0903 0.808551364846 0.836639152918 0.934650954683
347 5371 515 648 677.0 0.0504 0.0706 1.06127441019 1.08842881648 0.966327070003
348 5673 71 2507 2497.0 0.0611 0.0614 0.887625979222 0.88286153968 0.963627325324
349 33332 546 4027 6492.0 0.0389 0.032 0.983403052577 1.1852084009 0.96563395955
350 1883 200 366 399.0 0.0588 0.0793 0.897785568423 0.980831524233 0.939952662694
351 89 25 39 29.0 0.1797 0.3222 0.705646066416 0.606553923485 0.746716531362
352 41226 586 8975 8802.0 0.021 0.0258 1.19802479445 1.21693539593 0.896068365155
353 1318 343 129 80.0 0.1504 0.2788 1.01270867915 0.828817577724 0.868591779244
354 64 22 19 16.0 0.3435 0.5056 0.613453063312 0.512347122702 0.733929264072
355 1930 392 410 177.0 0.0485 0.1514 1.24634442944 0.958287648251 0.943886332443
356 36929 319 6797 10379.0 0.0396 0.0296 0.940577758674 1.13024237587 0.957425632878
357 88575 858 31746 28375.0 0.0078 0.0091 1.39622929837 1.36384448826 0.904400460238
358 1045 260 116 77.0 0.1598 0.277 0.972005545858 0.811664319578 0.874538042919
359 1541 294 163 140.0 0.1172 0.19 0.934256403878 0.889776577753 0.923836666037
360 47 16 17 15.0 0.3249 0.4811 0.535090966983 0.497665607527 0.621872475167
361 1435 374 249 91.0 0.075 0.2502 1.23780880365 0.858968804019 0.881738505859
362 1181 298 115 77.0 0.1703 0.2846 0.963002742913 0.813366426532 0.870070310119
363 35 21 4 5.0 0.7202 0.8259 0.343976464393 0.304681490744 0.214702857194
364 26244 111 18651 19163.0 0.0164 0.0164 1.01679899411 1.0368356686 0.897887365846
365 504917 802 185877 173843.0 0.0079 0.0085 1.38151097983 1.35943637773 0.894346633999
366 1542 309 120 115.0 0.1584 0.2317 0.863821596525 0.855708537011 0.904963622731
367 6393 51 2392 2522.0 0.1065 0.1003 0.778732271877 0.797247909103 0.95469888873
368 72363 626 9629 13616.0 0.0359 0.0294 1.0640479944 1.20938407925 0.983657932769
369 263720 1129 47712 68853.0 0.0128 0.0098 1.2405423165 1.39352881461 0.981046627916
370 1500 171 278 287.0 0.083 0.1066 0.902034832387 0.927360086187 0.94799644661
371 1186 319 114 71.0 0.1632 0.3005 1.00180478557 0.809524638987 0.85757240387
372 1097 295 138 73.0 0.1381 0.2837 1.07563016987 0.816247746269 0.859788920456
373 1099 97 301 242.0 0.106 0.1417 0.917371265089 0.830218870914 0.963795232372
374 1174 276 116 74.0 0.1878 0.3049 0.979001465361 0.787151538494 0.886481987493
376 3779 34 1413 1642.0 0.1339 0.1272 0.66732618316 0.72798602972 0.958491904313
377 3011 464 482 280.0 0.0584 0.1234 1.19061666714 0.998739950202 0.969025100129
378 1348 184 330 265.0 0.0534 0.0985 0.992249084326 0.947853240543 0.938153222277
379 1307 185 294 254.0 0.063 0.1003 0.955480926002 0.947327199877 0.899078315579
380 198979 968 27568 39281.0 0.022 0.0179 1.16116136993 1.31465884064 0.989286907367
381 24 11 9 8.0 0.4675 0.6294 0.51089567259 0.375647354382 0.606619879573
382 1924 347 263 175.0 0.0918 0.1649 1.07135700872 0.928102198307 0.940138624508
383 1448 338 102 102.0 0.158 0.2364 0.859564565838 0.862756478852 0.867880940003
384 1355 300 94 82.0 0.2061 0.2979 0.864254053635 0.795429928851 0.896788583369
385 6176 417 711 785.0 0.0695 0.0815 1.00431891412 1.04243792172 0.988707734601
386 1234 183 243 220.0 0.0662 0.1148 0.95471497951 0.928050224207 0.921855005982
387 1153 352 117 56.0 0.1623 0.3518 1.09014625193 0.781070770623 0.833270154595
388 1222 318 149 82.0 0.1323 0.2666 1.07819847984 0.838075996603 0.865003527455
389 144004 1373 10060 20317.0 0.0332 0.022 1.06710143804 1.33349444416 0.970004328415
390 40183 898 3642 7166.0 0.0288 0.0231 1.0515580436 1.28027139358 0.968985406772
391 939 233 99 70.0 0.1721 0.2957 0.921255749861 0.792117839618 0.881139896898
392 17002 452 4258 2807.0 0.0298 0.0497 1.25964612613 1.11270073748 0.949633425304
393 1596 242 304 235.0 0.0705 0.1174 1.01766989175 0.951536194118 0.949430273807
394 1272 299 117 82.0 0.1749 0.284 0.950073786148 0.812456019219 0.891922605395
395 90029 942 33736 25708.0 0.0067 0.0101 1.43559498187 1.36739583608 0.880331354867
396 45302 732 17883 12903.0 0.0077 0.0131 1.38377766125 1.31212651234 0.868195700402
398 107819 921 4446 13058.0 0.0614 0.0402 0.884141014415 1.21266454818 0.926252285385
399 15869 21 6196 5078.0 0.2583 0.3063 0.662465255434 0.569700827692 0.835075185624
400 52 19 16 13.0 0.3826 0.5395 0.592288036963 0.480214891591 0.749132377725
