0 20141 130 6760 11592 0.0437 0.0232 0.899464248803 1.04214303487 -2.38798084736 3.88567906954 -500.158962301 0.988365327124
2 513 158 35 57 0.2773 0.2386 0.73022429528 0.85230789507 -1.45465751703 1.76950068112 -284.908960971 0.973926583111
4 27046 152 10969 10699 0.0327 0.0282 1.02160700217 1.04738748817 -0.049294652948 3.2110659839 -639.685712122 0.992508787588
6 616 13 233 410 0.3532 0.223 0.455074028098 0.560008503733 2.39619849453 1.99231200692 -60.8960125955 0.942134001654
7 8787 229 2450 2352 0.0233 0.023 0.988708597617 1.12934889344 -5.52812474215 3.79277962327 -610.831171965 0.985494129785
8 4415 388 800 543 0.0406 0.0715 1.08529064177 1.08452064023 -1.01030562086 2.22705784475 -1007.02419158 0.993717198454
11 18000 401 2134 4581 0.0587 0.0325 0.944582342681 1.15672804112 0.194721885562 2.59638595037 -1480.8043616 0.994836207294
12 378 81 71 91 0.1675 0.1392 0.737316193743 0.860496666016 -3.4743420896 2.56421613273 -155.285109279 0.964129333263
14 852 15 365 499 0.2686 0.2037 0.532701179592 0.586778599619 2.37328145079 2.03916578408 -70.5815641988 0.973205488795
17 737 222 71 115 0.2211 0.1321 0.88745914162 0.986857664522 -3.14231677642 2.32239244352 -387.060466054 0.981236309768
18 26304 828 7561 2349 0.0112 0.0414 1.35403883252 1.21787109381 -0.0554090059738 2.30395879669 -2666.8982674 0.989108132992
21 1416 299 157 135 0.1114 0.1526 0.963206680352 0.975833513226 -1.36259525151 1.91414372922 -607.325650981 0.990542141582
23 14946 284 2961 8347 0.0354 0.0181 1.0024875046 1.16972861094 -2.53087934232 3.52311734233 -965.77978822 0.994935474538
24 900 21 195 444 0.348 0.2099 0.429335540447 0.622141070371 2.43746379922 1.81508047372 -96.077366305 0.965771011983
26 1149 170 158 266 0.0897 0.0678 0.809707904467 1.01603412845 -4.73787458426 2.99596046446 -339.881811162 0.97407858567
31 9028 22 3990 5032 0.1828 0.1442 0.627774709942 0.664864350948 4.08812651195 2.2032898845 -139.976967027 0.990990754282
32 48 22 7 7 0.6386 0.665 0.428282889897 0.435178148582 -0.0606140775482 0.830813568986 -33.1407444678 0.966429934495
34 1888 303 208 304 0.1042 0.0836 0.929626966952 1.05292798413 -1.98551126378 2.3178238386 -674.412953571 0.977023645285
37 1736 272 230 233 0.1035 0.1087 0.967617372982 1.00368214971 -1.315132836 2.1002332732 -621.34664467 0.994973037888
39 2063 92 193 403 0.3582 0.1999 0.577544759769 0.765101662999 2.07598921614 1.52902926956 -369.006746158 0.970505573841
40 1269 302 197 86 0.0992 0.2272 1.12766465426 0.904049266457 -0.741005830824 1.61263993672 -603.829673704 0.985949088335
44 1847 152 746 574 0.0357 0.0482 1.06130425228 1.0212847518 -4.32980506488 3.21386666163 -363.354911463 0.98569150661
45 780 250 95 63 0.1494 0.228 0.996109975835 0.916611561338 -1.92984854135 1.83102352436 -412.17138409 0.977754214376
47 27675 431 6237 3596 0.0321 0.0536 1.17191260694 1.09890411981 1.46531261461 2.1697691417 -1767.28283908 0.995575919177
50 3904 38 1854 1760 0.0918 0.0763 0.73404541484 0.791223058386 0.235788883392 2.99500505394 -157.234626533 0.973236769474
52 909 267 200 51 0.0672 0.2884 1.17898838492 0.86678519455 -1.224487067 1.583180445 -452.078483165 0.959415829411
54 29536 154 11868 15047 0.0294 0.0201 0.98588553103 1.07524848404 -2.45901536387 3.92335687133 -594.546717107 0.994535983042
56 771 34 146 395 0.2913 0.1485 0.518267215622 0.717849002456 1.20514927016 2.09286994352 -130.230069737 0.952824524278
57 4232 26 1186 2800 0.2762 0.1382 0.542480635538 0.689249624231 3.38812689559 2.17470799099 -148.174268215 0.960946437617
58 401 75 134 79 0.0776 0.1438 0.845702085891 0.852297520514 -4.18434307927 2.6862363678 -135.758656416 0.962169109891
59 23279 342 5714 8740 0.0341 0.0217 1.11691582834 1.17689760843 -0.6631013495 3.05136134577 -1271.03577219 0.997057349166
60 7416 71 2973 2114 0.0523 0.0424 0.794886301019 0.920069766098 -3.23051516732 3.72661890679 -237.011835063 0.938394012938
61 1137 282 183 160 0.104 0.1148 1.13271833482 1.02166416074 -2.60680499324 2.26419732237 -532.172969266 0.977583927578
63 11140 401 2754 1790 0.019 0.0295 1.09051595366 1.18339609121 -2.57791576048 2.9422304039 -1089.14201165 0.989349900676
67 2396 23 615 1717 0.2712 0.1268 0.452749403826 0.68348071503 2.38402938405 2.43446068636 -116.143451916 0.955316236876
70 8379 32 1911 10280 0.1897 0.0633 0.499409369593 0.778916917265 1.20792472776 3.48908892334 -166.867368061 0.964003831727
71 1271 315 211 90 0.0719 0.1968 1.09189035067 0.954140293662 -1.53355505619 1.81214478946 -572.520146985 0.978903242024
72 921 127 211 136 0.1062 0.1635 0.940312249774 0.86025374248 -0.492305748372 1.8685265114 -312.066348878 0.984200760874
73 5377 34 1444 3555 0.2166 0.1038 0.568490700485 0.748284386324 2.85066818095 2.40031490504 -183.627578727 0.979321656887
74 1105 177 243 212 0.0801 0.0936 0.99281189892 0.98227903041 -2.64900226579 2.47374076494 -376.837960821 0.996639782923
75 4606 23 1705 2966 0.2007 0.1454 0.585499886216 0.669665006139 3.56040042466 2.17537758448 -134.651456756 0.947312549757
76 6470 115 2662 2915 0.0477 0.0529 1.02952749065 0.958656491795 0.75613219764 2.62239439764 -467.763380237 0.977337052283
77 961 223 116 104 0.1245 0.1704 0.935684478036 0.935396793804 -1.51764295628 1.92207327351 -437.427183459 0.986458684122
78 2495 20 841 1582 0.2645 0.1573 0.530985580901 0.646060244962 3.02295474244 2.1809901982 -107.601530588 0.94207115557
79 3801 70 1325 2407 0.0916 0.0532 0.848911953572 0.898641532111 -0.346103724569 3.0408783049 -271.001114403 0.979391790568
80 1046 138 259 214 0.0691 0.0927 0.930678262296 0.951780403199 -2.65587905451 2.54135064362 -304.715290196 0.990482544921
82 2927 23 930 1480 0.2693 0.1851 0.554509980235 0.644601421768 3.47910476393 1.87974829479 -128.317594506 0.969370263953
83 6350 55 2500 7674 0.0863 0.0398 0.781174257318 0.885723180618 -1.91194452345 4.01058337912 -230.426913744 0.984287618898
84 2796 61 1173 1895 0.0779 0.0529 0.853075086783 0.88248599668 -1.42018192884 3.30011179764 -221.394296483 0.987195072846
85 1045 192 154 332 0.084 0.0486 0.885745490803 1.06771504121 -8.63330736722 3.72861092046 -345.063216203 0.988681696136
86 6220 49 2758 3709 0.0842 0.0692 0.798988646568 0.829602805993 1.46707943484 2.78337931092 -230.108560504 0.980655671407
87 7147 41 3101 8519 0.0938 0.0511 0.733111419829 0.827795266387 -0.174739407495 3.71963920461 -192.118457436 0.976803555086
88 1012 186 185 114 0.0721 0.145 0.924947379123 0.941217891636 -2.12148917205 2.13498187069 -360.926439861 0.963881003161
90 5734 67 2617 4215 0.0577 0.0453 0.862906454691 0.90451730911 -0.602314534261 3.33956159485 -272.541796283 0.971249970214
91 37 12 10 13 0.4773 0.4426 0.398463517313 0.496389585902 -1.14743894001 1.69150600208 -22.3757003347 0.962120876925
92 2825 11 1122 2036 0.3463 0.2277 0.401064143218 0.534184958623 4.20005657129 2.01122706088 -69.8537777445 0.945449576492
93 1595 23 580 1935 0.2066 0.08 0.545117040549 0.718665097429 -1.77983502738 3.90327998855 -94.9843987761 0.942855948455
94 982 202 113 178 0.1138 0.098 0.878448521256 1.0003719558 -3.186496271 2.49998619438 -393.132361355 0.989051321065
95 1056 11 714 477 0.1879 0.2412 0.561912105738 0.529616436617 2.7708141297 1.96814401074 -54.936580751 0.979263012113
96 1330 294 156 105 0.0997 0.1866 0.979873251946 0.944817020059 -1.13237705254 1.77951241851 -583.895662084 0.982172475201
97 5206 30 3078 3778 0.0872 0.0767 0.750849979176 0.757884270922 0.99130191715 3.17566012298 -143.29830245 0.982898711614
98 9162 68 2551 7622 0.0807 0.036 0.729813308944 0.922115585638 -1.77565476742 3.86846430576 -277.86848261 0.98788421394
99 10209 43 6798 1797 0.0496 0.1185 0.837438820063 0.762781050977 2.58728152496 2.12751273515 -213.320566402 0.963812622529
100 2089 109 513 636 0.0933 0.0765 0.864424917509 0.924208756377 -0.45634640455 2.44278907369 -343.10195705 0.992178084048
102 24610 413 3582 12957 0.0432 0.0165 1.03163579062 1.22540095892 -1.21423876476 3.25105623851 -1515.35686383 0.992144544495
103 951 254 135 113 0.1271 0.1462 1.0449596784 0.98243511953 -2.42316360464 2.13283979012 -458.026856256 0.997172173319
105 2918 84 481 2279 0.1634 0.0485 0.678691305807 0.930337065137 -0.757503888625 3.06679420654 -309.972078259 0.971072691285
106 3064 209 1154 489 0.0278 0.0633 1.09842381399 1.0309669043 -2.04684296717 2.57604663531 -524.728948947 0.983137718028
107 5512 138 1538 995 0.0481 0.0838 0.932463250139 0.931598368807 0.903049320184 2.15139717582 -507.282457762 0.987716435714
110 1486 17 409 1137 0.2933 0.1457 0.387155558714 0.633472561196 2.10895258805 2.50255140585 -83.2350829246 0.95918660864
111 3805 16 1356 2369 0.2742 0.1785 0.467509367813 0.605966423741 3.77927079395 2.12442968784 -96.3877984297 0.968948467384
112 3724 121 352 1376 0.1769 0.0752 0.645328953971 0.928989589088 1.00944624506 2.26608378609 -468.002095135 0.978348270539
113 1829 36 560 2521 0.1529 0.0539 0.604959188252 0.807844580993 -4.54197128167 4.44912644714 -133.169258173 0.963151800189
114 23011 393 5208 8586 0.0232 0.0148 1.05859017899 1.2313633225 -3.29231116602 3.59000402079 -1249.58148119 0.99600580713
115 1004 126 254 217 0.0719 0.0871 0.897184462444 0.949187471431 -3.22948377097 2.69911462774 -273.676026151 0.972116754888
116 1046 284 170 98 0.0964 0.1717 1.11352824322 0.969825969014 -2.02265179415 1.97334576477 -506.156117158 0.986692293912
117 2487 350 425 253 0.0599 0.1088 1.0925850795 1.02813009799 -1.1453345098 2.03614668511 -803.043391744 0.988503745778
118 3229 47 1022 1761 0.1338 0.0824 0.697940698224 0.81055234978 1.16321804422 2.60580289333 -202.866002143 0.983542736764
119 8538 500 1242 2224 0.0429 0.0268 1.06732688233 1.21976152242 -2.31199865012 2.89612392272 -1387.63667957 0.997058459719
120 5859 305 409 1288 0.1054 0.053 0.788050844852 1.07892965357 -0.300508908671 2.38268162848 -966.14332526 0.987632369647
123 1115 243 109 157 0.1515 0.1237 0.869325613278 0.987498100432 -1.99673856073 2.15459792066 -490.884148638 0.984889911049
124 2011 13 921 3269 0.2624 0.1242 0.484726419778 0.605434474323 1.64462664984 3.37618487331 -70.1249981746 0.896205542371
125 2230 31 1134 2286 0.1068 0.0639 0.728852593338 0.775825543801 -2.61695132385 4.02294411073 -121.461199189 0.978842716602
126 3147 47 570 3168 0.3227 0.0824 0.605898945701 0.808846632429 2.04628469411 2.53325036954 -229.245096715 0.883309974453
127 2032 306 320 161 0.0689 0.1611 1.03616304526 0.950216838546 -0.524776777623 1.76440723287 -708.042671207 0.974411099779
128 1246 267 218 132 0.0863 0.1492 1.09078469525 0.967548666671 -1.53021523836 1.97041818947 -537.990407366 0.987048021399
130 7412 85 888 3048 0.2352 0.097 0.588245250062 0.856861150968 2.79325564156 2.05549208287 -431.828417878 0.971028539087
131 961 229 147 97 0.112 0.1757 0.996162724234 0.935650375871 -1.66518533321 1.93054744843 -435.105435875 0.981954596624
132 9049 244 1300 2801 0.0491 0.0245 0.823776881406 1.13049122795 -3.5956428111 3.44497810964 -708.320845029 0.975859996281
134 38708 551 12066 4298 0.0162 0.0472 1.31574766163 1.14061293809 1.35209614218 2.21002919292 -2234.95157061 0.995520426627
135 936 289 107 83 0.1641 0.1974 1.06357693788 0.948573087897 -1.81164450587 1.86952311609 -505.880991785 0.98557327232
136 1102 264 64 128 0.2045 0.1515 0.782006896602 0.967171838545 -1.55176697502 1.966864298 -528.032487599 0.992794790559
137 1095 227 157 229 0.0932 0.0703 0.910396977795 1.05868060986 -5.40799968905 2.99225018489 -406.039545344 0.990466250439
138 1029 296 156 74 0.1093 0.226 1.13517729896 0.926602096548 -1.41155404023 1.73059602892 -526.137009106 0.988179075232
139 4815 99 1475 1360 0.0581 0.0563 0.843652811694 0.939392550199 -0.582989289397 2.77685210888 -341.832725556 0.968598798346
140 826 242 42 88 0.3197 0.1937 0.681395288245 0.923866896137 -1.44237567003 1.83303050238 -456.757990375 0.977682616856
142 1502 269 174 220 0.0945 0.0947 0.924591553077 1.03271320849 -2.49213068205 2.35262946479 -550.535200891 0.990373432054
143 3851 69 1066 2440 0.1349 0.0688 0.814705662105 0.872614835762 1.22460491874 2.57531730651 -298.644324202 0.974308173599
144 985 180 173 129 0.0955 0.144 0.931345556456 0.929775355467 -1.58992091837 2.05798634885 -377.050035826 0.987113573941
146 6371 51 3486 1686 0.0559 0.076 0.827076213827 0.82834910279 0.748400185776 2.69443963383 -210.748456038 0.969570304346
147 856 120 289 126 0.0575 0.1368 0.975309609444 0.892725661275 -1.86887939115 2.20739787642 -257.531258116 0.96949780902
148 5921 50 1964 5393 0.1033 0.0468 0.704681592457 0.862091970251 -1.11833574432 3.70956001864 -210.454985363 0.980382551861
149 789 245 67 98 0.2161 0.1566 0.868784000778 0.976853224932 -2.65882665869 2.14477395444 -420.73255531 0.987884982524
150 5391 52 2776 2545 0.0629 0.0645 0.838048715764 0.844160714054 0.498739596008 2.92699514211 -219.625369466 0.997536547783
152 929 253 216 87 0.066 0.1834 1.18748811105 0.945593903305 -1.96669356857 1.94504200367 -448.217661884 0.975365581196
153 164 38 53 29 0.2012 0.3483 0.769460562945 0.645149562226 -0.362945183019 1.49640461603 -79.4328189566 0.960266806635
154 3439 115 650 2744 0.1357 0.0409 0.821535087305 0.984622917594 -0.92107183226 3.06595538554 -415.097704223 0.962538138157
155 3888 34 710 3134 0.2713 0.1016 0.466496986432 0.750451651209 2.61010079326 2.4421943309 -178.069502548 0.963861544895
157 943 202 106 117 0.1219 0.1469 0.862698047131 0.947584848608 -1.96070098094 2.08640133203 -394.696804808 0.97770905862
160 10483 33 4098 12867 0.1245 0.0563 0.640211958275 0.79039752608 0.422256355855 3.82384418116 -168.335247504 0.978591161049
161 21082 148 7131 12850 0.0298 0.0194 0.952465779379 1.07268545019 -3.81079954737 4.18944895983 -540.051034883 0.994389926023
162 785 174 107 76 0.1215 0.2175 0.915040563705 0.863298426791 -0.967697492547 1.72987708678 -350.742627538 0.969776514637
163 973 221 122 128 0.1305 0.1361 0.91391063017 0.968672766751 -2.19689833855 2.15310790009 -426.270010106 0.987558459244
166 5525 312 1033 1847 0.0496 0.0296 1.02066099041 1.14909849882 -2.75813861349 3.05907329224 -868.205550331 0.995419606551
167 893 221 131 83 0.0911 0.1852 0.96989110534 0.932282544253 -1.98403842537 1.95850338446 -394.230885883 0.970069158404
169 758 24 157 413 0.3722 0.1803 0.401622952229 0.655555296354 1.89380003976 1.96716837545 -101.859171315 0.955951440816
170 428 76 127 78 0.1029 0.1746 0.849925096072 0.816668205353 -1.8853075011 2.15354989285 -157.457504694 0.980940672884
172 557 17 138 198 0.4 0.3143 0.369879795053 0.546052150583 2.55103455671 1.43373322778 -74.2937769727 0.931797067459
173 684 162 115 85 0.1144 0.1709 0.901719997936 0.910136879883 -2.21626842169 2.08633293522 -297.697107632 0.972176635914
174 333 59 95 79 0.151 0.1744 0.800791502975 0.788783091726 -1.87050505144 2.22110896801 -127.640204203 0.965198065739
176 5787 24 1639 10897 0.2971 0.082 0.520522958637 0.721338844776 2.41260906563 3.23892771242 -138.610935515 0.896188791725
178 2996 21 790 1803 0.3107 0.1666 0.442825629672 0.645848173387 3.38299923115 2.05667568661 -117.853573459 0.959263859451
180 5160 469 512 932 0.073 0.0516 1.03713520447 1.14302800783 -1.14819648333 2.38764599843 -1273.31093466 0.991043399441
181 4008 18 1065 2533 0.3013 0.1784 0.433527319516 0.620219143446 3.900897068 2.04317875132 -109.531010618 0.937279201624
182 3914 43 1027 2774 0.1364 0.0693 0.624173342611 0.813619239447 0.732253796105 2.96566558243 -189.435932648 0.981823423724
184 1042 275 147 70 0.1319 0.2588 1.11693391591 0.870922524201 -0.639244935607 1.53398337308 -539.596685615 0.980678135755
186 1088 254 86 116 0.209 0.1744 0.858416445721 0.933457294583 -1.02134624075 1.81318998551 -529.821757364 0.98536756945
187 4049 27 808 2839 0.3394 0.1398 0.442680668779 0.692474328848 3.45688247645 2.13506717553 -154.80360788 0.954472205994
188 847 235 106 87 0.1578 0.1878 1.00023860309 0.931099367096 -1.70701824236 1.8989866881 -432.042270247 0.992386044532
189 1058 11 681 444 0.1909 0.2228 0.522246264769 0.538258533299 2.38100059669 2.12619374698 -52.6637735069 0.943851620056
190 560 144 37 66 0.3085 0.2408 0.673092342046 0.824740847839 -0.723378271665 1.64936434728 -295.661908402 0.987265270614
193 845 197 107 94 0.1591 0.1872 0.911959112441 0.901404675517 -1.20385502199 1.83634668471 -397.355701495 0.987355050404
194 154 37 59 44 0.1518 0.197 0.762646284782 0.739227390944 -4.52961339708 2.75317986687 -65.7449695602 0.969514235594
195 2820 17 1213 2138 0.1748 0.128 0.525581224625 0.642969580301 2.26129038285 2.74236243895 -88.8187029686 0.938863439877
196 1954 22 462 867 0.3114 0.2074 0.435072924302 0.626828067766 3.18311176628 1.77680066243 -115.04362303 0.966289469904
197 1350 160 292 240 0.0751 0.0983 0.920871377681 0.955499506547 -1.66457382799 2.31303289338 -379.219321689 0.983096593053
198 3155 438 335 375 0.1041 0.0911 1.04463671279 1.07141032091 -0.942707246964 2.06922483082 -1069.6448642 0.993172822627
199 929 161 233 172 0.0749 0.106 1.01518546966 0.959644933073 -2.57708280599 2.40938273114 -334.770906759 0.985578312616
200 1008 229 212 123 0.0776 0.1395 1.10075261484 0.972492322193 -2.23634068575 2.13990031712 -433.645247603 0.991895133438
202 214 12 69 136 0.3462 0.2179 0.361503128175 0.556988578073 0.392681341739 2.33755983764 -42.4297575866 0.939855603619
203 206 19 81 51 0.2774 0.399 0.638742811759 0.514363634153 1.49172795513 1.22682899568 -60.9968584067 0.932274793503
205 919 162 153 244 0.1195 0.0778 0.899621874072 0.993810359061 -3.67658172517 2.76563157433 -338.110873592 0.989986841411
206 524 146 52 53 0.2355 0.2676 0.796157644891 0.814316031034 -0.922119782127 1.62652474174 -279.150195237 0.986996873704
207 1060 241 139 131 0.121 0.1362 0.947425992153 0.978591123514 -2.14568116629 2.12950560569 -463.284250545 0.993250701324
208 3421 23 1104 2310 0.2613 0.1454 0.547215509261 0.669893812399 3.2758959654 2.18621502517 -128.919658106 0.946806868539
209 838 206 113 109 0.1122 0.1419 0.938815469992 0.9641810935 -2.66701112858 2.21919460892 -372.389841419 0.990776565305
210 6169 72 4789 1694 0.0228 0.0442 0.964004897133 0.919875317118 -3.38867937554 3.67450666912 -233.013818373 0.986396952264
213 12274 201 4426 6792 0.0212 0.0169 1.02584514671 1.12827191123 -6.38354152597 4.36342770145 -612.971633964 0.992518289967
215 14094 294 3535 5837 0.0386 0.0225 1.09516048475 1.15677805757 -1.59083302755 3.18573062656 -1005.44435936 0.992851779213
216 1083 302 109 93 0.1279 0.1829 0.974731444828 0.966067476771 -1.84194739716 1.90207441373 -536.898031298 0.987358545481
217 2535 238 561 762 0.0533 0.0404 1.01481573188 1.09472052242 -4.00784168927 3.10790240337 -565.446039524 0.995424326509
219 1114 269 118 87 0.1511 0.2199 0.980452661948 0.897781314398 -0.782383387843 1.64872843833 -543.233329996 0.990665962727
220 1475 275 287 242 0.0668 0.082 1.08216733603 1.05617250657 -3.20761665907 2.53062111337 -543.176559112 0.991714573791
221 9452 231 4474 5144 0.017 0.0165 1.14357018512 1.15176155469 -7.22248688837 4.36685687512 -654.205695062 0.993562162639
222 1335 11 775 729 0.226 0.2175 0.509100155931 0.539305422687 2.90448243577 2.13373605961 -57.63803467 0.968929654128
223 374 73 120 65 0.1055 0.1929 0.878390933265 0.804770552114 -1.95214623662 2.11015362172 -145.128749011 0.96554057212
225 53888 617 11950 5138 0.0185 0.0472 1.22840940481 1.14983221133 1.58863463314 2.17995631974 -2593.32575594 0.993678771273
226 10829 151 4809 5502 0.0287 0.025 1.04172787291 1.05959234142 -2.89535547568 3.68676648856 -518.99557172 0.993692045065
228 27174 118 22031 5243 0.0128 0.0317 1.06614944287 1.00733289353 -1.44890518498 3.41866839953 -441.413552371 0.98705300477
229 41454 537 12162 5351 0.0171 0.0371 1.26413636006 1.17055087734 0.97337018111 2.38161133713 -2127.14837317 0.994915320988
232 16758 600 4428 3666 0.0174 0.0233 1.2706578358 1.25135693761 -1.62515782283 2.85645532728 -1819.14658557 0.996426529728
233 5993 11 2317 5087 0.3581 0.2015 0.3645456382 0.545214895542 4.77071035205 2.21638082705 -77.2099768135 0.939129623306
234 755 161 178 92 0.0747 0.1683 0.995906391269 0.90873268654 -1.90358099502 2.03913371491 -309.027017242 0.975119809513
241 1188 296 83 137 0.1984 0.1455 0.875853710181 0.987224349052 -1.63437866928 1.98531102663 -586.369173874 0.982889898412
242 41085 475 9784 5172 0.0291 0.0534 1.23208160254 1.10612920126 1.93693007681 2.1310050166 -2103.15094808 0.993063341378
244 13330 165 6993 13427 0.0203 0.0165 1.09560495728 1.09913200604 -5.74836343147 4.55938704432 -568.429731176 0.980309564662
247 40855 300 10582 7431 0.0298 0.0431 1.05968094891 1.08538431961 1.83650754309 2.36864159652 -1369.98645577 0.979065570484
249 5680 449 688 832 0.049 0.0523 1.02065319913 1.13916821375 -1.38780119574 2.41596094872 -1180.28885891 0.990884134933
250 4978 79 789 1694 0.1387 0.0859 0.652435939198 0.865404174075 1.66468163305 2.24953837641 -341.751285474 0.977290274394
252 614 100 197 136 0.0723 0.1108 0.923196089557 0.903048466515 -3.49696603903 2.65699112997 -201.952001785 0.979075470809
253 389 114 41 53 0.2189 0.2264 0.73374319192 0.837922554031 -1.97886922021 1.93934799356 -200.911625432 0.96111590478
254 4117 162 1812 1329 0.0285 0.0404 1.07962777959 1.03530005666 -2.37331041397 3.05867584716 -476.025868049 0.992412282991
255 1142 316 245 77 0.0567 0.2091 1.18934865381 0.954746224845 -1.90969822749 1.84954453411 -531.393800172 0.971741561378
257 5975 66 1812 4573 0.101 0.055 0.78496674091 0.886077844882 1.00145650393 2.90097095105 -297.580150865 0.976926935135
258 921 198 233 117 0.0683 0.1451 1.11351193581 0.947510738358 -2.04048083614 2.10986111313 -385.044279918 0.992461239115
260 5613 328 1703 1314 0.0251 0.0273 1.14413140076 1.17071494487 -5.007760002 3.38584372026 -776.302340978 0.985974889607
261 5260 18 1689 5171 0.2491 0.1383 0.505012481255 0.643604381018 3.82490111962 2.43943365583 -112.898605201 0.912326176355
262 5798 139 1350 1990 0.09 0.0623 0.928260458388 0.964276931934 0.936148523695 2.3813423077 -547.186356313 0.989600349637
263 3128 20 1119 4132 0.1995 0.0857 0.517418460459 0.692860309896 0.160638763206 3.73074566012 -97.4128350102 0.952311037867
266 6783 33 2748 3022 0.1307 0.1221 0.680954486618 0.729067705285 3.19758006032 2.19753534291 -183.003961886 0.968409563044
267 918 162 142 231 0.0929 0.0706 0.866989820915 1.00946667197 -5.30874902705 3.07183591341 -309.953018214 0.981982587974
268 4131 252 1510 1213 0.0256 0.0344 1.15188873748 1.11102909085 -3.37169679936 3.11360536923 -657.881365805 0.988865306432
269 77504 419 8185 12222 0.05 0.0416 0.919968533857 1.12401917847 2.40676699155 2.28635761537 -2070.53609625 0.994128851314
270 1309 18 724 590 0.164 0.1897 0.647273575405 0.616239192013 2.41915900323 2.02091684331 -85.1423662109 0.97699407728
271 10545 85 3316 4319 0.0692 0.0513 0.826181630243 0.923736372012 0.922731042137 2.8120713178 -370.921969168 0.982353123458
272 1949 24 488 1578 0.3265 0.1311 0.468752521978 0.685830187208 2.45878503622 2.34569873829 -120.832675478 0.94579433256
273 1840 43 448 1034 0.2155 0.107 0.632156524599 0.775738943654 1.47300089758 2.31615431575 -182.686897071 0.976559998527
274 814 180 90 136 0.1698 0.1298 0.851003953034 0.948327186451 -2.1064982851 2.19720325755 -364.161057795 0.993033954445
275 795 16 327 489 0.2693 0.1757 0.529750463888 0.61043865153 1.75900935875 2.27253357913 -70.7461994576 0.92316591282
276 13604 150 4557 7201 0.0296 0.0241 0.963223737416 1.06040476638 -2.51863833767 3.69547693712 -539.184855749 0.994751648065
277 930 278 91 71 0.2139 0.2416 1.03011447226 0.89650722457 -1.02346353443 1.63412576134 -517.828397569 0.989305074552
278 5221 29 1997 1349 0.1109 0.1246 0.612852272102 0.713641227228 2.20062008751 2.30150904714 -138.898372118 0.922323208706
279 10452 46 6071 3294 0.0593 0.0867 0.837858034753 0.801407819145 2.29216674084 2.46701884037 -230.209374145 0.984525539599
280 1065 136 298 370 0.0611 0.0543 0.938080950625 1.00328032047 -6.02397974888 3.42677453793 -287.960926841 0.980729189374
281 4936 22 1876 9484 0.2192 0.0762 0.573377466382 0.713272368925 0.89580605193 3.788368388 -117.365026015 0.93528068306
282 3353 19 1073 4444 0.2747 0.1081 0.479175500845 0.670307001721 2.45131428208 2.94753324782 -105.401643891 0.94514457638
283 6824 141 1771 5604 0.0547 0.0236 0.887977579533 1.05441389803 -4.03371367257 3.97002281389 -471.222162151 0.98547850019
284 36 17 7 7 0.5606 0.6296 0.472919153082 0.484804858998 -0.897608954995 1.22944559516 -24.3881186248 0.931541381273
286 2882 24 701 2261 0.2569 0.111 0.447598495736 0.700003347954 2.16809052649 2.62803503257 -121.259910273 0.954830265332
287 5378 48 2926 3122 0.0621 0.0511 0.828035404666 0.851672215279 -1.695543545 3.67305897146 -187.480355329 0.979924083471
289 1041 259 153 123 0.1142 0.1448 1.04882615563 0.979615923458 -2.04447162139 2.07030501702 -490.148100879 0.979881795443
291 22176 353 4572 3674 0.04 0.0435 1.0671036664 1.10715187062 0.866481178899 2.38082931521 -1372.48644956 0.990010581648
292 1000 240 120 110 0.1306 0.1554 0.920412706496 0.960911301351 -1.99882266459 2.03973799105 -450.803934151 0.980623646414
293 10844 134 3884 4031 0.0369 0.034 0.939501084375 1.01887256682 -1.07974497626 3.1886202921 -490.450187228 0.98980936271
294 2794 80 1024 656 0.0787 0.1243 0.917456546174 0.825571469403 1.50790595869 1.94157587888 -312.991013467 0.9823237339
295 3353 64 511 6355 0.1806 0.0356 0.579399158233 0.91472981365 -3.08513689537 4.15524074808 -248.977182415 0.945095696302
296 800 128 151 219 0.1026 0.0801 0.843195099578 0.963317196439 -4.1813963527 2.89904498664 -264.956854474 0.983147504049
297 3022 97 365 1477 0.2078 0.0727 0.636405768608 0.908425830012 0.897956957915 2.38610251443 -379.867328768 0.969581862715
299 4448 135 1567 741 0.0512 0.1091 1.02622418971 0.894731479107 1.28389511762 1.93702691585 -504.254064738 0.984664816819
300 5366 40 2091 11421 0.1261 0.0432 0.732258931734 0.833926759736 -2.87870180686 4.59604737988 -177.119608005 0.949762247488
301 834 167 139 163 0.1209 0.106 0.92476511457 0.966791329416 -2.85258103896 2.44492964869 -335.79753683 0.993330249508
302 4500 26 1013 4318 0.2964 0.1046 0.464128047459 0.714480840072 2.84224497404 2.607599442 -144.56763502 0.924024767485
303 106 11 28 48 0.4949 0.3702 0.277474099972 0.481668405257 1.17398259927 1.50011103031 -35.2495270632 0.919056566618
304 3268 22 2045 1449 0.1063 0.1298 0.690103571167 0.676118709533 2.2149781532 2.44674019392 -108.401898788 0.980544620152
305 662 245 156 42 0.0673 0.2907 1.18983801719 0.901386022782 -2.38871723398 1.80830391972 -345.898883803 0.966594852371
306 3967 19 1463 2668 0.2175 0.1422 0.506344616613 0.648637350107 3.22716738845 2.36529529734 -108.18076374 0.97476104373
307 72 16 15 25 0.5176 0.3921 0.33338308392 0.532055743904 0.0313832620775 1.52120430129 -37.9030338728 0.890152722432
308 4230 27 1073 7987 0.1862 0.0565 0.478819108146 0.760287340458 -3.79848367239 4.94624749143 -120.535487012 0.941578448521
309 4934 25 2462 3816 0.1323 0.0901 0.6689737732 0.721430443319 1.70196465826 3.02081154335 -127.022775279 0.98568678916
310 3339 105 648 1966 0.1212 0.0465 0.762713100225 0.96311938668 -0.949321485047 2.98636166454 -367.835931399 0.979664253103
311 2808 43 712 3467 0.1737 0.0567 0.624754203733 0.82888456253 -0.694586107494 3.4903075867 -179.898815118 0.958314739456
312 1004 250 120 136 0.1285 0.1262 0.950619188651 0.997152473085 -2.6294797392 2.24262289112 -462.900519406 0.989691134353
313 1191 251 360 107 0.0406 0.1643 1.1927548935 0.953749574534 -1.75505881483 1.96651320706 -476.979086617 0.98649747993
314 6781 31 2137 2116 0.2179 0.2095 0.639539157828 0.660246982159 4.13354575759 1.64227752495 -187.787424533 0.986442970036
315 4047 220 922 621 0.0577 0.0823 1.00991727722 0.991907241486 -0.0183657456226 2.14453589862 -674.347867537 0.985841518368
316 3456 26 1677 1305 0.1331 0.1443 0.67743449823 0.685928423654 2.63717114562 2.15035332247 -130.60106452 0.964606546159
317 5359 45 1387 2013 0.1869 0.1452 0.67990365083 0.743556640048 3.27851569295 1.88145391159 -242.644400511 0.985560654567
318 5442 32 2624 2179 0.0927 0.0938 0.676183402362 0.750994885119 1.6541919198 2.67679655729 -151.080891182 0.964564595276
319 3226 24 718 3395 0.2979 0.1078 0.446918965855 0.701945993834 2.56744053183 2.65052981712 -129.093271236 0.945440716407
320 9681 73 3566 15639 0.0786 0.0305 0.855190742764 0.941930635683 -1.81662587839 4.11213392188 -316.684210295 0.970339008241
321 4886 29 1570 4008 0.157 0.0792 0.577984002159 0.750851798132 1.24814177124 3.1290446858 -141.738068057 0.981899330141
322 5301 62 1836 2686 0.0887 0.0634 0.774808447441 0.867233086908 0.821580145331 2.77868242753 -264.646459526 0.981016029039
323 993 262 145 76 0.1335 0.2369 1.120623163 0.885322008536 -0.802976835344 1.61162721692 -513.467676478 0.970594729631
324 4220 80 1174 4377 0.0997 0.0393 0.814752465057 0.939083167524 -1.24773648238 3.4545537209 -310.579116195 0.968746447835
325 9395 26 4339 12736 0.1168 0.0639 0.618786944995 0.747978110535 0.224952852803 4.03065973512 -135.634456128 0.954875422197
327 926 218 110 104 0.1403 0.1697 0.936133866327 0.930730339075 -1.52274276859 1.92938145535 -429.148312782 0.990809439982
329 14720 447 3322 3520 0.0285 0.0233 1.13856155444 1.21338942606 -2.03292570878 3.00782113593 -1350.70661843 0.992334344052
330 7176 45 1942 9423 0.1373 0.0569 0.687534314554 0.832887802551 1.48999589779 3.18473296932 -229.637518049 0.955260901457
331 872 181 70 144 0.2165 0.1354 0.752365475588 0.936763791067 -1.52107920573 2.07577065071 -389.220151302 0.982658277798
332 4285 87 1218 10260 0.0929 0.0235 0.8298801419 0.983979025538 -7.70752417827 5.16236042139 -308.709352396 0.953000637651
333 948 162 194 226 0.0783 0.0738 0.912686204336 1.00468933375 -4.94648644772 2.99430471966 -312.979102382 0.991465506938
334 6355 87 2000 6215 0.074 0.0314 0.826274118805 0.966340754849 -2.65623929118 3.89922447292 -327.749394947 0.98555281714
336 4982 279 643 639 0.0853 0.0965 0.930479846132 0.987920380924 0.567712540399 1.94930229234 -901.105566519 0.991525800167
337 1246 174 218 270 0.0914 0.0802 0.907855234827 0.99401799044 -2.75969162897 2.5844656671 -386.121560365 0.98604928106
338 1885 68 305 1059 0.1738 0.0748 0.66330711972 0.866712328584 0.146718805593 2.60074579029 -249.647770138 0.971269814315
340 2109 22 469 1371 0.3029 0.1533 0.415928088581 0.660152660654 2.82140976888 2.1615104804 -114.14443473 0.953470332345
341 2445 398 186 242 0.1813 0.1347 0.963473865604 0.996738879803 -0.369096944116 1.81156691324 -979.741813715 0.986810749461
342 6088 120 1254 2540 0.0894 0.0541 0.816538930232 0.96211078674 0.656715198715 2.59038348621 -476.448833372 0.992444712979
344 2599 29 658 1500 0.2659 0.1422 0.534361900935 0.699519224933 2.80529157687 2.09987921724 -148.668403125 0.962574232921
345 6401 59 2190 5665 0.1052 0.0507 0.788874172981 0.878135012607 0.559530156947 3.16513689588 -265.957102435 0.975559496482
346 4111 444 648 400 0.0444 0.0854 1.09585200329 1.0818894751 -1.06732849914 2.11600610969 -1080.03763049 0.986862757972
347 5124 62 2507 7163 0.0588 0.0318 0.874571976852 0.916929330388 -6.13505899391 4.90015095262 -228.677493461 0.981629190113
349 1163 153 223 212 0.0671 0.0939 0.88462651489 0.963112480886 -2.57747351899 2.49416288424 -333.992727703 0.983075711743
350 61 14 39 19 0.1692 0.3157 0.63068244907 0.583608813591 -5.8205975417 3.04454975371 -24.2233633109 0.942938643258
351 35652 519 8975 3090 0.0194 0.0599 1.20858939041 1.101187547 1.52274318025 2.07379701508 -2102.50816585 0.988408013248
352 1074 281 129 104 0.1342 0.1688 1.008598384 0.965997943355 -1.79849846989 1.94509228957 -520.750357161 0.990445990833
353 57 19 19 16 0.3282 0.388 0.591038289531 0.586240055218 -2.13421537926 1.94678090258 -32.2888578831 0.977988366761
354 1575 322 410 132 0.0424 0.1577 1.24276792979 0.978306091622 -1.33768648802 1.88826345783 -647.606988624 0.98367538444
355 34678 275 6797 11878 0.0414 0.0206 0.921107802109 1.1518634854 -0.710095590818 3.2240891568 -1066.62220408 0.987247947824
357 828 207 116 94 0.163 0.1869 1.02098552593 0.908282133456 -1.26594027163 1.84180295776 -411.912257909 0.982672217594
358 1215 245 163 117 0.1144 0.1711 0.955811837257 0.932919333326 -1.07176879189 1.83586201215 -511.752793794 0.984328944939
360 1205 311 249 86 0.066 0.2108 1.21539378311 0.935130314575 -1.23880285349 1.729798021 -580.194840119 0.984658109628
361 973 241 115 91 0.162 0.1983 0.971557132801 0.914179150907 -1.13276279304 1.7698508606 -475.5458059 0.993401634921
363 26182 100 18651 10022 0.0182 0.0195 0.99567729204 1.01559914118 -13.8116483772 6.13341281728 -318.639802552 0.989862156499
365 1214 253 83 112 0.1885 0.1915 0.816700800459 0.90872688066 -0.6321249397 1.70689679736 -551.275607017 0.988061992771
366 6160 48 2392 5483 0.1058 0.0565 0.76944356518 0.842897895451 0.707585767414 3.19596058486 -222.064257836 0.983082495531
369 1015 142 278 296 0.0724 0.0691 0.99319878245 0.986133252549 -3.94537254644 2.92514277385 -309.862276042 0.986514695752
370 940 260 114 87 0.1378 0.1908 0.996845141528 0.941665232608 -1.68922416137 1.87359304328 -472.215847539 0.98935845223
371 897 247 138 112 0.1242 0.1456 1.08917629475 0.979878585749 -2.48072295561 2.14721389106 -443.507176649 0.987353844608
372 858 79 301 262 0.0867 0.0999 0.91415305094 0.867996731117 -1.45721293125 2.48013491068 -211.053485994 0.99344484176
373 939 224 116 90 0.1765 0.21 1.00273662001 0.887304810096 -0.790695310678 1.69515934166 -463.876680278 0.993099214348
375 3236 31 1413 2261 0.1123 0.0799 0.666281545809 0.760050967832 0.517559532252 3.10216573744 -136.95286603 0.987771209105
376 2412 379 279 273 0.0893 0.1035 1.03758564275 1.04475820574 -1.20461256633 2.05858959793 -868.087166103 0.99326212621
377 1010 157 330 135 0.0488 0.1273 1.03887638078 0.934730828322 -2.19447967134 2.24648019696 -321.00803568 0.967159695893
378 779 150 148 87 0.0807 0.1761 0.919173806686 0.891880629524 -1.77810246353 2.00684723824 -291.453979415 0.945277350667
381 1606 294 161 170 0.1251 0.1385 0.923160766439 0.978292965703 -1.07479726887 1.92505626751 -645.616252026 0.993714223936
382 1090 272 102 172 0.1669 0.1062 0.907026595795 1.02818816549 -2.83808036029 2.34406112995 -514.444524102 0.984029987496
383 1044 246 76 83 0.234 0.2375 0.807687673489 0.866287710184 -0.451479100637 1.56336005524 -519.970463158 0.978704670005
384 4655 350 711 726 0.0623 0.0674 1.04176331167 1.07206866621 -0.533145312126 2.22706083131 -999.548719116 0.993218085241
385 850 146 222 98 0.0703 0.1722 0.976960189252 0.881951579234 -1.33464230024 1.94356699897 -304.269988173 0.953298193191
386 899 290 117 57 0.1497 0.2777 1.1423564488 0.880752204259 -1.07227941235 1.56411233974 -507.17348283 0.989501349917
387 936 251 149 113 0.1189 0.151 1.11145667815 0.973140782939 -2.16298292199 2.07747903118 -463.722203697 0.979193240141
389 37416 801 3640 6627 0.0287 0.0184 1.0342935755 1.30745526025 -1.25110743597 2.88320942351 -2591.86566428 0.990884092397
390 717 187 61 81 0.2187 0.2021 0.807107508228 0.88818618225 -1.26543767763 1.81191663989 -365.325510557 0.990563131843
391 14827 404 4258 1316 0.0262 0.0923 1.25424870488 1.01489629408 1.47336189318 1.8653953808 -1540.15945797 0.995158922285
392 1241 202 304 168 0.0593 0.1144 1.03870961098 0.974395419599 -2.15192693878 2.25292959132 -418.44310093 0.987100852604
393 1035 239 117 123 0.1593 0.1554 0.939422517016 0.95012664775 -1.48041038029 1.95741918646 -483.62951925 0.991129252838
395 41753 650 17883 7487 0.0074 0.0208 1.36162995337 1.26405203851 -0.566980498073 2.81695530709 -2280.9477778 0.988788373468
398 8885 18 3098 4540 0.3334 0.2514 0.584981397692 0.581276035212 5.31012395839 1.62379118337 -129.947276743 0.910434136162
399 20 12 4 4 0.6944 0.7337 0.384770186301 0.396193337387 -1.09591644829 1.06093005446 -13.4708659732 0.975391982027
