2 513 158 35 57 0.2773 0.2386 0.73022429528 0.85230789507 -1.45465751703 1.76950068112 -284.908960971 0.973926583111
7 2643 288 1281 211 0.0145 0.1111 1.24230343204 1.0111876165 -1.5731771339 2.11776290904 -627.070669762 0.973108321252
9 20141 130 6760 11592 0.0437 0.0232 0.899464248803 1.04214303487 -2.38798084736 3.88567906954 -500.158962301 0.988365327124
13 6442 319 2862 1261 0.0153 0.0404 1.25364063793 1.12191503669 -1.74894715883 2.70947810765 -894.656496059 0.989009886117
14 5701 147 2255 2200 0.0374 0.0414 1.04137000872 1.01562415465 -0.909915334353 2.90693958015 -504.806916075 0.991199892212
17 4702 174 1770 1066 0.0273 0.0391 1.0046451572 1.05090015334 -3.40028120141 3.18881182334 -466.837374355 0.985303343852
19 929 161 233 172 0.0749 0.106 1.01518546966 0.959644933073 -2.57708280599 2.40938273114 -334.770906759 0.985578312616
21 616 13 233 410 0.3532 0.223 0.455074028098 0.560008503733 2.39619849453 1.99231200692 -60.8960125955 0.942134001654
22 7125 176 1654 1922 0.0423 0.0296 0.888292189069 1.07270469172 -4.07540929726 3.52768393027 -497.257130489 0.964127350948
24 1269 302 197 86 0.0992 0.2272 1.12766465426 0.904049266457 -0.741005830824 1.61263993672 -603.829673704 0.985949088335
26 4415 388 800 543 0.0406 0.0715 1.08529064177 1.08452064023 -1.01030562086 2.22705784475 -1007.02419158 0.993717198454
28 909 267 200 51 0.0672 0.2884 1.17898838492 0.86678519455 -1.224487067 1.583180445 -452.078483165 0.959415829411
30 18000 401 2134 4581 0.0587 0.0325 0.944582342681 1.15672804112 0.194721885562 2.59638595037 -1480.8043616 0.994836207294
31 28334 288 12205 3457 0.018 0.0759 1.23250284585 1.00906017189 2.32479822237 1.97943638898 -1328.85553485 0.982077188875
32 3699 102 1264 788 0.0452 0.0602 0.874639410803 0.941175584336 -1.50510591185 2.81311900966 -309.338430186 0.957195039232
34 378 81 71 91 0.1675 0.1392 0.737316193743 0.860496666016 -3.4743420896 2.56421613273 -155.285109279 0.964129333263
35 4915 133 1353 2147 0.0503 0.0433 0.93004407061 0.998944633391 -0.831716081311 2.90967719243 -462.433546345 0.984941152176
38 4137 139 1349 1033 0.0397 0.0528 0.946547809658 0.990205578046 -1.27453261081 2.75598976323 -428.199972422 0.985796388419
43 4606 23 1705 2966 0.2007 0.1454 0.585499886216 0.669665006139 3.56040042466 2.17537758448 -134.651456756 0.947312549757
44 852 15 365 499 0.2686 0.2037 0.532701179592 0.586778599619 2.37328145079 2.03916578408 -70.5815641988 0.973205488795
45 10145 115 1189 9605 0.1058 0.0263 0.647742885109 1.01657327951 -2.02791391806 3.78408084754 -447.242747413 0.977236647718
53 5855 334 2525 1158 0.0156 0.0423 1.26665889667 1.12348931753 -1.67977163539 2.65501688499 -926.188057734 0.986625703961
59 206 19 81 51 0.2774 0.399 0.638742811759 0.514363634153 1.49172795513 1.22682899568 -60.9968584067 0.932274793503
60 26304 828 7561 2349 0.0112 0.0414 1.35403883252 1.21787109381 -0.0554090059738 2.30395879669 -2666.8982674 0.989108132992
61 6370 129 1538 3209 0.0761 0.037 0.84954564747 1.00746055708 -1.05218092663 3.11557112016 -463.686454019 0.986882270124
62 3002 123 1077 447 0.0316 0.07 0.928914181208 0.954959293957 -1.95530698294 2.66692102487 -326.82737088 0.960324822436
63 3805 16 1356 2369 0.2742 0.1785 0.467509367813 0.605966423741 3.77927079395 2.12442968784 -96.3877984297 0.968948467384
64 2555 16 641 3655 0.3348 0.1269 0.378881080155 0.634721342409 2.80258327849 2.80437741061 -91.082055759 0.871215084188
68 6986 320 2248 1208 0.0276 0.0583 1.22874172374 1.07168522946 -0.0398747323425 2.28588543175 -1027.37026758 0.991597238608
69 3352 318 1555 303 0.0142 0.0852 1.25620475373 1.05458297865 -1.87673827509 2.28219503902 -710.196132605 0.98052890093
77 1529 91 344 654 0.1127 0.059 0.755906440793 0.931498461214 -2.57558018974 3.04483542912 -258.302435261 0.976876258965
79 14946 284 2961 8347 0.0354 0.0181 1.0024875046 1.16972861094 -2.53087934232 3.52311734233 -965.77978822 0.994935474538
80 900 21 195 444 0.348 0.2099 0.429335540447 0.622141070371 2.43746379922 1.81508047372 -96.077366305 0.965771011983
82 5159 355 2216 801 0.0148 0.0495 1.27824181508 1.11895772455 -1.83416060649 2.5578251333 -918.005919563 0.992980800204
85 5660 389 2650 575 0.0114 0.0662 1.2996550329 1.09616795038 -1.22883497062 2.29501005608 -997.243445622 0.988254370961
88 1088 254 86 116 0.209 0.1744 0.858416445721 0.933457294583 -1.02134624075 1.81318998551 -529.821757364 0.98536756945
89 1149 170 158 266 0.0897 0.0678 0.809707904467 1.01603412845 -4.73787458426 2.99596046446 -339.881811162 0.97407858567
90 23279 342 5714 8740 0.0341 0.0217 1.11691582834 1.17689760843 -0.6631013495 3.05136134577 -1271.03577219 0.997057349166
93 6877 401 3110 1233 0.0119 0.0371 1.30732029214 1.16257266922 -2.20876191408 2.74638276333 -1060.07226447 0.994383563407
95 5403 156 2842 1537 0.0223 0.0413 1.10581201159 1.0265888839 -1.79531519906 2.98471237599 -483.791998193 0.993782854877
96 3154 121 962 749 0.0596 0.0667 0.903787812351 0.950137955706 -0.750070853127 2.54989831926 -376.208551352 0.980701832851
98 2680 277 1256 290 0.016 0.0842 1.22952436524 1.04243748501 -2.09374513563 2.34703220886 -613.063011588 0.986332737363
100 22368 238 11342 5120 0.0142 0.0234 1.14505138369 1.12605006224 -2.0871090739 3.322053873 -798.191067658 0.991140864808
102 164 38 53 29 0.2012 0.3483 0.769460562945 0.645149562226 -0.362945183019 1.49640461603 -79.4328189566 0.960266806635
106 9028 22 3990 5032 0.1828 0.1442 0.627774709942 0.664864350948 4.08812651195 2.2032898845 -139.976967027 0.990990754282
108 8593 611 3774 1049 0.0082 0.0365 1.39218810163 1.22723801237 -2.70222654093 2.6961977444 -1451.89561874 0.991826345068
109 48 22 7 7 0.6386 0.665 0.428282889897 0.435178148582 -0.0606140775482 0.830813568986 -33.1407444678 0.966429934495
110 5246 245 1809 683 0.0295 0.0795 1.14574406096 1.00654469897 0.0347507556851 2.13904364994 -757.42294447 0.988845724844
113 35587 135 23200 8452 0.0162 0.0231 1.05739510843 1.04852454977 -3.17133464139 3.94114083281 -486.848876946 0.987893134575
117 982 35 267 384 0.2438 0.183 0.654592480047 0.693172632892 1.90325443598 1.80711135292 -143.674736114 0.939429313074
119 1736 272 230 233 0.1035 0.1087 0.967617372982 1.00368214971 -1.315132836 2.1002332732 -621.34664467 0.994973037888
120 2137 53 684 767 0.1505 0.14 0.829937964352 0.767471535246 2.05496352923 1.91732229871 -229.618879225 0.967789742289
122 6830 142 1249 1615 0.069 0.058 0.81962707477 0.976942810357 0.278181027845 2.49324817007 -515.541972228 0.97214741804
128 8787 229 2450 2352 0.0233 0.023 0.988708597617 1.12934889344 -5.52812474215 3.79277962327 -610.831171965 0.985494129785
129 27675 431 6237 3596 0.0321 0.0536 1.17191260694 1.09890411981 1.46531261461 2.1697691417 -1767.28283908 0.995575919177
134 6419 170 2952 875 0.0245 0.0684 1.0801659632 0.984379584756 -0.118235844775 2.34570436832 -549.188321132 0.977197346199
135 7430 365 1931 1141 0.0207 0.0406 1.13318887705 1.14061443677 -1.93663575883 2.68586184576 -981.678576835 0.985024350107
137 1847 152 746 574 0.0357 0.0482 1.06130425228 1.0212847518 -4.32980506488 3.21386666163 -363.354911463 0.98569150661
138 5206 127 1083 3085 0.0821 0.0314 0.798976363526 1.02021275912 -2.81207046208 3.5323113859 -418.537964676 0.97781683916
139 780 250 95 63 0.1494 0.228 0.996109975835 0.916611561338 -1.92984854135 1.83102352436 -412.17138409 0.977754214376
151 8123 302 2495 1492 0.0287 0.0507 1.16823785068 1.08142149815 -0.187552365083 2.40367647322 -983.217538161 0.99452658727
154 2519 80 1017 621 0.068 0.112 0.935515832615 0.841089912816 1.07911592403 2.06284155333 -296.715571124 0.978071163529
156 3904 38 1854 1760 0.0918 0.0763 0.73404541484 0.791223058386 0.235788883392 2.99500505394 -157.234626533 0.973236769474
161 7352 418 3376 1071 0.011 0.0426 1.3146349277 1.15313328681 -1.7879985408 2.6002358401 -1110.72926766 0.993287729153
165 1860 58 740 374 0.0969 0.1872 0.877243708461 0.737996648032 1.9128356069 1.65840123027 -230.99586141 0.978398160606
173 4842 252 1975 519 0.022 0.0869 1.18310564433 1.00223199979 -0.199586744558 2.10360536436 -732.816550274 0.982320476738
177 1012 186 185 114 0.0721 0.145 0.924947379123 0.941217891636 -2.12148917205 2.13498187069 -360.926439861 0.963881003161
181 2976 150 1010 875 0.0469 0.0558 1.02325132944 0.995134839184 -1.28045585504 2.67849053825 -448.535161098 0.987589265297
187 771 34 146 395 0.2913 0.1485 0.518267215622 0.717849002456 1.20514927016 2.09286994352 -130.230069737 0.952824524278
188 7412 85 888 3048 0.2352 0.097 0.588245250062 0.856861150968 2.79325564156 2.05549208287 -431.828417878 0.971028539087
192 4232 26 1186 2800 0.2762 0.1382 0.542480635538 0.689249624231 3.38812689559 2.17470799099 -148.174268215 0.960946437617
194 401 75 134 79 0.0776 0.1438 0.845702085891 0.852297520514 -4.18434307927 2.6862363678 -135.758656416 0.962169109891
198 9463 120 2201 9634 0.0863 0.0266 0.837466002778 1.02151448587 -1.65605514864 3.6767112028 -472.163258783 0.984309172759
200 1888 303 208 304 0.1042 0.0836 0.929626966952 1.05292798413 -1.98551126378 2.3178238386 -674.412953571 0.977023645285
203 9049 244 1300 2801 0.0491 0.0245 0.823776881406 1.13049122795 -3.5956428111 3.44497810964 -708.320845029 0.975859996281
207 2851 11 2344 1883 0.1322 0.1316 0.576743484816 0.57545092098 -0.134583065156 3.90174401699 -53.7444129359 0.974384070591
208 2435 109 587 2334 0.0973 0.0314 0.846129241213 1.00127571104 -4.92087662382 3.95188806359 -331.294807175 0.978188147422
209 2943 295 1439 340 0.0138 0.0686 1.24256218642 1.07750554473 -2.97015677625 2.57415432924 -625.724136245 0.982802544367
211 18639 261 9736 2095 0.0131 0.0509 1.19566263715 1.05920744439 0.439505241067 2.38339066737 -942.90832673 0.987744037946
212 1137 282 183 160 0.104 0.1148 1.13271833482 1.02166416074 -2.60680499324 2.26419732237 -532.172969266 0.977583927578
218 7898 227 4653 716 0.0115 0.0469 1.15369454181 1.07183972664 -2.90105704152 2.87019445827 -567.356034987 0.967230244033
224 11140 401 2754 1790 0.019 0.0295 1.09051595366 1.18339609121 -2.57791576048 2.9422304039 -1089.14201165 0.989349900676
228 2412 379 279 273 0.0893 0.1035 1.03758564275 1.04475820574 -1.20461256633 2.05858959793 -868.087166103 0.99326212621
233 18785 201 10365 4771 0.0151 0.0248 1.1356660508 1.09911766678 -2.26083502462 3.39330239936 -675.579791352 0.993404833015
234 2882 278 1277 267 0.0178 0.1047 1.2306892919 1.00542641698 -1.07232340897 2.08289682557 -664.556431467 0.97436670608
236 2396 23 615 1717 0.2712 0.1268 0.452749403826 0.68348071503 2.38402938405 2.43446068636 -116.143451916 0.955316236876
237 10631 437 2272 1958 0.0273 0.034 1.1055303098 1.17465798602 -1.34376661473 2.67889351247 -1292.98956234 0.992806634029
238 1053 55 188 983 0.208 0.0572 0.555399897415 0.866002122457 -3.24109955128 3.54939617226 -173.974994863 0.946723924681
239 10580 44 2342 18372 0.1745 0.0472 0.572293770607 0.842192744128 0.811368327076 3.68451689484 -227.873383303 0.964113161916
242 7237 152 1384 4786 0.0746 0.0276 0.827320395866 1.05269494573 -2.1380091004 3.46207308888 -530.815083177 0.990330955221
246 8379 32 1911 10280 0.1897 0.0633 0.499409369593 0.778916917265 1.20792472776 3.48908892334 -166.867368061 0.964003831727
247 1271 315 211 90 0.0719 0.1968 1.09189035067 0.954140293662 -1.53355505619 1.81214478946 -572.520146985 0.978903242024
248 921 127 211 136 0.1062 0.1635 0.940312249774 0.86025374248 -0.492305748372 1.8685265114 -312.066348878 0.984200760874
250 5377 34 1444 3555 0.2166 0.1038 0.568490700485 0.748284386324 2.85066818095 2.40031490504 -183.627578727 0.979321656887
251 12526 261 4236 1823 0.0254 0.0538 1.11346371929 1.05380331517 0.401802598914 2.34816764678 -926.818564353 0.988655202805
255 6470 115 2662 2915 0.0477 0.0529 1.02952749065 0.958656491795 0.75613219764 2.62239439764 -467.763380237 0.977337052283
259 961 223 116 104 0.1245 0.1704 0.935684478036 0.935396793804 -1.51764295628 1.92207327351 -437.427183459 0.986458684122
261 2495 20 841 1582 0.2645 0.1573 0.530985580901 0.646060244962 3.02295474244 2.1809901982 -107.601530588 0.94207115557
263 3801 70 1325 2407 0.0916 0.0532 0.848911953572 0.898641532111 -0.346103724569 3.0408783049 -271.001114403 0.979391790568
267 16992 221 9631 2129 0.0131 0.0396 1.15960905263 1.07060975719 -0.772689923329 2.74360122987 -732.854324066 0.977078317581
270 1046 138 259 214 0.0691 0.0927 0.930678262296 0.951780403199 -2.65587905451 2.54135064362 -304.715290196 0.990482544921
276 2927 23 930 1480 0.2693 0.1851 0.554509980235 0.644601421768 3.47910476393 1.87974829479 -128.317594506 0.969370263953
279 6350 55 2500 7674 0.0863 0.0398 0.781174257318 0.885723180618 -1.91194452345 4.01058337912 -230.426913744 0.984287618898
282 2796 61 1173 1895 0.0779 0.0529 0.853075086783 0.88248599668 -1.42018192884 3.30011179764 -221.394296483 0.987195072846
283 1045 192 154 332 0.084 0.0486 0.885745490803 1.06771504121 -8.63330736722 3.72861092046 -345.063216203 0.988681696136
287 6137 127 3579 1860 0.0221 0.0364 1.05843896145 1.0107373938 -2.89008147393 3.37340561658 -392.241140332 0.986804916591
288 34678 275 6797 11878 0.0414 0.0206 0.921107802109 1.1518634854 -0.710095590818 3.2240891568 -1066.62220408 0.987247947824
292 6220 49 2758 3709 0.0842 0.0692 0.798988646568 0.829602805993 1.46707943484 2.78337931092 -230.108560504 0.980655671407
296 7147 41 3101 8519 0.0938 0.0511 0.733111419829 0.827795266387 -0.174739407495 3.71963920461 -192.118457436 0.976803555086
297 5450 21 3304 2623 0.1032 0.0946 0.629849515059 0.694318623884 0.812985771422 3.27348321816 -99.9714881015 0.980850239601
301 2445 398 186 242 0.1813 0.1347 0.963473865604 0.996738879803 -0.369096944116 1.81156691324 -979.741813715 0.986810749461
302 5734 67 2617 4215 0.0577 0.0453 0.862906454691 0.90451730911 -0.602314534261 3.33956159485 -272.541796283 0.971249970214
308 37 12 10 13 0.4773 0.4426 0.398463517313 0.496389585902 -1.14743894001 1.69150600208 -22.3757003347 0.962120876925
309 1188 296 83 137 0.1984 0.1455 0.875853710181 0.987224349052 -1.63437866928 1.98531102663 -586.369173874 0.982889898412
310 1595 23 580 1935 0.2066 0.08 0.545117040549 0.718665097429 -1.77983502738 3.90327998855 -94.9843987761 0.942855948455
315 6135 137 1605 2613 0.0629 0.038 0.889009908446 1.01384598579 -1.21918692694 3.06672256444 -473.901787707 0.991905889133
316 4125 314 1773 529 0.0167 0.0674 1.25275110425 1.06999551702 -1.36357907559 2.34676851476 -803.151350817 0.993886681272
317 982 202 113 178 0.1138 0.098 0.878448521256 1.0003719558 -3.186496271 2.49998619438 -393.132361355 0.989051321065
318 1142 316 245 77 0.0567 0.2091 1.18934865381 0.954746224845 -1.90969822749 1.84954453411 -531.393800172 0.971741561378
322 29095 168 20296 2587 0.0117 0.0365 1.11765874225 1.0436060989 -1.16074615919 2.98409553792 -569.423383941 0.967064968027
323 1330 294 156 105 0.0997 0.1866 0.979873251946 0.944817020059 -1.13237705254 1.77951241851 -583.895662084 0.982172475201
325 3063 271 885 283 0.0396 0.1342 1.18766589778 0.947524255391 0.147198812961 1.79982567338 -753.154017428 0.984932002036
327 8326 137 4838 1789 0.0206 0.0423 1.07456878 1.00631523341 -1.40089191564 2.9814318831 -448.658424173 0.985173051819
330 5206 30 3078 3778 0.0872 0.0767 0.750849979176 0.757884270922 0.99130191715 3.17566012298 -143.29830245 0.982898711614
331 9162 68 2551 7622 0.0807 0.036 0.729813308944 0.922115585638 -1.77565476742 3.86846430576 -277.86848261 0.98788421394
332 13604 150 4557 7201 0.0296 0.0241 0.963223737416 1.06040476638 -2.51863833767 3.69547693712 -539.184855749 0.994751648065
336 10209 43 6798 1797 0.0496 0.1185 0.837438820063 0.762781050977 2.58728152496 2.12751273515 -213.320566402 0.963812622529
337 7288 169 3975 1020 0.019 0.0575 1.1172516963 1.00333062175 -0.622515314993 2.53192230841 -533.340718197 0.972755452509
339 8627 141 3577 4531 0.0387 0.0403 1.07489434979 1.00852689013 0.378370820743 2.82328284569 -570.54422949 0.976513780687
340 2089 109 513 636 0.0933 0.0765 0.864424917509 0.924208756377 -0.45634640455 2.44278907369 -343.10195705 0.992178084048
343 3353 64 511 6355 0.1806 0.0356 0.579399158233 0.91472981365 -3.08513689537 4.15524074808 -248.977182415 0.945095696302
347 24610 413 3582 12957 0.0432 0.0165 1.03163579062 1.22540095892 -1.21423876476 3.25105623851 -1515.35686383 0.992144544495
348 951 254 135 113 0.1271 0.1462 1.0449596784 0.98243511953 -2.42316360464 2.13283979012 -458.026856256 0.997172173319
349 3967 19 1463 2668 0.2175 0.1422 0.506344616613 0.648637350107 3.22716738845 2.36529529734 -108.18076374 0.97476104373
350 1451 47 781 617 0.0605 0.0673 0.802422099526 0.834907745596 -3.72164853593 3.54950385428 -140.118154239 0.96466368681
352 2918 84 481 2279 0.1634 0.0485 0.678691305807 0.930337065137 -0.757503888625 3.06679420654 -309.972078259 0.971072691285
356 4220 80 1174 4377 0.0997 0.0393 0.814752465057 0.939083167524 -1.24773648238 3.4545537209 -310.579116195 0.968746447835
361 5512 138 1538 995 0.0481 0.0838 0.932463250139 0.931598368807 0.903049320184 2.15139717582 -507.282457762 0.987716435714
365 5288 205 2434 1012 0.0206 0.0492 1.1282068115 1.04613606812 -1.43772220181 2.68015258255 -597.461132125 0.990310642114
368 6781 199 2494 1151 0.0231 0.0351 1.00188788849 1.07845939144 -3.91229448845 3.28011226226 -517.85381313 0.969647792017
371 20573 155 11886 6154 0.0173 0.0232 1.06918858212 1.06842795473 -3.32796133233 3.81171449234 -528.626334662 0.99274019375
374 2141 31 648 1896 0.1653 0.0745 0.573130929687 0.765892972179 -0.64273754876 3.39323976844 -127.122604298 0.962313181999
375 1486 17 409 1137 0.2933 0.1457 0.387155558714 0.633472561196 2.10895258805 2.50255140585 -83.2350829246 0.95918660864
377 37416 801 3640 6627 0.0287 0.0184 1.0342935755 1.30745526025 -1.25110743597 2.88320942351 -2591.86566428 0.990884092397
379 22984 246 12691 3168 0.0123 0.0343 1.17713558635 1.09592451515 -0.59685665537 2.80071661342 -854.012253567 0.987265308131
383 2336 14 801 3367 0.3552 0.1351 0.42990211049 0.611174884951 2.76596302787 2.86233974153 -79.9828180704 0.8776900911
384 4540 354 1366 624 0.0263 0.0621 1.21231829697 1.09221478102 -1.32517926887 2.3635679109 -919.471312198 0.988437105705
386 3724 121 352 1376 0.1769 0.0752 0.645328953971 0.928989589088 1.00944624506 2.26608378609 -468.002095135 0.978348270539
388 1829 36 560 2521 0.1529 0.0539 0.604959188252 0.807844580993 -4.54197128167 4.44912644714 -133.169258173 0.963151800189
390 23011 393 5208 8586 0.0232 0.0148 1.05859017899 1.2313633225 -3.29231116602 3.59000402079 -1249.58148119 0.99600580713
391 1004 126 254 217 0.0719 0.0871 0.897184462444 0.949187471431 -3.22948377097 2.69911462774 -273.676026151 0.972116754888
393 1046 284 170 98 0.0964 0.1717 1.11352824322 0.969825969014 -2.02265179415 1.97334576477 -506.156117158 0.986692293912
394 2487 350 425 253 0.0599 0.1088 1.0925850795 1.02813009799 -1.1453345098 2.03614668511 -803.043391744 0.988503745778
395 3229 47 1022 1761 0.1338 0.0824 0.697940698224 0.81055234978 1.16321804422 2.60580289333 -202.866002143 0.983542736764
399 8538 500 1242 2224 0.0429 0.0268 1.06732688233 1.21976152242 -2.31199865012 2.89612392272 -1387.63667957 0.997058459719
400 2063 92 193 403 0.3582 0.1999 0.577544759769 0.765101662999 2.07598921614 1.52902926956 -369.006746158 0.970505573841
401 9270 503 4219 1027 0.0093 0.0455 1.35170300073 1.16870771511 -1.51650909969 2.48457177068 -1331.57675312 0.992215308636
404 1115 243 109 157 0.1515 0.1237 0.869325613278 0.987498100432 -1.99673856073 2.15459792066 -490.884148638 0.984889911049
405 2011 13 921 3269 0.2624 0.1242 0.484726419778 0.605434474323 1.64462664984 3.37618487331 -70.1249981746 0.896205542371
406 7289 387 3234 935 0.0127 0.0522 1.29573740283 1.11723643782 -1.08553156727 2.41658634597 -1076.14197818 0.994120009811
407 2230 31 1134 2286 0.1068 0.0639 0.728852593338 0.775825543801 -2.61695132385 4.02294411073 -121.461199189 0.978842716602
408 3147 47 570 3168 0.3227 0.0824 0.605898945701 0.808846632429 2.04628469411 2.53325036954 -229.245096715 0.883309974453
411 1246 267 218 132 0.0863 0.1492 1.09078469525 0.967548666671 -1.53021523836 1.97041818947 -537.990407366 0.987048021399
414 4276 376 1851 563 0.0137 0.0529 1.28884224309 1.12937350108 -2.67813364371 2.6150633866 -860.375976879 0.991270374167
415 11902 420 5421 1046 0.0112 0.073 1.31606289541 1.0670121204 0.453223242151 2.06053035291 -1374.51812209 0.993348288914
416 10759 150 6492 1133 0.017 0.0615 1.08042102713 0.979917242765 -0.118534387947 2.46590208055 -504.454948819 0.96655156849
419 961 229 147 97 0.112 0.1757 0.996162724234 0.935650375871 -1.66518533321 1.93054744843 -435.105435875 0.981954596624
421 7416 71 2973 2114 0.0523 0.0424 0.794886301019 0.920069766098 -3.23051516732 3.72661890679 -237.011835063 0.938394012938
423 4111 444 648 400 0.0444 0.0854 1.09585200329 1.0818894751 -1.06732849914 2.11600610969 -1080.03763049 0.986862757972
424 4860 477 2217 556 0.0098 0.0488 1.3418889139 1.17449236756 -3.33242686275 2.68765848587 -1010.30983781 0.991303339951
426 936 289 107 83 0.1641 0.1974 1.06357693788 0.948573087897 -1.81164450587 1.86952311609 -505.880991785 0.98557327232
427 14070 210 6836 2176 0.0179 0.0415 1.12689481426 1.05886282188 -0.510989739292 2.69872714735 -714.803405602 0.983103649635
428 6458 147 1469 2203 0.0628 0.0397 0.84517641514 1.01996231304 -1.21047930677 2.98336952259 -495.146093742 0.986061232459
430 1102 264 64 128 0.2045 0.1515 0.782006896602 0.967171838545 -1.55176697502 1.966864298 -528.032487599 0.992794790559
432 1095 227 157 229 0.0932 0.0703 0.910396977795 1.05868060986 -5.40799968905 2.99225018489 -406.039545344 0.990466250439
434 2626 55 1154 697 0.0821 0.1276 0.853621508127 0.783338265298 1.655833132 2.01430944123 -225.405963327 0.990379580555
435 6651 127 1462 2889 0.0701 0.0425 0.848934554843 0.99287423007 -0.337169050245 2.89682169049 -472.255237047 0.992818138521
436 1029 296 156 74 0.1093 0.226 1.13517729896 0.926602096548 -1.41155404023 1.73059602892 -526.137009106 0.988179075232
437 4815 99 1475 1360 0.0581 0.0563 0.843652811694 0.939392550199 -0.582989289397 2.77685210888 -341.832725556 0.968598798346
439 826 242 42 88 0.3197 0.1937 0.681395288245 0.923866896137 -1.44237567003 1.83303050238 -456.757990375 0.977682616856
442 1502 269 174 220 0.0945 0.0947 0.924591553077 1.03271320849 -2.49213068205 2.35262946479 -550.535200891 0.990373432054
444 4599 109 2465 1129 0.0291 0.0477 1.00784959925 0.969864875749 -2.26925868867 3.10651508303 -330.425582347 0.974160348781
445 3851 69 1066 2440 0.1349 0.0688 0.814705662105 0.872614835762 1.22460491874 2.57531730651 -298.644324202 0.974308173599
446 985 180 173 129 0.0955 0.144 0.931345556456 0.929775355467 -1.58992091837 2.05798634885 -377.050035826 0.987113573941
447 57 19 19 16 0.3282 0.388 0.591038289531 0.586240055218 -2.13421537926 1.94678090258 -32.2888578831 0.977988366761
450 7511 396 3097 1111 0.0143 0.0476 1.29729936928 1.12937633097 -1.10365761789 2.46998019437 -1122.42029216 0.996161219529
451 7040 477 3658 456 0.0076 0.072 1.34656211402 1.11844946219 -1.54818425607 2.25053051389 -1121.53993985 0.970411800122
452 6371 51 3486 1686 0.0559 0.076 0.827076213827 0.82834910279 0.748400185776 2.69443963383 -210.748456038 0.969570304346
455 5563 160 1900 996 0.0378 0.0545 0.985104645796 1.00384710989 -1.03257667457 2.64305415806 -490.970191386 0.964678899511
456 8652 499 3973 1056 0.0092 0.0412 1.35037833471 1.18165875484 -1.98053916381 2.59591237328 -1279.74949821 0.990576912132
457 4254 147 1258 2005 0.0559 0.0342 0.971481730188 1.0350986204 -2.81744106599 3.33200437872 -451.27217957 0.97871418432
458 789 245 67 98 0.2161 0.1566 0.868784000778 0.976853224932 -2.65882665869 2.14477395444 -420.73255531 0.987884982524
459 5391 52 2776 2545 0.0629 0.0645 0.838048715764 0.844160714054 0.498739596008 2.92699514211 -219.625369466 0.997536547783
462 5400 263 2307 603 0.0198 0.087 1.20716715427 1.00242784525 0.114001093544 2.06249508723 -803.367022823 0.992078774073
463 2925 307 1447 303 0.013 0.0759 1.25520639608 1.07152631174 -2.69819906401 2.47019663022 -645.934634437 0.980558876827
464 929 253 216 87 0.066 0.1834 1.18748811105 0.945593903305 -1.96669356857 1.94504200367 -448.217661884 0.975365581196
466 3439 115 650 2744 0.1357 0.0409 0.821535087305 0.984622917594 -0.92107183226 3.06595538554 -415.097704223 0.962538138157
468 3888 34 710 3134 0.2713 0.1016 0.466496986432 0.750451651209 2.61010079326 2.4421943309 -178.069502548 0.963861544895
471 943 202 106 117 0.1219 0.1469 0.862698047131 0.947584848608 -1.96070098094 2.08640133203 -394.696804808 0.97770905862
472 1105 177 243 212 0.0801 0.0936 0.99281189892 0.98227903041 -2.64900226579 2.47374076494 -376.837960821 0.996639782923
473 5007 115 2939 1106 0.0242 0.049 1.04282195266 0.974221599166 -1.97034922111 3.00947020715 -350.557030211 0.975182351259
475 6052 132 2333 2081 0.0266 0.0256 0.930106637989 1.04480389023 -8.93218630266 4.58270577428 -348.492797992 0.984721649855
479 19397 118 6097 7682 0.0633 0.056 0.934762119229 0.952064567326 2.40425420655 2.44223087682 -598.542434804 0.989312591602
481 10822 362 1894 2511 0.03 0.0231 0.978587444379 1.1907492089 -3.54006015264 3.27686090351 -989.25216227 0.985315323157
482 10483 33 4098 12867 0.1245 0.0563 0.640211958275 0.79039752608 0.422256355855 3.82384418116 -168.335247504 0.978591161049
483 21082 148 7131 12850 0.0298 0.0194 0.952465779379 1.07268545019 -3.81079954737 4.18944895983 -540.051034883 0.994389926023
484 1060 241 139 131 0.121 0.1362 0.947425992153 0.978591123514 -2.14568116629 2.12950560569 -463.284250545 0.993250701324
485 973 221 122 128 0.1305 0.1361 0.91391063017 0.968672766751 -2.19689833855 2.15310790009 -426.270010106 0.987558459244
487 5341 138 2824 2028 0.025 0.0383 1.082076223 1.01600134862 -1.8444496079 3.13065701509 -448.169130856 0.990648825219
488 5689 133 3236 1007 0.0224 0.0574 1.07314800289 0.975785495732 -0.841576877355 2.65006616757 -422.243818087 0.976205997088
491 1083 302 109 93 0.1279 0.1829 0.974731444828 0.966067476771 -1.84194739716 1.90207441373 -536.898031298 0.987358545481
493 4562 70 1164 3888 0.1045 0.0425 0.736455665672 0.915669983919 -1.31387193995 3.48401255218 -271.480802076 0.979747742418
496 893 221 131 83 0.0911 0.1852 0.96989110534 0.932282544253 -1.98403842537 1.95850338446 -394.230885883 0.970069158404
499 10955 612 4854 1074 0.0081 0.0434 1.39110055943 1.20002538449 -1.60869634932 2.47442700933 -1585.81324583 0.990372511772
501 758 24 157 413 0.3722 0.1803 0.401622952229 0.655555296354 1.89380003976 1.96716837545 -101.859171315 0.955951440816
502 4982 279 643 639 0.0853 0.0965 0.930479846132 0.987920380924 0.567712540399 1.94930229234 -901.105566519 0.991525800167
503 428 76 127 78 0.1029 0.1746 0.849925096072 0.816668205353 -1.8853075011 2.15354989285 -157.457504694 0.980940672884
504 755 161 178 92 0.0747 0.1683 0.995906391269 0.90873268654 -1.90358099502 2.03913371491 -309.027017242 0.975119809513
506 5523 202 2245 951 0.0243 0.0541 1.08881016488 1.03353630692 -1.0410730941 2.56714909907 -601.619424396 0.988387220677
507 557 17 138 198 0.4 0.3143 0.369879795053 0.546052150583 2.55103455671 1.43373322778 -74.2937769727 0.931797067459
510 6136 459 2711 741 0.0109 0.0511 1.3356569153 1.15027254466 -1.86493340585 2.48018170979 -1137.82738164 0.991112290669
511 2788 106 868 892 0.0745 0.0756 0.929473758031 0.917886428713 0.210550168536 2.38406211054 -367.928841888 0.984210741056
513 333 59 95 79 0.151 0.1744 0.800791502975 0.788783091726 -1.87050505144 2.22110896801 -127.640204203 0.965198065739
517 5787 24 1639 10897 0.2971 0.082 0.520522958637 0.721338844776 2.41260906563 3.23892771242 -138.610935515 0.896188791725
522 6075 425 3210 482 0.0082 0.0617 1.31991692061 1.12766159594 -2.23382440651 2.4426460547 -963.716888116 0.977908445798
523 5930 133 2823 2231 0.0308 0.0412 1.05585175472 1.00342461654 -1.07217519942 2.98457796947 -457.563385211 0.993586738703
526 5160 469 512 932 0.073 0.0516 1.03713520447 1.14302800783 -1.14819648333 2.38764599843 -1273.31093466 0.991043399441
527 4008 18 1065 2533 0.3013 0.1784 0.433527319516 0.620219143446 3.900897068 2.04317875132 -109.531010618 0.937279201624
528 3914 43 1027 2774 0.1364 0.0693 0.624173342611 0.813619239447 0.732253796105 2.96566558243 -189.435932648 0.981823423724
531 2786 260 1287 287 0.0175 0.0952 1.21654097969 1.01214460975 -1.33700872708 2.18428238685 -617.557036722 0.985688854202
532 21856 319 4219 11121 0.0466 0.0202 1.02747306747 1.17325417792 -0.694678956376 3.15505773221 -1217.08230436 0.996443070625
533 1042 275 147 70 0.1319 0.2588 1.11693391591 0.870922524201 -0.639244935607 1.53398337308 -539.596685615 0.980678135755
534 4453 396 2227 278 0.0099 0.0949 1.30528157311 1.06895703214 -1.63972302283 2.15409310831 -867.036050946 0.967036308195
535 7218 412 3487 648 0.0101 0.0647 1.31018371042 1.10271516728 -1.02160921811 2.27256849708 -1089.30865644 0.985355842853
536 5599 356 2452 803 0.0142 0.0523 1.27954441332 1.11113606444 -1.50242174819 2.4830298482 -944.34913298 0.992392891749
539 1041 259 153 123 0.1142 0.1448 1.04882615563 0.979615923458 -2.04447162139 2.07030501702 -490.148100879 0.979881795443
541 9090 500 3563 814 0.0107 0.0506 1.27855298268 1.15943622249 -1.6227639659 2.43720882711 -1269.80646718 0.987920686438
542 6375 131 2062 1167 0.0417 0.0611 0.895239034455 0.964780053583 -0.169779871645 2.52688733869 -445.651191313 0.97398193111
543 6159 448 3100 521 0.0086 0.0595 1.32961586627 1.13743082817 -2.18583034522 2.44467739509 -1026.47523418 0.980262072782
544 5866 365 2983 671 0.0103 0.0539 1.28822075212 1.11562433134 -1.89413351244 2.50834046675 -912.042842475 0.991601648086
547 4049 27 808 2839 0.3394 0.1398 0.442680668779 0.692474328848 3.45688247645 2.13506717553 -154.80360788 0.954472205994
548 6645 408 3039 735 0.0114 0.0567 1.30952061536 1.11885631877 -1.33494559319 2.38628920563 -1068.68551297 0.98957997079
549 5270 317 2314 915 0.0159 0.049 1.25660074046 1.10242130783 -1.52406423566 2.55717877655 -865.658455102 0.984724129722
551 5525 312 1033 1847 0.0496 0.0296 1.02066099041 1.14909849882 -2.75813861349 3.05907329224 -868.205550331 0.995419606551
553 5247 150 1634 3610 0.0507 0.0248 0.975218732669 1.06142963153 -4.69419944571 3.93092934759 -462.082477652 0.991683457964
555 6154 235 2790 560 0.0162 0.0623 1.10585116523 1.04498143762 -1.68344134393 2.50755444929 -609.483278272 0.964700183816
557 847 235 106 87 0.1578 0.1878 1.00023860309 0.931099367096 -1.70701824236 1.8989866881 -432.042270247 0.992386044532
558 53888 617 11950 5138 0.0185 0.0472 1.22840940481 1.14983221133 1.58863463314 2.17995631974 -2593.32575594 0.993678771273
560 1058 11 681 444 0.1909 0.2228 0.522246264769 0.538258533299 2.38100059669 2.12619374698 -52.6637735069 0.943851620056
561 560 144 37 66 0.3085 0.2408 0.673092342046 0.824740847839 -0.723378271665 1.64936434728 -295.661908402 0.987265270614
563 7890 255 3273 2520 0.0202 0.0295 1.16751452652 1.11884269443 -2.10922055373 3.07487438874 -782.774049125 0.987933199247
564 12442 268 2849 1878 0.0289 0.0371 0.995961584228 1.10351706647 -1.29220452463 2.77691091551 -828.807792159 0.968560831534
570 7878 338 1717 1547 0.0389 0.0392 1.07283881341 1.12867311071 -1.31208402175 2.66022425419 -997.648265917 0.991562176412
573 845 197 107 94 0.1591 0.1872 0.911959112441 0.901404675517 -1.20385502199 1.83634668471 -397.355701495 0.987355050404
576 2820 17 1213 2138 0.1748 0.128 0.525581224625 0.642969580301 2.26129038285 2.74236243895 -88.8187029686 0.938863439877
577 8342 95 3591 2875 0.0483 0.0644 0.953192409653 0.915662759314 1.44819356946 2.46216845098 -415.25623652 0.988332605301
580 1954 22 462 867 0.3114 0.2074 0.435072924302 0.626828067766 3.18311176628 1.77680066243 -115.04362303 0.966289469904
581 1350 160 292 240 0.0751 0.0983 0.920871377681 0.955499506547 -1.66457382799 2.31303289338 -379.219321689 0.983096593053
582 3155 438 335 375 0.1041 0.0911 1.04463671279 1.07141032091 -0.942707246964 2.06922483082 -1069.6448642 0.993172822627
583 18001 245 8550 2050 0.0162 0.0551 1.16152841181 1.04198465561 0.683900135042 2.32432112668 -908.324858527 0.986800018086
584 5032 344 2074 879 0.0165 0.0473 1.27013506318 1.11857586881 -1.82007055518 2.59157519001 -905.713482197 0.992586773679
586 6260 239 2685 592 0.0207 0.0927 1.16608070698 0.981412051866 0.322498803484 2.02038038597 -751.204042618 0.979423038397
587 5859 305 409 1288 0.1054 0.053 0.788050844852 1.07892965357 -0.300508908671 2.38268162848 -966.14332526 0.987632369647
590 3938 122 1653 1761 0.0386 0.038 0.98881977165 1.00199326634 -2.74806135033 3.33601441416 -378.825601318 0.987810487381
591 1008 229 212 123 0.0776 0.1395 1.10075261484 0.972492322193 -2.23634068575 2.13990031712 -433.645247603 0.991895133438
596 214 12 69 136 0.3462 0.2179 0.361503128175 0.556988578073 0.392681341739 2.33755983764 -42.4297575866 0.939855603619
598 737 222 71 115 0.2211 0.1321 0.88745914162 0.986857664522 -3.14231677642 2.32239244352 -387.060466054 0.981236309768
599 6132 312 2357 925 0.0205 0.0582 1.24069048154 1.07526592547 -0.621697339419 2.35083940547 -920.692641433 0.987183852406
600 941 38 654 619 0.0528 0.0512 0.824410577051 0.823449898576 -44.4773456353 9.2271465412 -91.1068419437 0.976193520408
603 4136 170 1263 884 0.0376 0.0549 0.983860200486 1.01244979419 -1.2614697956 2.6425171139 -502.492659298 0.989081171634
606 919 162 153 244 0.1195 0.0778 0.899621874072 0.993810359061 -3.67658172517 2.76563157433 -338.110873592 0.989986841411
609 524 146 52 53 0.2355 0.2676 0.796157644891 0.814316031034 -0.922119782127 1.62652474174 -279.150195237 0.986996873704
610 6434 390 2782 868 0.0133 0.0508 1.29838376412 1.12486535872 -1.43058879166 2.47028889905 -1042.38926232 0.982732852664
611 7431 278 1877 1931 0.0447 0.0398 1.12760099293 1.09925429986 -0.803735862043 2.65921028236 -891.458189868 0.990504400026
613 3421 23 1104 2310 0.2613 0.1454 0.547215509261 0.669893812399 3.2758959654 2.18621502517 -128.919658106 0.946806868539
618 5543 290 2232 846 0.0195 0.0552 1.2094743075 1.07649102838 -1.10164562056 2.45451407866 -817.038883123 0.990487539456
619 838 206 113 109 0.1122 0.1419 0.938815469992 0.9641810935 -2.66701112858 2.21919460892 -372.389841419 0.990776565305
621 6169 72 4789 1694 0.0228 0.0442 0.964004897133 0.919875317118 -3.38867937554 3.67450666912 -233.013818373 0.986396952264
622 5766 170 1938 1971 0.0439 0.0417 1.05844034375 1.03364359848 -0.919068634348 2.82830682847 -567.69122246 0.992869438451
623 13020 245 3336 5635 0.0398 0.0241 1.03213810317 1.12637413216 -1.52031045434 3.21300182946 -853.23395359 0.993333374919
627 6346 129 3177 2019 0.0291 0.0464 1.05641388694 0.988525118974 -0.557522155341 2.82610835307 -454.538240967 0.992177830407
630 6216 409 2724 809 0.0122 0.0482 1.30215604996 1.14084332819 -1.93333370268 2.54923055898 -1034.69916616 0.993834843049
635 5907 163 2530 1732 0.0215 0.0282 1.00106651707 1.06760571883 -5.76397536334 3.85612927429 -435.480203214 0.987131746613
639 6040 116 2363 1254 0.0306 0.0425 0.897892654477 0.988112105412 -2.9545893636 3.28134366235 -342.828113515 0.963562656015
640 12274 201 4426 6792 0.0212 0.0169 1.02584514671 1.12827191123 -6.38354152597 4.36342770145 -612.971633964 0.992518289967
641 8055 331 2052 2472 0.032 0.0257 1.11243048772 1.16777843937 -2.82028258767 3.14871607778 -946.69304069 0.994613549126
642 14094 294 3535 5837 0.0386 0.0225 1.09516048475 1.15677805757 -1.59083302755 3.18573062656 -1005.44435936 0.992851779213
645 8433 108 1254 9223 0.0898 0.0253 0.690654858523 1.0108013443 -3.1579246179 4.06338947494 -405.36452501 0.978963152875
649 2535 238 561 762 0.0533 0.0404 1.01481573188 1.09472052242 -4.00784168927 3.10790240337 -565.446039524 0.995424326509
651 7111 414 1963 890 0.0267 0.0581 1.2384461414 1.10962002716 -0.712812677141 2.29929992886 -1175.99521983 0.98838372861
652 66325 554 9629 9665 0.0352 0.0334 1.05172844041 1.18263799728 1.52003463018 2.4096098317 -2421.70245077 0.993937025514
654 1114 269 118 87 0.1511 0.2199 0.980452661948 0.897781314398 -0.782383387843 1.64872843833 -543.233329996 0.990665962727
656 5462 197 2828 466 0.0163 0.0792 1.10600949278 0.99286609722 -0.855351510604 2.28913956019 -541.940966515 0.960140820036
659 1475 275 287 242 0.0668 0.082 1.08216733603 1.05617250657 -3.20761665907 2.53062111337 -543.176559112 0.991714573791
660 5580 118 2366 3586 0.0424 0.0355 1.01808880358 0.999281346008 -1.36280670201 3.26396947294 -426.869081249 0.982302622511
665 9452 231 4474 5144 0.017 0.0165 1.14357018512 1.15176155469 -7.22248688837 4.36685687512 -654.205695062 0.993562162639
666 1335 11 775 729 0.226 0.2175 0.509100155931 0.539305422687 2.90448243577 2.13373605961 -57.63803467 0.968929654128
667 5094 145 2277 595 0.0275 0.0835 1.01034909287 0.944963270328 -0.0694261763399 2.23976092763 -455.436864927 0.964898257159
670 374 73 120 65 0.1055 0.1929 0.878390933265 0.804770552114 -1.95214623662 2.11015362172 -145.128749011 0.96554057212
672 3094 50 1113 1996 0.1195 0.0791 0.78750471199 0.821478631702 1.23561596112 2.60804654855 -218.399709203 0.9714096214
679 3245 183 1347 510 0.0269 0.0663 1.08402044102 1.00791847876 -1.64965628362 2.5314271451 -482.950049295 0.983202127399
680 10829 151 4809 5502 0.0287 0.025 1.04172787291 1.05959234142 -2.89535547568 3.68676648856 -518.99557172 0.993692045065
682 6959 392 3349 1181 0.0107 0.0381 1.30148026285 1.15748496805 -2.19414900831 2.73515913991 -1033.48086752 0.984934866035
683 27174 118 22031 5243 0.0128 0.0317 1.06614944287 1.00733289353 -1.44890518498 3.41866839953 -441.413552371 0.98705300477
684 6835 225 2454 1226 0.0282 0.0493 1.10490551006 1.0538565867 -0.85942664651 2.57877992824 -694.04565314 0.988269211352
687 41454 537 12162 5351 0.0171 0.0371 1.26413636006 1.17055087734 0.97337018111 2.38161133713 -2127.14837317 0.994915320988
689 3573 209 2250 176 0.012 0.1664 1.18192016816 0.894275955877 0.0161458894697 1.72357367789 -544.687352656 0.950833353604
690 1015 142 278 296 0.0724 0.0691 0.99319878245 0.986133252549 -3.94537254644 2.92514277385 -309.862276042 0.986514695752
696 16758 600 4428 3666 0.0174 0.0233 1.2706578358 1.25135693761 -1.62515782283 2.85645532728 -1819.14658557 0.996426529728
699 5993 11 2317 5087 0.3581 0.2015 0.3645456382 0.545214895542 4.77071035205 2.21638082705 -77.2099768135 0.939129623306
701 5910 467 2426 825 0.0122 0.0394 1.32875890089 1.18759779047 -3.23589187318 2.79614249712 -1067.28680291 0.986073386614
704 7105 424 3292 944 0.0106 0.0434 1.31526709748 1.15605540372 -2.07696188332 2.62051968768 -1081.67370575 0.989624131568
705 2866 250 886 275 0.0371 0.1306 1.16440514063 0.945618413666 0.0163273953956 1.84009739912 -684.727177455 0.99020514835
709 5043 159 2578 2343 0.0211 0.0205 1.06605254652 1.08693272933 -13.2082388664 5.22540341097 -388.385782719 0.993772835871
713 8149 504 3405 950 0.011 0.0503 1.35089671015 1.15581630532 -1.22738757824 2.39547705257 -1352.86991853 0.990987403882
720 35652 519 8975 3090 0.0194 0.0599 1.20858939041 1.101187547 1.52274318025 2.07379701508 -2102.50816585 0.988408013248
726 6750 259 2737 1540 0.0205 0.0303 1.15901624763 1.12458142122 -3.58971716277 3.22879951347 -689.101469044 0.985193492719
729 2146 39 573 1059 0.1832 0.1138 0.613872023445 0.758057591069 1.69990543911 2.27805634502 -170.808650591 0.979126249493
731 19298 259 8229 1911 0.0185 0.0647 1.16235190307 1.02632526731 1.10781964311 2.17052886701 -994.608123657 0.98101389493
733 42075 424 12821 2833 0.0165 0.0822 1.18401699506 1.03209335316 2.19444384883 1.88687925371 -1876.24574448 0.985142941944
734 684 162 115 85 0.1144 0.1709 0.901719997936 0.910136879883 -2.21626842169 2.08633293522 -297.697107632 0.972176635914
735 2825 11 1122 2036 0.3463 0.2277 0.401064143218 0.534184958623 4.20005657129 2.01122706088 -69.8537777445 0.945449576492
738 41085 475 9784 5172 0.0291 0.0534 1.23208160254 1.10612920126 1.93693007681 2.1310050166 -2103.15094808 0.993063341378
740 13330 165 6993 13427 0.0203 0.0165 1.09560495728 1.09913200604 -5.74836343147 4.55938704432 -568.429731176 0.980309564662
741 3501 28 2211 1766 0.0836 0.0943 0.746120187993 0.734348003769 1.0502164487 2.86490023161 -126.006019551 0.982617665074
748 40855 300 10582 7431 0.0298 0.0431 1.05968094891 1.08538431961 1.83650754309 2.36864159652 -1369.98645577 0.979065570484
753 5680 449 688 832 0.049 0.0523 1.02065319913 1.13916821375 -1.38780119574 2.41596094872 -1180.28885891 0.990884134933
754 7253 298 2600 989 0.02 0.0396 1.13354548794 1.12098161618 -2.76114082609 2.87152972321 -762.101772818 0.973969409409
761 614 100 197 136 0.0723 0.1108 0.923196089557 0.903048466515 -3.49696603903 2.65699112997 -201.952001785 0.979075470809
762 27046 152 10969 10699 0.0327 0.0282 1.02160700217 1.04738748817 -0.049294652948 3.2110659839 -639.685712122 0.992508787588
765 4117 162 1812 1329 0.0285 0.0404 1.07962777959 1.03530005666 -2.37331041397 3.05867584716 -476.025868049 0.992412282991
766 8674 313 2104 1525 0.0377 0.0474 1.09538155717 1.0943856029 -0.422484467959 2.46123652044 -997.595680323 0.983241838054
767 1056 11 714 477 0.1879 0.2412 0.561912105738 0.529616436617 2.7708141297 1.96814401074 -54.936580751 0.979263012113
770 4628 192 1272 690 0.0561 0.0977 1.07011901381 0.947435854937 0.798998076842 1.98298174123 -658.089943092 0.98926863083
772 21166 195 11542 3132 0.0155 0.0374 1.11786539108 1.05795474434 -0.371233292181 2.80421402283 -701.169659461 0.978538587822
773 4791 131 2078 1123 0.0359 0.0594 1.02940959558 0.968325731082 -0.396205552653 2.57482636223 -436.084475794 0.992283265018
779 5975 66 1812 4573 0.101 0.055 0.78496674091 0.886077844882 1.00145650393 2.90097095105 -297.580150865 0.976926935135
781 7634 430 3263 815 0.0122 0.0581 1.312580023 1.11768435909 -0.933422233814 2.31515323754 -1178.47202376 0.990746578209
782 921 198 233 117 0.0683 0.1451 1.11351193581 0.947510738358 -2.04048083614 2.10986111313 -385.044279918 0.992461239115
787 5613 328 1703 1314 0.0251 0.0273 1.14413140076 1.17071494487 -5.007760002 3.38584372026 -776.302340978 0.985974889607
789 4178 394 1549 519 0.0174 0.0617 1.28619379642 1.1144859885 -1.95965851188 2.42364136776 -932.680237069 0.98932371515
795 5260 18 1689 5171 0.2491 0.1383 0.505012481255 0.643604381018 3.82490111962 2.43943365583 -112.898605201 0.912326176355
796 1606 294 161 170 0.1251 0.1385 0.923160766439 0.978292965703 -1.07479726887 1.92505626751 -645.616252026 0.993714223936
797 8419 176 4963 2021 0.0158 0.0302 1.13117407191 1.07031797452 -3.59649858455 3.44412380631 -510.862703509 0.984827971027
798 22176 353 4572 3674 0.04 0.0435 1.0671036664 1.10715187062 0.866481178899 2.38082931521 -1372.48644956 0.990010581648
799 3128 20 1119 4132 0.1995 0.0857 0.517418460459 0.692860309896 0.160638763206 3.73074566012 -97.4128350102 0.952311037867
800 7442 399 3553 1047 0.0107 0.0437 1.30409579598 1.14420999147 -1.72280281448 2.58981046471 -1067.41226721 0.9934162747
809 7488 402 3306 945 0.0124 0.0537 1.30701818589 1.11742202994 -0.926618314205 2.37433407834 -1131.28282754 0.990713428793
814 6783 33 2748 3022 0.1307 0.1221 0.680954486618 0.729067705285 3.19758006032 2.19753534291 -183.003961886 0.968409563044
817 918 162 142 231 0.0929 0.0706 0.866989820915 1.00946667197 -5.30874902705 3.07183591341 -309.953018214 0.981982587974
821 4131 252 1510 1213 0.0256 0.0344 1.15188873748 1.11102909085 -3.37169679936 3.11360536923 -657.881365805 0.988865306432
825 77504 419 8185 12222 0.05 0.0416 0.919968533857 1.12401917847 2.40676699155 2.28635761537 -2070.53609625 0.994128851314
826 1309 18 724 590 0.164 0.1897 0.647273575405 0.616239192013 2.41915900323 2.02091684331 -85.1423662109 0.97699407728
831 10545 85 3316 4319 0.0692 0.0513 0.826181630243 0.923736372012 0.922731042137 2.8120713178 -370.921969168 0.982353123458
832 5165 147 1530 1806 0.0479 0.0419 0.947666743385 1.01606854435 -1.32455300492 2.94360124619 -480.890930069 0.99030795566
833 1949 24 488 1578 0.3265 0.1311 0.468752521978 0.685830187208 2.45878503622 2.34569873829 -120.832675478 0.94579433256
843 5213 357 2800 587 0.0095 0.0506 1.28532686572 1.12720545001 -2.85901640564 2.67885579309 -817.893964662 0.988718038993
844 1840 43 448 1034 0.2155 0.107 0.632156524599 0.775738943654 1.47300089758 2.31615431575 -182.686897071 0.976559998527
854 795 16 327 489 0.2693 0.1757 0.529750463888 0.61043865153 1.75900935875 2.27253357913 -70.7461994576 0.92316591282
855 2996 21 790 1803 0.3107 0.1666 0.442825629672 0.645848173387 3.38299923115 2.05667568661 -117.853573459 0.959263859451
861 930 278 91 71 0.2139 0.2416 1.03011447226 0.89650722457 -1.02346353443 1.63412576134 -517.828397569 0.989305074552
862 5221 29 1997 1349 0.1109 0.1246 0.612852272102 0.713641227228 2.20062008751 2.30150904714 -138.898372118 0.922323208706
866 8465 407 2390 1108 0.0235 0.05 1.19870485706 1.12533308979 -0.868814232588 2.40827043965 -1173.75196929 0.984831080099
867 10452 46 6071 3294 0.0593 0.0867 0.837858034753 0.801407819145 2.29216674084 2.46701884037 -230.209374145 0.984525539599
868 1065 136 298 370 0.0611 0.0543 0.938080950625 1.00328032047 -6.02397974888 3.42677453793 -287.960926841 0.980729189374
869 4936 22 1876 9484 0.2192 0.0762 0.573377466382 0.713272368925 0.89580605193 3.788368388 -117.365026015 0.93528068306
873 3353 19 1073 4444 0.2747 0.1081 0.479175500845 0.670307001721 2.45131428208 2.94753324782 -105.401643891 0.94514457638
874 38708 551 12066 4298 0.0162 0.0472 1.31574766163 1.14061293809 1.35209614218 2.21002919292 -2234.95157061 0.995520426627
878 6824 141 1771 5604 0.0547 0.0236 0.887977579533 1.05441389803 -4.03371367257 3.97002281389 -471.222162151 0.98547850019
881 36 17 7 7 0.5606 0.6296 0.472919153082 0.484804858998 -0.897608954995 1.22944559516 -24.3881186248 0.931541381273
887 4686 106 1776 961 0.058 0.1059 0.98967871185 0.872713859361 1.57701352551 1.99133008999 -425.565532097 0.995214093262
889 2882 24 701 2261 0.2569 0.111 0.447598495736 0.700003347954 2.16809052649 2.62803503257 -121.259910273 0.954830265332
890 1416 299 157 135 0.1114 0.1526 0.963206680352 0.975833513226 -1.36259525151 1.91414372922 -607.325650981 0.990542141582
891 5378 48 2926 3122 0.0621 0.0511 0.828035404666 0.851672215279 -1.695543545 3.67305897146 -187.480355329 0.979924083471
895 4978 79 789 1694 0.1387 0.0859 0.652435939198 0.865404174075 1.66468163305 2.24953837641 -341.751285474 0.977290274394
897 4037 32 2033 2140 0.0886 0.0776 0.690965294722 0.766713733369 0.241942468396 3.15334018099 -137.924097806 0.983437326998
900 19419 177 10498 3294 0.0171 0.0329 1.09102677336 1.05862408471 -1.21210497853 3.06207049351 -611.197140654 0.978908051092
902 5798 139 1350 1990 0.09 0.0623 0.928260458388 0.964276931934 0.936148523695 2.3813423077 -547.186356313 0.989600349637
904 1000 240 120 110 0.1306 0.1554 0.920412706496 0.960911301351 -1.99882266459 2.03973799105 -450.803934151 0.980623646414
913 10844 134 3884 4031 0.0369 0.034 0.939501084375 1.01887256682 -1.07974497626 3.1886202921 -490.450187228 0.98980936271
914 2794 80 1024 656 0.0787 0.1243 0.917456546174 0.825571469403 1.50790595869 1.94157587888 -312.991013467 0.9823237339
915 4655 350 711 726 0.0623 0.0674 1.04176331167 1.07206866621 -0.533145312126 2.22706083131 -999.548719116 0.993218085241
918 800 128 151 219 0.1026 0.0801 0.843195099578 0.963317196439 -4.1813963527 2.89904498664 -264.956854474 0.983147504049
919 3022 97 365 1477 0.2078 0.0727 0.636405768608 0.908425830012 0.897956957915 2.38610251443 -379.867328768 0.969581862715
922 4448 135 1567 741 0.0512 0.1091 1.02622418971 0.894731479107 1.28389511762 1.93702691585 -504.254064738 0.984664816819
924 2554 66 830 803 0.0945 0.0842 0.780731368548 0.852410149491 0.224626893685 2.48258726819 -236.754023724 0.972176787466
925 27175 139 17055 7375 0.0169 0.0223 1.06337731848 1.05568962929 -4.02919859888 4.07048408474 -478.339203902 0.986385169431
926 5366 40 2091 11421 0.1261 0.0432 0.732258931734 0.833926759736 -2.87870180686 4.59604737988 -177.119608005 0.949762247488
927 3128 35 1292 5235 0.1333 0.0535 0.721236489719 0.803015186584 -2.19283488155 4.18200073078 -149.239454931 0.947400719632
930 834 167 139 163 0.1209 0.106 0.92476511457 0.966791329416 -2.85258103896 2.44492964869 -335.79753683 0.993330249508
931 4500 26 1013 4318 0.2964 0.1046 0.464128047459 0.714480840072 2.84224497404 2.607599442 -144.56763502 0.924024767485
932 1139 45 606 393 0.0707 0.0971 0.825585275601 0.798636971965 -1.05295198449 2.71082412182 -141.213486091 0.987164227565
933 12794 654 5617 959 0.0076 0.0536 1.40106379653 1.17773676053 -0.940102882271 2.27965422154 -1762.88695326 0.98420463748
935 106 11 28 48 0.4949 0.3702 0.277474099972 0.481668405257 1.17398259927 1.50011103031 -35.2495270632 0.919056566618
936 3268 22 2045 1449 0.1063 0.1298 0.690103571167 0.676118709533 2.2149781532 2.44674019392 -108.401898788 0.980544620152
938 17292 260 9113 2740 0.0128 0.0357 1.18861292657 1.09970102597 -0.64838197245 2.75160761759 -881.704840912 0.992408550172
939 662 245 156 42 0.0673 0.2907 1.18983801719 0.901386022782 -2.38871723398 1.80830391972 -345.898883803 0.966594852371
941 72 16 15 25 0.5176 0.3921 0.33338308392 0.532055743904 0.0313832620775 1.52120430129 -37.9030338728 0.890152722432
942 4230 27 1073 7987 0.1862 0.0565 0.478819108146 0.760287340458 -3.79848367239 4.94624749143 -120.535487012 0.941578448521
943 5467 179 3406 1307 0.0141 0.0339 1.14419918621 1.066335779 -4.04921440303 3.38532722626 -479.818066863 0.99299903298
945 785 174 107 76 0.1215 0.2175 0.915040563705 0.863298426791 -0.967697492547 1.72987708678 -350.742627538 0.969776514637
947 4934 25 2462 3816 0.1323 0.0901 0.6689737732 0.721430443319 1.70196465826 3.02081154335 -127.022775279 0.98568678916
948 3339 105 648 1966 0.1212 0.0465 0.762713100225 0.96311938668 -0.949321485047 2.98636166454 -367.835931399 0.979664253103
949 3887 91 2062 781 0.0373 0.0946 0.994153555826 0.874131026102 0.868034513734 2.18060032777 -335.093591709 0.981879612993
950 2808 43 712 3467 0.1737 0.0567 0.624754203733 0.82888456253 -0.694586107494 3.4903075867 -179.898815118 0.958314739456
953 1191 251 360 107 0.0406 0.1643 1.1927548935 0.953749574534 -1.75505881483 1.96651320706 -476.979086617 0.98649747993
955 6781 31 2137 2116 0.2179 0.2095 0.639539157828 0.660246982159 4.13354575759 1.64227752495 -187.787424533 0.986442970036
956 8818 173 4910 947 0.0174 0.0568 1.11161668008 1.00869595349 -0.857351797669 2.56032412453 -529.711823544 0.951238667237
958 4047 220 922 621 0.0577 0.0823 1.00991727722 0.991907241486 -0.0183657456226 2.14453589862 -674.347867537 0.985841518368
960 3456 26 1677 1305 0.1331 0.1443 0.67743449823 0.685928423654 2.63717114562 2.15035332247 -130.60106452 0.964606546159
961 6953 256 3372 1366 0.0159 0.0385 1.20491101528 1.098372337 -1.99953392584 2.84951289288 -730.656078071 0.982988388287
962 5359 45 1387 2013 0.1869 0.1452 0.67990365083 0.743556640048 3.27851569295 1.88145391159 -242.644400511 0.985560654567
963 5442 32 2624 2179 0.0927 0.0938 0.676183402362 0.750994885119 1.6541919198 2.67679655729 -151.080891182 0.964564595276
965 3226 24 718 3395 0.2979 0.1078 0.446918965855 0.701945993834 2.56744053183 2.65052981712 -129.093271236 0.945440716407
967 9681 73 3566 15639 0.0786 0.0305 0.855190742764 0.941930635683 -1.81662587839 4.11213392188 -316.684210295 0.970339008241
968 4886 29 1570 4008 0.157 0.0792 0.577984002159 0.750851798132 1.24814177124 3.1290446858 -141.738068057 0.981899330141
969 5105 140 2401 1524 0.0288 0.0467 1.05008493535 1.00007296644 -1.06383569277 2.83502087837 -458.562464921 0.98923388772
971 5301 62 1836 2686 0.0887 0.0634 0.774808447441 0.867233086908 0.821580145331 2.77868242753 -264.646459526 0.981016029039
973 3235 54 1138 1040 0.1202 0.1274 0.816466286666 0.779966055072 2.17747931808 1.98878187957 -242.909868044 0.982723585092
974 34918 209 24511 12063 0.0093 0.0127 1.16350276145 1.15134719953 -10.5819341207 5.28235799079 -626.454753266 0.986558245813
975 8933 125 3908 1628 0.0376 0.0721 1.02655195663 0.936557555487 1.12777385344 2.28101170725 -495.707966929 0.973165237978
976 993 262 145 76 0.1335 0.2369 1.120623163 0.885322008536 -0.802976835344 1.61162721692 -513.467676478 0.970594729631
979 38036 137 25714 4016 0.0151 0.0418 1.06947450921 1.00210552355 0.309900587665 2.80966353511 -545.936250538 0.972074844875
981 3064 209 1154 489 0.0278 0.0633 1.09842381399 1.0309669043 -2.04684296717 2.57604663531 -524.728948947 0.983137718028
984 3412 358 1776 324 0.0101 0.0718 1.28893324675 1.09860187093 -2.85910780341 2.48909549598 -737.930609488 0.984363375609
986 9395 26 4339 12736 0.1168 0.0639 0.618786944995 0.747978110535 0.224952852803 4.03065973512 -135.634456128 0.954875422197
987 1241 202 304 168 0.0593 0.1144 1.03870961098 0.974395419599 -2.15192693878 2.25292959132 -418.44310093 0.987100852604
988 926 218 110 104 0.1403 0.1697 0.936133866327 0.930730339075 -1.52274276859 1.92938145535 -429.148312782 0.990809439982
991 7138 163 4163 1593 0.0173 0.036 1.11164171344 1.04556085885 -2.79980649647 3.21497356165 -479.471276274 0.987038445912
992 7271 153 4707 1115 0.0153 0.0507 1.11153786771 1.0056541369 -1.23578348882 2.74462491339 -471.986086413 0.981691686699
993 5921 50 1964 5393 0.1033 0.0468 0.704681592457 0.862091970251 -1.11833574432 3.70956001864 -210.454985363 0.980382551861
994 8566 134 2870 2922 0.0503 0.0425 0.96526722723 0.999428001588 -0.233229428591 2.85580910778 -499.555377469 0.98564631349
995 4540 141 2208 1252 0.0274 0.045 1.06051246724 1.00729392688 -1.90595223778 2.97210164812 -428.192880892 0.992025837627
996 14720 447 3322 3520 0.0285 0.0233 1.13856155444 1.21338942606 -2.03292570878 3.00782113593 -1350.70661843 0.992334344052
997 7176 45 1942 9423 0.1373 0.0569 0.687534314554 0.832887802551 1.48999589779 3.18473296932 -229.637518049 0.955260901457
998 872 181 70 144 0.2165 0.1354 0.752365475588 0.936763791067 -1.52107920573 2.07577065071 -389.220151302 0.982658277798
999 4285 87 1218 10260 0.0929 0.0235 0.8298801419 0.983979025538 -7.70752417827 5.16236042139 -308.709352396 0.953000637651
1000 948 162 194 226 0.0783 0.0738 0.912686204336 1.00468933375 -4.94648644772 2.99430471966 -312.979102382 0.991465506938
1002 4480 135 2660 758 0.0203 0.0566 1.07734107531 0.983023910373 -1.72588401016 2.76861319271 -388.885185384 0.977641195442
1005 7592 356 1923 1282 0.0285 0.0361 1.09842478205 1.14999766697 -2.36551182519 2.82277626181 -948.301980869 0.984488084047
1007 5451 149 1974 1733 0.0404 0.0426 1.00362790493 1.01643317699 -1.28843919882 2.9164048279 -485.363976984 0.992108233597
1008 5944 223 2244 2050 0.0269 0.0274 1.11870700469 1.11092113878 -3.87210861125 3.4282019406 -622.37600148 0.995618265238
1010 6355 87 2000 6215 0.074 0.0314 0.826274118805 0.966340754849 -2.65623929118 3.89922447292 -327.749394947 0.98555281714
1013 3128 118 934 1157 0.0515 0.0515 0.910734713389 0.971547490336 -1.34799422206 2.86364887521 -374.170774423 0.984815593791
1015 1246 174 218 270 0.0914 0.0802 0.907855234827 0.99401799044 -2.75969162897 2.5844656671 -386.121560365 0.98604928106
1016 1885 68 305 1059 0.1738 0.0748 0.66330711972 0.866712328584 0.146718805593 2.60074579029 -249.647770138 0.971269814315
1020 2109 22 469 1371 0.3029 0.1533 0.415928088581 0.660152660654 2.82140976888 2.1615104804 -114.14443473 0.953470332345
1022 7097 182 4114 857 0.0158 0.0596 1.14018182613 1.01075439642 -0.825533218753 2.50558133584 -549.205070174 0.970634880846
1024 2087 51 746 698 0.1001 0.1038 0.738891393175 0.800594777513 0.824362548523 2.32279936604 -193.796309431 0.986598441832
1027 6088 120 1254 2540 0.0894 0.0541 0.816538930232 0.96211078674 0.656715198715 2.59038348621 -476.448833372 0.992444712979
1028 3977 118 1931 886 0.0305 0.0616 0.997560665026 0.954948779839 -0.85088561913 2.64269346387 -373.185170273 0.983523173434
1030 37489 407 14751 1838 0.0118 0.0607 1.19113238727 1.08302805249 0.824701966399 2.14567003493 -1471.80634664 0.962742873358
1031 2599 29 658 1500 0.2659 0.1422 0.534361900935 0.699519224933 2.80529157687 2.09987921724 -148.668403125 0.962574232921
1032 6401 59 2190 5665 0.1052 0.0507 0.788874172981 0.878135012607 0.559530156947 3.16513689588 -265.957102435 0.975559496482
1038 3300 156 1127 589 0.0443 0.0793 1.02727297126 0.960361180307 -0.300777067357 2.28107643462 -476.028430227 0.985172642137
1039 23527 184 13913 8218 0.0144 0.0184 1.11932497192 1.10859995474 -4.61449077519 4.11663298 -607.841790108 0.992233382755
1042 5124 62 2507 7163 0.0588 0.0318 0.874571976852 0.916929330388 -6.13505899391 4.90015095262 -228.677493461 0.981629190113
1044 1163 153 223 212 0.0671 0.0939 0.88462651489 0.963112480886 -2.57747351899 2.49416288424 -333.992727703 0.983075711743
1049 61 14 39 19 0.1692 0.3157 0.63068244907 0.583608813591 -5.8205975417 3.04454975371 -24.2233633109 0.942938643258
1052 5379 412 2408 716 0.0117 0.0476 1.30963723098 1.14813965265 -2.45067633565 2.62038765622 -984.359490944 0.994118650087
1053 5991 93 1853 1511 0.0865 0.0948 0.901157119321 0.8711654173 1.86754474502 2.09347804977 -403.573468626 0.985149501958
1054 1074 281 129 104 0.1342 0.1688 1.008598384 0.965997943355 -1.79849846989 1.94509228957 -520.750357161 0.990445990833
1055 2032 306 320 161 0.0689 0.1611 1.03616304526 0.950216838546 -0.524776777623 1.76440723287 -708.042671207 0.974411099779
1056 3956 71 1540 1324 0.0792 0.0916 0.893716120863 0.847577701374 1.49717949338 2.24412744743 -297.946956247 0.993510700368
1057 5689 229 2542 657 0.0207 0.084 1.17667273514 0.991029086698 0.171656343134 2.10424031802 -718.656684016 0.985262787167
1058 1575 322 410 132 0.0424 0.1577 1.24276792979 0.978306091622 -1.33768648802 1.88826345783 -647.606988624 0.98367538444
1060 5304 406 2304 817 0.0126 0.0399 1.30323403295 1.16659733453 -3.26079884197 2.8336081861 -942.38555893 0.985219385988
1062 828 207 116 94 0.163 0.1869 1.02098552593 0.908282133456 -1.26594027163 1.84180295776 -411.912257909 0.982672217594
1063 1215 245 163 117 0.1144 0.1711 0.955811837257 0.932919333326 -1.07176879189 1.83586201215 -511.752793794 0.984328944939
1065 14017 683 6421 1322 0.0068 0.0427 1.41836735684 1.20962960191 -1.1379453231 2.41151482106 -1876.83603343 0.99586204149
1066 1205 311 249 86 0.066 0.2108 1.21539378311 0.935130314575 -1.23880285349 1.729798021 -580.194840119 0.984658109628
1069 973 241 115 91 0.162 0.1983 0.971557132801 0.914179150907 -1.13276279304 1.7698508606 -475.5458059 0.993401634921
1072 1286 78 521 377 0.0649 0.0837 0.901517935933 0.881731922584 -1.60231153255 2.65534840605 -219.023188308 0.990884082644
1076 1214 253 83 112 0.1885 0.1915 0.816700800459 0.90872688066 -0.6321249397 1.70689679736 -551.275607017 0.988061992771
1077 6160 48 2392 5483 0.1058 0.0565 0.76944356518 0.842897895451 0.707585767414 3.19596058486 -222.064257836 0.983082495531
1080 10833 283 4252 2429 0.0202 0.0309 1.18221156593 1.12782269336 -1.72935799557 2.94691406787 -873.416429208 0.989465949026
1085 6058 370 2439 819 0.016 0.0559 1.28232756179 1.10511004483 -1.10053734769 2.38829024007 -1013.85295264 0.991139552068
1086 6241 118 1337 3156 0.0747 0.0352 0.779851638584 1.00053278472 -1.77070356252 3.32055044285 -411.722461808 0.981696738605
1087 29536 154 11868 15047 0.0294 0.0201 0.98588553103 1.07524848404 -2.45901536387 3.92335687133 -594.546717107 0.994535983042
1091 940 260 114 87 0.1378 0.1908 0.996845141528 0.941665232608 -1.68922416137 1.87359304328 -472.215847539 0.98935845223
1092 41753 650 17883 7487 0.0074 0.0208 1.36162995337 1.26405203851 -0.566980498073 2.81695530709 -2280.9477778 0.988788373468
1094 9993 123 7605 1025 0.0137 0.0462 1.06542613298 0.989455268272 -2.64207707354 3.11902829128 -355.357328045 0.956102462752
1095 12208 382 4984 1519 0.0148 0.0529 1.28029615735 1.10136079534 0.0425993913067 2.3000783718 -1251.6123975 0.992169863928
1096 897 247 138 112 0.1242 0.1456 1.08917629475 0.979878585749 -2.48072295561 2.14721389106 -443.507176649 0.987353844608
1097 858 79 301 262 0.0867 0.0999 0.91415305094 0.867996731117 -1.45721293125 2.48013491068 -211.053485994 0.99344484176
1100 2496 44 1210 5031 0.0809 0.0372 0.791836098449 0.857078641558 -13.2803024227 6.31728121771 -153.345049707 0.951671545642
1102 1646 60 336 1938 0.1539 0.045 0.639597349118 0.893037152702 -3.8944683335 3.92347339044 -200.881276147 0.962738864145
1105 7937 298 2438 1408 0.0267 0.0363 1.12136877942 1.12424860496 -2.15800210026 2.85408365752 -830.817647587 0.977274068383
1106 939 224 116 90 0.1765 0.21 1.00273662001 0.887304810096 -0.790695310678 1.69515934166 -463.876680278 0.993099214348
1107 154 37 59 44 0.1518 0.197 0.762646284782 0.739227390944 -4.52961339708 2.75317986687 -65.7449695602 0.969514235594
1112 3236 31 1413 2261 0.1123 0.0799 0.666281545809 0.760050967832 0.517559532252 3.10216573744 -136.95286603 0.987771209105
1113 6456 137 2397 3367 0.0439 0.0316 1.0083847318 1.02923901108 -2.16739878902 3.38515881874 -464.945365449 0.990806873578
1115 5752 359 2100 695 0.0188 0.061 1.24546940043 1.09274397422 -1.09875760781 2.34229146088 -964.5608446 0.982148867213
1116 856 120 289 126 0.0575 0.1368 0.975309609444 0.892725661275 -1.86887939115 2.20739787642 -257.531258116 0.96949780902
1119 9421 452 2515 1577 0.0231 0.0334 1.201027418 1.1861351322 -2.02929782257 2.7547183657 -1233.88145692 0.991294341679
1122 1010 157 330 135 0.0488 0.1273 1.03887638078 0.934730828322 -2.19447967134 2.24648019696 -321.00803568 0.967159695893
1123 779 150 148 87 0.0807 0.1761 0.919173806686 0.891880629524 -1.77810246353 2.00684723824 -291.453979415 0.945277350667
1124 814 180 90 136 0.1698 0.1298 0.851003953034 0.948327186451 -2.1064982851 2.19720325755 -364.161057795 0.993033954445
1125 26182 100 18651 10022 0.0182 0.0195 0.99567729204 1.01559914118 -13.8116483772 6.13341281728 -318.639802552 0.989862156499
1126 4470 276 1792 478 0.0207 0.0882 1.20136760871 1.01181574928 -0.324240524773 2.09000659813 -777.563947073 0.989703173818
1130 1090 272 102 172 0.1669 0.1062 0.907026595795 1.02818816549 -2.83808036029 2.34406112995 -514.444524102 0.984029987496
1131 10650 346 2927 1806 0.0221 0.0306 1.08782376443 1.15921359269 -2.42973248393 2.95284562884 -964.765411299 0.979557464524
1132 6205 185 1875 1584 0.038 0.0409 0.987296944744 1.04865005621 -1.51683243752 2.87715784363 -574.129214172 0.989478957803
1134 1044 246 76 83 0.234 0.2375 0.807687673489 0.866287710184 -0.451479100637 1.56336005524 -519.970463158 0.978704670005
1137 5945 513 2158 688 0.0141 0.0567 1.34812252126 1.15061967692 -1.54019022902 2.36130805334 -1276.82940069 0.994028457292
1138 850 146 222 98 0.0703 0.1722 0.976960189252 0.881951579234 -1.33464230024 1.94356699897 -304.269988173 0.953298193191
1139 899 290 117 57 0.1497 0.2777 1.1423564488 0.880752204259 -1.07227941235 1.56411233974 -507.17348283 0.989501349917
1140 9446 418 2328 1507 0.0251 0.0355 1.13817146818 1.16932803186 -1.8516409893 2.72119428675 -1157.5894778 0.987582573947
1141 3610 85 1362 1022 0.069 0.095 0.92413126606 0.864207559418 1.29570692738 2.16199939019 -337.196342321 0.985675105182
1143 1004 250 120 136 0.1285 0.1262 0.950619188651 0.997152473085 -2.6294797392 2.24262289112 -462.900519406 0.989691134353
1144 6663 166 2806 1180 0.0307 0.0649 1.08624039825 0.983981111145 0.252509620657 2.35220629957 -574.688371604 0.987242498741
1145 8028 165 2512 2485 0.0468 0.0446 1.00656572478 1.02066075553 -0.0624934609787 2.69252746477 -601.72221605 0.995809792297
1146 717 187 61 81 0.2187 0.2021 0.807107508228 0.88818618225 -1.26543767763 1.81191663989 -365.325510557 0.990563131843
1148 14827 404 4258 1316 0.0262 0.0923 1.25424870488 1.01489629408 1.47336189318 1.8653953808 -1540.15945797 0.995158922285
1152 1035 239 117 123 0.1593 0.1554 0.939422517016 0.95012664775 -1.48041038029 1.95741918646 -483.62951925 0.991129252838
1154 6907 384 2742 1585 0.0157 0.0307 1.28638052486 1.17495339288 -2.72719886206 2.94692449357 -1022.97055949 0.985916156132
1155 3316 299 949 324 0.0361 0.1213 1.20248699475 0.97318798642 0.02953535118 1.8570964177 -827.060243555 0.987361013904
1160 8003 157 2591 2709 0.0361 0.0352 0.955064544255 1.03825906307 -1.44010957757 3.0897444535 -530.965038129 0.992591152331
1161 4687 102 1941 623 0.048 0.1167 0.956097792406 0.858767935697 1.24409550156 1.95050262989 -379.50302695 0.951118072815
1164 6625 252 2894 640 0.0188 0.0814 1.17321318931 1.007756512 -0.0142195857127 2.12436276946 -767.161804465 0.980874713932
1165 2279 286 540 445 0.0484 0.0605 1.132480351 1.08130285708 -2.69079289518 2.60874480845 -650.883143981 0.991693101797
1166 6266 582 1813 735 0.0189 0.0547 1.35486458341 1.17100081736 -1.54033111296 2.35427513767 -1443.56727124 0.994565106718
1167 389 114 41 53 0.2189 0.2264 0.73374319192 0.837922554031 -1.97886922021 1.93934799356 -200.911625432 0.96111590478
1168 936 251 149 113 0.1189 0.151 1.11145667815 0.973140782939 -2.16298292199 2.07747903118 -463.722203697 0.979193240141
1169 8885 18 3098 4540 0.3334 0.2514 0.584981397692 0.581276035212 5.31012395839 1.62379118337 -129.947276743 0.910434136162
1170 9827 104 4266 2173 0.0475 0.0994 1.01061055131 0.875024092248 2.46720839355 1.99259258352 -493.723129515 0.989673700385
1171 5682 271 1260 828 0.0605 0.0889 1.13619228296 0.993941783069 0.754735372584 1.98784240475 -921.672340277 0.99513529335
1172 8505 483 4135 765 0.0085 0.0537 1.34493174951 1.14764729729 -1.49937702093 2.39840433456 -1232.85729941 0.989628168514
1173 20 12 4 4 0.6944 0.7337 0.384770186301 0.396193337387 -1.09591644829 1.06093005446 -13.4708659732 0.975391982027
