0 3839 10 1479 2219 0.753978961316
2 513 158 35 25 0.91141986614
3 2986675 362 754104 269476 0.757377354318
4 2857800 353 793915 262089 0.816497241763
5 3109993 506 845860 214488 0.75063219535
6 2003269 355 297868 178339 0.827897310558
7 2643 288 1281 118 0.573197171
8 2316547 530 380415 150447 0.62322393113
9 20141 130 6760 2646 0.576331596774
10 1999626 475 408505 140551 0.634549613614
11 1101270 259 202694 120466 0.776678582235
12 2720624 564 394001 169836 0.667730765495
13 6442 319 2862 320 0.691689912512
14 5701 147 2255 569 0.819445392678
15 2876693 563 674837 180655 0.697289188961
16 1644619 376 213248 137738 0.855400658234
17 4702 174 1770 390 0.417289173682
19 929 161 233 56 0.803376119532
20 86371 1055 13575 2149 0.825711779733
21 616 13 233 276 0.91348825806
22 7125 176 1654 629 0.313063946558
23 1655048 510 376600 108053 0.670057441248
24 1269 302 197 42 0.906339385986
25 2939735 469 586830 214825 0.81101737259
26 4415 388 800 165 0.805479819686
27 2062264 466 384109 147593 0.635437932813
28 909 267 200 30 0.816787856606
29 27283 846 2476 692 0.855940563149
30 18000 401 2134 871 0.877889616265
31 28334 288 12205 1983 0.922768403133
32 3699 102 1264 473 0.520456750636
33 3523886 740 516927 178725 0.742797207849
34 378 81 71 35 0.776574552594
35 4915 133 1353 523 0.854701404656
36 1784119 318 245014 172002 0.821706946204
37 215474 872 39676 7240 0.783275598851
38 4137 139 1349 411 0.695553141905
39 2407831 374 673411 208254 0.841846014232
40 296215 400 176780 20395 0.683272365821
41 1533454 303 259530 151941 0.712968285529
42 3522280 422 734806 284186 0.756568431014
43 4606 23 1705 1773 0.825778748591
44 852 15 365 363 0.940876843978
45 10145 115 1189 1355 0.776528988108
46 1324137 334 240180 120024 0.777528676453
47 3087547 398 1181981 258798 0.671199097127
48 1676186 568 265227 100124 0.676064519123
49 165909 985 42379 4825 0.409236377843
51 120194 182 20706 14488 0.940856566734
52 6582515 1184 1521991 234659 0.238349084343
53 5855 334 2525 273 0.73858973835
54 173664 849 27568 5823 0.803207409718
55 2630794 538 651335 170406 0.613796518334
56 1652395 542 321726 102542 0.758654028031
57 3108748 363 340541 280506 0.736453659903
58 1528431 314 326499 147165 0.756573979566
59 206 19 81 62 0.842694416948
60 26304 828 7561 677 0.755294297494
61 6370 129 1538 725 0.807317522367
62 3002 123 1077 314 0.395253083066
63 3805 16 1356 1767 0.872677190231
64 2555 16 641 1153 0.876482030428
65 1388238 370 261394 116305 0.771604331552
66 1407767 707 163939 68853 0.548067140335
67 27728 171 6016 3022 0.1506323105
68 6986 320 2248 352 0.889891537025
69 3352 318 1555 144 0.532806568455
70 4452773 443 1099269 351109 0.704233853706
71 2916907 479 679042 209425 0.782455398447
72 3072622 426 416854 243707 0.838051276242
73 2602121 407 457349 211578 0.849564374393
74 4237806 1092 495723 156368 0.710370561204
75 108148 532 28966 5217 0.703629623106
76 2622732 575 427111 160706 0.669619795924
77 1529 91 344 185 0.770940546259
78 3367301 437 829592 263094 0.694119808951
79 14946 284 2961 965 0.706487755396
80 900 21 195 313 0.901778202987
81 2376427 575 540171 144530 0.654101309811
82 5159 355 2216 220 0.690666671261
83 2313196 594 422103 136610 0.647456278796
84 3501560 380 827271 307349 0.806760797889
85 5660 389 2650 224 0.660818648164
86 28256 246 9916 2269 0.428447540238
87 3067465 760 508424 150472 0.71886753335
88 1088 254 86 42 0.930944018051
89 1149 170 158 70 0.630953979872
90 23279 342 5714 1359 0.776066107951
91 121930 582 36286 5508 0.766281201809
92 2180946 430 521537 167346 0.51241789845
93 6877 401 3110 277 0.656129082661
94 2731263 493 769375 190560 0.503913878023
95 5403 156 2842 507 0.657859130211
96 3154 121 962 338 0.745893842441
97 3472994 822 381300 160959 0.684286500845
98 2680 277 1256 125 0.589049592537
99 2519980 473 348206 180869 0.613217898776
100 22368 238 11342 1792 0.37998887701
101 3613878 456 904983 274266 0.675899226553
102 164 38 53 26 0.91707810779
103 1817841 348 385828 163220 0.512488384611
104 1925705 297 658142 196981 0.863747329878
106 9028 22 3990 3745 0.838466708931
107 2318218 434 304550 177323 0.790902784445
108 8593 611 3774 237 0.517852160305
109 48 22 7 8 0.849255270154
110 5246 245 1809 323 0.822901280192
111 84389 498 23581 4187 0.716699782388
112 2515958 469 567500 181741 0.708084812146
113 35587 135 23200 4827 0.103869441801
114 2051600 458 324448 148855 0.816951531542
115 243717 708 62147 10021 0.704663288824
116 52235 237 17081 4664 0.729491970322
117 982 35 267 242 0.916407396457
118 2299623 411 290811 183795 0.804207361306
119 1736 272 230 73 0.869703660587
120 2137 53 684 429 0.951330847971
121 514486 755 114646 21640 0.760569746415
122 6830 142 1249 723 0.792502425759
123 2377255 300 495722 244840 0.573197038999
124 1191789 426 205253 87946 0.81232957033
125 1991892 463 627992 142876 0.65326254343
126 1576770 464 337124 110901 0.720681851358
127 2380384 314 741435 236404 0.699020902575
128 8787 229 2450 633 0.197961605134
129 27675 431 6237 1342 0.915546583979
130 30772 395 4510 1642 0.83758990544
131 38644 655 5177 1334 0.820517769841
132 2603480 462 684441 190978 -0.0692573836229
133 734238 778 114919 31157 0.694508157983
134 6419 170 2952 574 0.657064385103
135 7430 365 1931 334 0.574300485747
136 53939 781 15650 1662 0.60060368667
137 1847 152 746 144 0.640392091122
138 5206 127 1083 582 0.703810972342
139 780 250 95 26 0.837656658068
140 1612212 284 230940 168587 0.717065866105
141 3472453 425 1100848 278211 0.680377502919
142 2194738 523 353097 143482 0.714075985187
143 745803 928 190477 27146 0.738033737642
144 2537081 400 489816 208787 0.721116978081
145 2102287 481 353355 146774 0.711034195793
146 1903485 520 292051 123682 0.730768630815
147 2423201 475 318984 172832 0.726548252133
149 2274658 936 258772 91068 0.798812229805
151 8123 302 2495 446 0.839836981478
152 174597 910 44706 5498 0.453543961378
153 2005551 497 349646 135818 0.511923991692
154 2519 80 1017 372 0.940448469968
155 2324964 520 763157 153390 0.338887734397
156 3904 38 1854 1075 0.809748245955
157 994197 289 413257 99030 0.759721929038
158 1562655 450 350550 112646 0.716150800867
159 2610856 389 615884 220146 0.758875416057
160 2492714 350 696346 227937 0.75401309545
161 7352 418 3376 288 0.645629257179
162 2245806 521 470284 147510 0.577964433017
163 2694915 381 923521 231466 0.792812749683
164 2802564 529 672856 184874 0.534423290223
165 1860 58 740 341 0.924647674415
166 2237349 682 273929 117287 0.576101780212
167 2328569 356 390841 208978 0.656081555111
168 102547 796 29683 3407 0.501990651345
169 2071352 425 273632 159841 0.846604138694
170 128084 851 26099 4121 0.483253012496
171 2099890 372 485646 180758 0.766114657558
172 2357249 374 587965 203737 0.784005998292
173 4842 252 1975 285 0.75024448964
174 3402129 553 838306 219516 0.801610108795
175 2914560 614 1070951 170497 -0.0214156811218
176 2814362 504 862190 193375 0.495294171519
177 1012 186 185 54 0.705143668815
178 86901 882 12140 2564 0.734654228214
179 3228844 538 684179 212323 0.65693546469
180 74509634 1555 10620353 2492508 0.838931472651
181 2976 150 1010 260 0.812160283099
182 1667268 370 335579 141669 0.854849636175
183 235882 1618 51052 4514 0.844215914184
184 1967938 341 754168 180737 0.654371381759
185 1878103 296 199182 192289 0.833102748925
186 2409903 542 553808 154043 0.719333695983
187 771 34 146 187 0.968927339086
188 7412 85 888 1213 0.922016046229
189 2001096 386 387383 166554 0.858366429154
190 2312743 359 457041 206279 0.675389365986
191 1359162 370 390571 113713 0.300513705238
192 4232 26 1186 1502 0.869491247249
193 2143671 353 386270 192607 0.728924420377
194 401 75 134 42 0.593900284525
195 2561936 469 490028 185443 0.835731917441
196 4561087 648 1340224 263640 0.649641467926
197 1121503 322 254833 103423 0.218836120729
198 9463 120 2201 1209 0.833652641342
199 3896075 440 918934 306192 0.660072978646
200 1888 303 208 72 0.855151146626
201 1865696 525 393956 120048 0.700105250109
202 3213790 413 681832 262193 -0.0341173172202
203 9049 244 1300 618 0.453140178591
204 2927864 514 616969 198496 0.68073537833
205 2246373 327 519962 215286 0.442763221183
206 2143587 492 357160 147084 0.752849130824
207 2851 11 2344 1559 0.839359167442
208 2435 109 587 273 0.802192729447
209 2943 295 1439 132 0.469393257683
210 2344365 393 486720 194461 0.637470285149
211 18639 261 9736 1342 0.652257357366
212 1137 282 183 39 0.86296220619
213 2133337 472 277945 151442 0.716888586255
214 1860207 494 931013 125838 0.530162575726
215 1888435 415 228813 147534 0.729653839091
216 1253204 312 651361 119468 0.416782069469
217 10050053 2011 1448271 233077 -0.543342397551
218 7898 227 4653 563 -0.104427396914
219 43361 743 7948 1353 0.755572435213
220 2637298 476 409637 188976 0.747300519503
221 2859752 526 727411 189809 0.685178897149
222 1884250 414 298377 147505 0.868871166021
223 2223439 299 274511 228591 0.854597656989
224 11140 401 2754 495 0.423310059368
225 3034117 630 776418 174232 0.577801938675
226 84430 729 21736 2963 0.497141080641
227 2563732 704 802389 132284 0.156816590929
228 2412 379 279 78 0.877011548164
229 2858715 339 332813 270726 0.674076144312
230 3109894 413 370984 252998 0.663736132667
231 3281 10 1256 1882 0.552068699541
232 94829 823 4446 3022 0.873763054457
233 18785 201 10365 1702 0.39331684776
234 2882 278 1277 136 0.691577959704
235 2058906 595 318947 120257 0.662767121684
236 2396 23 615 872 0.960245898796
237 10631 437 2272 430 0.711322471231
238 1053 55 188 183 0.87217742783
239 10580 44 2342 2904 0.963769808239
240 888135 975 248938 31483 0.727170277249
241 2405950 476 680313 171204 0.360633518522
242 7237 152 1384 728 0.778723892743
243 2327039 389 826888 194540 0.655890270707
244 1801420 425 488861 137610 0.721597069655
245 26315 197 7715 2532 0.166808508343
246 8379 32 1911 2770 0.953397979048
247 1271 315 211 40 0.803269105594
248 921 127 211 71 0.897421159478
249 2210574 497 183997 150796 0.762277838516
250 5377 34 1444 1646 0.963726163006
251 12526 261 4236 849 0.769700826215
252 3813818 563 982050 244458 0.667807389548
253 1864319 380 364308 156269 0.696497536583
254 2175845 516 535342 143766 0.703686266865
255 6470 115 2662 813 0.948222846851
256 2666001 365 838122 236801 0.727924011178
257 1494205 569 374605 88297 0.650436550825
258 103906 509 39924 5188 0.648982223179
259 961 223 116 41 0.864060039427
260 3003966 436 515709 233464 0.768532954538
261 2495 20 841 991 0.918149388167
262 2041929 351 159754 183625 0.827566522076
263 3801 70 1325 665 0.884782109983
264 2266760 353 502668 204625 0.746581882966
265 2867462 506 373288 196624 0.722646754229
266 1132868 308 234548 108280 0.575479498688
267 16992 221 9631 1398 0.382900897088
268 830969 401 121478 62592 0.817780253961
269 302045 1278 60933 7446 0.502595946031
270 1046 138 259 77 0.741361338661
271 2049180 408 374275 163297 0.818425189381
272 3193092 494 901478 224965 0.763335881793
273 2368169 458 516096 173724 0.598615723686
274 2280501 551 350716 143169 0.623241655687
275 22911 532 2075 884 0.6813682929
276 2927 23 930 1084 0.791470510097
277 3249446 503 1211513 226056 0.745193097337
278 1955788 411 309757 154497 0.878478058496
279 6350 55 2500 1419 0.850256692306
280 1522917 360 387477 131383 0.79464413576
281 2478899 590 450855 147958 0.653096284728
282 2796 61 1173 523 0.853277825385
283 1045 192 154 54 0.616249391087
284 4385246 964 263630 180689 0.668860461477
285 2105600 411 426716 167131 0.669056572714
286 1703922 525 572591 108886 0.317387576222
287 6137 127 3579 703 0.490792715369
288 34678 275 6797 2595 0.640530227612
289 2564849 346 408595 237058 0.642889603015
290 1781442 330 551774 166644 0.825820189895
291 3985888 667 884552 222656 0.158679867878
292 6220 49 2758 1507 0.955008876894
293 2486125 387 560403 209840 0.662780646493
294 2527076 601 417128 148777 0.569394481055
295 1771555 425 917359 135088 0.238879522198
296 7147 41 3101 1985 0.922709861357
297 5450 21 3304 2239 0.82709299602
298 2874158 506 735282 197101 0.754705459631
299 1615877 368 307072 137561 0.838308364667
300 2260016 414 734061 179411 0.568837918484
301 2445 398 186 75 0.959538531656
302 5734 67 2617 1094 0.867108659509
303 3322792 478 615951 241291 0.767570890425
304 5342912 1070 427304 204392 0.588741074274
305 1614001 683 288573 82277 0.735421844426
306 1600284 512 372740 103895 0.699505422306
307 4065417 495 1225958 291107 0.736547320955
308 37 12 10 11 0.913797966705
309 1188 296 83 39 0.90746468683
310 1595 23 580 557 0.889598444944
311 2769446 453 513423 207270 0.75828787483
312 2998229 387 341116 256276 0.720237235924
313 67892 448 9784 3602 0.555763481306
314 35836 360 9473 2124 0.728578124092
315 6135 137 1605 659 0.771269522842
316 4125 314 1773 189 0.718127974112
317 982 202 113 47 0.802507618637
318 1142 316 245 34 0.768559707637
319 1760526 399 181746 141250 0.870523574804
320 3107563 541 747892 202850 0.606495705147
321 71635 791 17631 2276 0.432025638139
322 29095 168 20296 3236 -0.0599761988004
323 1330 294 156 46 0.854822752649
324 2680909 438 618093 205833 0.719593700669
325 3063 271 885 151 0.899768905698
326 2517880 672 703350 134956 -0.109718512344
327 8326 137 4838 936 0.502065824475
328 1930348 425 506495 148175 0.860015502237
329 4041828 529 673509 274151 0.760502721797
330 5206 30 3078 1721 0.931364310719
331 9162 68 2551 1823 0.761343241063
332 13604 150 4557 1514 0.624716170427
333 2896860 515 871638 195811 0.771745757837
334 1873896 488 325907 128137 0.768095983514
335 1852005 412 233000 145384 0.82143716519
336 10209 43 6798 2837 0.793031150967
337 7288 169 3975 669 0.532906606195
338 2007014 583 278048 119050 0.750255192173
339 8627 141 3577 951 0.935821584398
340 2089 109 513 228 0.88724488034
341 3094940 431 1028763 243282 0.686329402424
342 1709820 446 190814 125048 0.803334415044
343 3353 64 511 619 0.893902941973
344 2144675 375 511785 183679 0.797865849615
345 1747036 568 292539 104742 0.791429522941
346 2548320 472 388792 183384 0.704371438607
347 24610 413 3582 1219 0.803262267391
348 951 254 135 34 0.844338299066
349 3967 19 1463 1684 0.932282012201
350 1451 47 781 302 0.615526892391
351 1719309 388 319429 140885 0.813180677428
352 2918 84 481 423 0.921677700534
353 3557541 425 816048 285514 0.585095569246
354 2492533 559 573229 155758 0.566911241578
355 2590925 444 738805 196116 0.743743805879
356 4220 80 1174 673 0.907881464564
357 2742348 548 559095 175510 0.68433287569
358 2641365 498 685767 182296 0.646280898422
359 2058988 329 339504 195099 0.801094866287
360 663318 452 122623 44378 0.759042408609
361 5512 138 1538 578 0.881559111642
363 1491863 510 202357 96602 0.642705803215
364 1778469 545 1095835 110530 0.36561850297
365 5288 205 2434 386 0.647157244743
366 2546368 389 464520 214280 0.780877508446
367 1997750 315 358266 195635 0.833247954408
368 6781 199 2494 531 0.145901996343
369 2675666 629 356453 152304 0.687110879838
370 1449891 476 236222 99212 0.666334656301
371 20573 155 11886 2347 0.280685454299
372 8912 57 4905 2012 0.723885662195
373 1817389 459 616562 130446 0.792538454753
374 2141 31 648 635 0.892885839949
375 1486 17 409 620 0.970843775205
376 2317861 418 291738 182802 0.668143229414
377 37416 801 3640 1060 0.601932227302
378 2334548 559 651994 145127 0.516490301385
379 22984 246 12691 1796 0.432881741215
380 1336264 333 565629 121531 -0.200336731173
381 1673380 633 427779 91243 0.459032477691
382 2334757 450 418616 173476 0.285445673582
383 2336 14 801 1124 0.894296015073
384 4540 354 1366 188 0.750570235143
385 4055750 758 548772 203860 0.373990835339
386 3724 121 352 411 0.983166327511
387 1976329 721 269978 97828 0.79369833529
388 1829 36 560 480 0.840538843367
389 3027149 341 577987 286339 0.851373806135
390 23011 393 5208 1180 0.489720443489
391 1004 126 254 80 0.672328985972
392 2386587 375 524053 205924 0.683566674646
393 1046 284 170 34 0.837484223865
394 2487 350 425 88 0.826429397995
395 3229 47 1022 749 0.960136271323
396 440298 255 75222 45432 0.744076071299
397 2313800 470 353691 165822 0.66103885522
398 3112463 521 472190 209664 0.748149262099
399 8538 500 1242 289 0.75148172142
400 2063 92 193 261 0.892457537554
401 9270 503 4219 317 0.596561821456
402 17663 45 9265 4989 0.746233403993
403 36976 472 6121 1722 0.439323253898
404 1115 243 109 45 0.871044533846
405 2011 13 921 994 0.936838153789
406 7289 387 3234 308 0.700664794246
407 2230 31 1134 664 0.85354980334
408 3147 47 570 728 0.923252017963
409 3037670 465 440241 224040 0.803318209332
410 983725 523 122668 60251 0.758878656439
411 1246 267 218 47 0.861584794029
412 1485365 392 257730 119387 0.780814428795
413 2082310 429 391229 159587 0.648257918472
414 4276 376 1851 164 0.566410429646
415 11902 420 5421 512 0.823560087495
416 10759 150 6492 1160 0.422921015626
417 2253223 299 568322 231772 0.778893452301
418 1708664 487 383398 116209 0.869144004325
419 961 229 147 40 0.837286605675
420 2448410 504 326126 166377 0.655700823575
421 7416 71 2973 1395 0.271850147476
422 54003 420 14432 2947 0.694572280515
423 4111 444 648 131 0.788666808798
424 4860 477 2217 150 0.46377541165
425 2242006 449 698637 166440 0.762045021609
426 936 289 107 29 0.887433989216
427 14070 210 6836 1179 0.536216862056
428 6458 147 1469 658 0.716546451142
429 2378235 381 358167 202623 0.734864407697
430 1102 264 64 40 0.90097760169
431 1953562 358 617460 172423 0.906947273247
432 1095 227 157 48 0.677471965328
433 2044884 360 325900 180297 0.820182144179
434 2626 55 1154 527 0.94509348198
435 6651 127 1462 772 0.846200450303
436 1029 296 156 32 0.869544767871
437 4815 99 1475 657 0.701248693848
438 2938295 407 949490 240936 0.573876389201
439 826 242 42 30 0.924572082244
440 2081964 530 585812 134082 0.68027318983
441 1714236 517 402774 110986 0.436667939048
442 1502 269 174 61 0.790428574699
443 2797128 453 212886 209615 0.749921034288
444 4599 109 2465 575 0.477493269493
445 3851 69 1066 683 0.986898085212
446 985 180 173 54 0.826372933244
447 57 19 19 12 0.843358015903
448 28141 587 3546 1024 0.577733457113
449 1907045 379 303575 160482 0.774696746718
450 7511 396 3097 312 0.740834269838
451 7040 477 3658 239 0.394618401309
452 6371 51 3486 1504 0.73077571945
453 2002431 479 652665 139809 0.367848380086
454 2289943 339 596827 213587 0.748968560147
455 5563 160 1900 513 0.566501811119
456 8652 499 3973 294 0.563489873931
457 4254 147 1258 404 0.705328994796
458 789 245 67 27 0.865965550453
459 5391 52 2776 1233 0.874416983564
461 1969809 570 235429 118889 0.645254564695
462 5400 263 2307 312 0.822430849759
463 2925 307 1447 125 0.47913276289
464 929 253 216 33 0.839604794717
465 1984444 502 449498 133154 0.760938360268
466 3439 115 650 392 0.933204902971
467 3001944 413 1032471 243597 0.601665727834
468 3888 34 710 1154 0.966861017478
469 1034402 423 131686 75917 0.816649161021
470 1442679 523 484381 91213 0.681281231265
471 943 202 106 45 0.811132548019
472 1105 177 243 64 0.794462748561
473 5007 115 2939 606 0.468823455482
474 1946228 356 282911 172504 0.85641577415
475 6052 132 2333 670 0.0832626574061
476 2967760 524 533567 198158 0.5879827039
477 2055715 318 507833 200086 0.812759207268
478 2122789 301 445427 216312 0.756531676347
479 19397 118 6097 2742 0.973681042328
480 2189119 485 320962 152314 0.618670322052
481 10822 362 1894 527 0.406724680629
482 10483 33 4098 3462 0.916274072156
483 21082 148 7131 2506 0.488340481939
484 1060 241 139 43 0.830763089139
485 973 221 122 42 0.832304208948
486 2512294 537 773658 162311 0.388066517419
487 5341 138 2824 558 0.720712693042
488 5689 133 3236 620 0.563014282989
489 2546970 560 546486 159202 0.705587014787
490 2359873 550 282089 148767 0.640985358166
491 1083 302 109 33 0.849108446256
492 2066565 607 300427 118790 0.687431294865
493 4562 70 1164 818 0.854087665553
494 1616017 381 417796 133793 0.490774324481
495 2459102 456 598605 181456 0.541311723138
496 893 221 131 37 0.768379880494
497 2304425 286 436192 245829 0.838983555649
498 1490853 315 631487 142861 -0.290259392521
499 10955 612 4854 319 0.559491193626
500 1066347 545 133589 63515 0.809238317796
501 758 24 157 236 0.943977868205
502 4982 279 643 267 0.934694201427
503 428 76 127 45 0.788871516021
504 755 161 178 43 0.794623613224
505 2061518 393 326722 169431 0.733885547081
506 5523 202 2245 412 0.654238286501
507 557 17 138 210 0.783412210659
508 2458345 409 374975 198269 0.709902915664
509 2890560 454 434876 216772 0.696062019999
510 6136 459 2711 209 0.645081819367
511 2788 106 868 329 0.927779285777
512 1844002 348 348357 165767 0.825432919487
513 333 59 95 42 0.83967785852
514 2683046 372 774788 234917 0.556073541907
515 110364 528 27033 5373 0.748540499874
516 1669492 343 357873 150775 0.842327904775
517 5787 24 1639 2211 0.935826182262
518 2378076 470 289283 170832 0.742524047259
519 803770 723 130493 36665 0.957827974315
520 2347270 575 360194 142571 0.608071725474
521 1645308 356 258564 144027 0.833623488206
522 6075 425 3210 224 0.335989445739
523 5930 133 2823 650 0.778574328807
524 273156 961 107079 8643 0.851480410754
525 2406231 384 358552 203829 0.797450756161
526 5160 469 512 165 0.886042275083
527 4008 18 1065 1754 0.767728695177
528 3914 43 1027 990 0.939151343369
529 1352159 366 201886 114054 0.874361773047
530 796966 411 253036 58627 0.682100436483
531 2786 260 1287 140 0.671634330788
532 21856 319 4219 1346 0.826925964751
533 1042 275 147 36 0.929593871482
534 4453 396 2227 163 0.4043792369
535 7218 412 3487 286 0.612396073892
536 5599 356 2452 242 0.697338554904
537 1038522 510 124363 65272 0.760497291971
538 52258 221 18503 4948 0.737558644854
539 1041 259 153 38 0.865105590093
540 2277824 468 531391 163643 0.478987595968
541 9090 500 3563 311 0.487720219058
542 6375 131 2062 716 0.665556781185
543 6159 448 3100 216 0.404945456633
544 5866 365 2983 250 0.542792682803
545 2289599 391 275829 190511 0.843940491642
546 2387068 331 569165 227388 0.7263058647
547 4049 27 808 1399 0.849779637786
548 6645 408 3039 261 0.641016415772
549 5270 317 2314 253 0.731571549519
550 1877380 408 277830 148664 0.876197254348
551 5525 312 1033 272 0.741840935164
552 1990796 364 340528 173559 0.783103300226
553 5247 150 1634 508 0.661846207403
554 2633722 359 374764 237021 0.771911674047
555 6154 235 2790 406 0.250356261902
556 2723767 354 450659 248300 0.726451491124
557 847 235 106 32 0.885461791071
558 53888 617 11950 2071 0.870892726151
559 40870 213 8031 3881 0.74396485633
560 1058 11 681 543 0.899785324095
561 560 144 37 32 0.952202114891
562 2116203 401 523495 171417 0.761470818177
563 7890 255 3273 505 0.699959788598
564 12442 268 2849 822 0.444691495163
565 1742165 336 330514 160418 0.755182557232
566 2316812 572 546461 141175 0.640017694226
567 2587057 546 1004387 165257 0.304366907987
568 1316933 519 204568 83195 0.655658391102
569 1275579 393 154027 101125 0.846112675471
570 7878 338 1717 386 0.714538032339
571 119064 913 26443 3554 0.338285004096
572 2643603 420 765478 209738 0.73001007959
573 845 197 107 39 0.897134303222
574 3419284 400 740811 287317 0.816892583256
575 2350114 440 528143 177990 0.587571852328
576 2820 17 1213 1241 0.940740530038
577 8342 95 3591 1268 0.942770676929
578 2252744 493 1056146 154983 0.410958950258
579 3336679 449 575228 254923 0.509433717575
580 1954 22 462 717 0.818546277835
581 1350 160 292 92 0.793212022552
582 3155 438 335 94 0.903952356751
583 18001 245 8550 1364 0.691726283252
584 5032 344 2074 220 0.726426392255
585 3288696 429 527534 260660 0.795604246245
586 6260 239 2685 408 0.753546294077
587 5859 305 409 298 0.893890775991
588 2560147 661 453452 139351 0.696403348468
589 1852916 445 407162 136552 0.766279674766
590 3938 122 1653 436 0.706487982796
591 1008 229 212 42 0.818960752072
592 2750908 441 402836 210315 0.645168601978
593 2505190 400 592081 206009 0.775672334093
594 19143 97 13309 3149 0.208547946691
595 2500396 487 759303 175058 0.406700532952
596 214 12 69 89 0.963944935631
597 1528475 400 249171 121135 0.824999982952
598 737 222 71 28 0.865669591637
599 6132 312 2357 308 0.785128942109
600 941 38 654 216 0.322286915498
601 381091 317 68587 32581 0.889057392385
602 1898645 323 309941 181534 0.80027943399
603 4136 170 1263 343 0.697799853317
604 2765066 581 408372 168691 0.692514846014
605 3232980 367 1350177 290089 0.761156572585
606 919 162 153 55 0.816216174242
607 2158634 327 294820 206369 0.831274808472
608 1076557 222 905938 132477 -1.05899648962
609 524 146 52 29 0.922578513094
610 6434 390 2782 262 0.680938384936
611 7431 278 1877 434 0.811210771627
612 1954736 455 458629 142054 0.698121121236
613 3421 23 1104 1285 0.872439774648
614 2734827 467 1187942 199625 0.69196276631
615 2488228 596 197228 147390 0.718436410528
616 2261399 384 276992 190619 0.85127868302
617 2407679 444 642455 181265 0.750713562873
618 5543 290 2232 293 0.715667901974
619 838 206 113 37 0.797086116193
620 3403221 439 899486 265413 0.791705142911
621 6169 72 4789 1123 0.329820272352
622 5766 170 1938 507 0.807962246571
623 13020 245 3336 940 0.733357947091
625 2644120 363 867085 235802 0.799443567936
626 350651 715 91313 14871 0.762646953593
627 6346 129 3177 721 0.780397376706
628 2072800 378 417477 175857 0.594898111319
629 2616584 498 495529 180499 0.729696512325
630 6216 409 2724 239 0.612593866507
631 2368963 586 276589 141734 0.695697677394
632 2863718 468 380669 209240 0.732204130546
633 3219922 406 393458 266292 0.637395868565
634 2631736 326 814638 255529 0.778033272504
635 5907 163 2530 541 0.250752367316
636 1315875 634 228390 70230 0.643742312247
637 2049079 591 613364 120324 0.676754364783
638 2759270 549 295602 176348 0.813834681944
639 6040 116 2363 746 0.271041337821
640 12274 201 4426 1047 0.386448589878
641 8055 331 2052 404 0.647945163848
642 14094 294 3535 873 0.731061377541
643 1576356 362 542270 135765 -0.071661788243
644 3837852 743 546068 195346 0.615656146028
645 8433 108 1254 1157 0.763516172024
646 2305308 356 539804 206913 0.83979802268
647 2617684 437 778277 201007 0.709326959124
648 212739 915 23743 6831 0.816564334094
649 2535 238 561 136 0.697603518761
650 1532 10 670 843 0.694325223346
651 7111 414 1963 279 0.766695864818
652 66325 554 9629 2897 0.864847947318
653 2553253 429 284257 198618 0.703021318864
654 1114 269 118 40 0.918952688668
655 38296 468 6904 1807 0.857374433123
656 5462 197 2828 416 0.377168483287
658 2427268 410 628668 195142 0.822320159638
659 1475 275 287 58 0.771406058929
660 5580 118 2366 671 0.85044491455
661 1085887 1326 338481 29853 0.34565551936
662 2186204 628 546588 122662 0.1259787514
663 2726184 561 440727 171017 0.691586745985
664 1643439 510 460030 107231 0.568144481314
665 9452 231 4474 684 0.394994908051
666 1335 11 775 697 0.943569368944
667 5094 145 2277 505 0.601939149928
668 2960041 414 266667 239624 0.698488311255
669 3464639 536 680067 229817 0.761123965672
670 374 73 120 39 0.768680190195
671 421862 479 38500 25789 0.796641745364
672 3094 50 1113 682 0.976259401503
673 581 10 302 299 0.465262358362
674 2589299 362 416935 231246 0.777986790602
675 2275839 584 417405 136159 0.551621030684
676 2498006 774 350376 118665 0.523549034253
677 55219 908 10454 1479 0.849914919788
678 2636270 371 559744 231007 0.803995770816
679 3245 183 1347 239 0.60014047728
680 10829 151 4809 1162 0.604752411528
681 39193 443 9339 1951 0.713627512169
682 6959 392 3349 287 0.632064707972
683 27174 118 22031 3984 0.272524088693
684 6835 225 2454 479 0.677365790782
685 2763406 510 661022 187721 0.270653967039
686 1981074 638 956213 108782 -0.019837227952
687 41454 537 12162 1743 0.832418047188
688 2940012 605 479412 174228 0.557382223856
689 3573 209 2250 237 0.485113763952
690 1015 142 278 72 0.761870912733
691 2384722 479 379745 168696 0.724060081212
692 3082693 551 622904 198117 0.737652345112
693 2586595 500 389855 177709 0.709830245581
694 79337 745 21177 2705 0.500683204812
695 2192385 323 407606 211718 0.798075157972
696 16758 600 4428 544 0.709806687584
697 1970707 387 266416 163531 0.853045074343
698 2001717 388 187858 165894 0.792802909515
699 5993 11 2317 3403 0.68099284715
700 2661339 462 333826 195547 0.756682858901
701 5910 467 2426 196 0.492715507862
702 2114491 354 553275 189393 0.863641855499
703 1546083 326 323290 144549 0.851869711151
704 7105 424 3292 272 0.573338780651
705 2866 250 886 151 0.870464823996
706 2764712 469 545677 201235 0.674404020791
707 1434528 609 336902 79799 0.533757244655
708 131712 760 32390 4719 0.721386165776
709 5043 159 2578 460 0.119717593377
710 3750216 434 1387722 296952 0.746659527779
711 2118309 480 1341130 148244 0.517237300491
713 8149 504 3405 270 0.706449350545
714 2358414 436 566110 179959 0.510944662819
715 2836986 632 426313 161627 0.7327366834
716 3634917 542 616836 239710 0.664653026702
717 62387 555 10678 2698 0.641910277044
718 32212 308 6783 2162 0.275862708892
719 2963210 393 687918 250203 0.71456031212
720 35652 519 8975 1513 0.873642106617
721 1886903 466 544929 134131 0.394604120056
723 1879679 399 302027 151638 0.885449266754
725 1116815 404 343694 85662 0.759792224972
726 6750 259 2737 414 0.423108024457
727 1694997 329 790780 158460 0.154178775378
728 2367467 453 370822 175142 0.716851156694
729 2146 39 573 542 0.981758914071
730 3173299 532 726081 210322 0.662376910949
731 19298 259 8229 1406 0.740503984658
732 2935961 349 755798 272395 0.795137947032
733 42075 424 12821 2201 0.864229982645
734 684 162 115 37 0.785011101208
735 2825 11 1122 1544 0.701588186962
736 2153340 518 428285 141721 0.615245189443
737 2219711 489 634671 153566 0.433618743336
738 41085 475 9784 1932 0.93388818021
739 85211 815 33736 2699 0.673182051342
740 13330 165 6993 1365 0.598993727325
741 3501 28 2211 1167 0.898797159204
742 2732138 463 436576 200740 0.829354297295
743 2056039 373 448742 176178 0.599727926671
744 19768 419 4887 932 0.583811587095
745 1647760 526 180736 104802 0.735700736887
746 2997172 371 773019 265111 0.716014036698
747 103365 550 19718 4813 0.631136281405
748 40855 300 10582 2894 0.893869424206
749 2430239 481 700368 171608 0.421474419357
750 2127950 387 322730 177573 0.679376719367
751 110820 505 35798 5615 0.710725696168
752 2345013 1406 1388230 65886 0.297024244876
753 5680 449 688 195 0.774792415615
754 7253 298 2600 395 0.308211221306
755 21511 287 4392 1453 0.924573488062
756 3376985 490 701319 240497 0.654020690279
757 2057663 426 562672 158418 0.785426173884
758 18328 145 11134 2178 0.164330900187
759 1550998 605 352115 87301 0.65431392349
760 19835 700 3600 571 0.849781111793
761 614 100 197 54 0.710401690314
762 27046 152 10969 3237 0.717685418726
763 1203446 547 163691 72216 0.802934866313
764 2117529 307 428604 212283 0.904171639943
765 4117 162 1812 356 0.689561560139
766 8674 313 2104 466 0.779746808051
767 1056 11 714 542 0.901174753456
768 1940408 359 445856 170877 0.775278724713
769 1996409 401 239889 161087 0.647034864488
770 4628 192 1272 350 0.919510639058
771 2811564 431 532304 219342 0.60848892926
772 21166 195 11542 1999 0.458656067616
773 4791 131 2078 514 0.758658705868
774 1695629 626 296731 93444 0.683758487159
775 2228265 375 373709 191260 0.82776051765
776 1726404 422 216232 132196 0.825593278958
777 2132050 397 328286 174260 0.710935423968
778 3495961 471 799897 257912 -0.200168859944
779 5975 66 1812 1158 0.968307128486
780 2933656 514 365797 198892 0.716458317088
781 7634 430 3263 293 0.69331814886
782 921 198 233 44 0.821917126975
783 3750042 501 1077921 264269 0.731020919919
784 2487404 340 846175 232721 0.78320653827
785 2286688 638 445682 127063 0.720644453603
786 971014 920 173729 36545 0.740766976063
787 5613 328 1703 264 0.38794581097
788 2905939 484 609054 206888 0.036300788846
789 4178 394 1549 152 0.683852549943
790 7718358 4809 671069 79214 0.825242211288
791 3165935 356 934117 290251 0.647062403066
792 5387979 508 913756 385381 0.215859630269
793 2752683 697 251696 144102 0.686771883191
794 2051540 423 824072 158818 -0.173778250054
795 5260 18 1689 2347 0.824848592371
796 1606 294 161 60 0.888086948625
797 8419 176 4963 763 0.303572963475
798 22176 353 4572 1248 0.846191225405
799 3128 20 1119 1266 0.944189561739
800 7442 399 3553 306 0.627160005846
801 2213756 383 493285 186840 0.849279309926
802 2267631 497 614561 154988 0.734358259967
803 2903052 448 679473 220138 0.600668236764
804 3051980 409 1219802 249958 0.747674575332
805 2492617 482 371826 176066 0.819098753442
806 1436126 632 149084 77422 0.775564079783
808 2992055 416 1009052 241411 0.741232473647
809 7488 402 3306 306 0.728953016453
810 2287056 496 366562 156740 0.684737813784
811 3184153 422 686264 254907 0.661795241019
812 220232 1003 47712 6529 0.421543033049
813 84314 415 11025 4917 0.676330473061
814 6783 33 2748 2161 0.912745896365
815 2180624 450 1525836 161250 -0.0407266722798
816 1781816 475 263363 124145 0.782579781261
817 918 162 142 55 0.680282963586
818 3109453 454 939654 234330 0.808771044572
819 3019809 431 777868 236992 0.793626012456
820 709702 326 101240 62501 0.553147445746
821 4131 252 1510 235 0.661388952474
822 3286029 461 962392 245693 0.681501472535
823 1955938 530 483814 125359 0.637670925943
824 114682 655 22391 4622 0.804816399533
825 77504 419 8185 4436 0.91858735874
826 1309 18 724 522 0.947696707691
827 1854390 318 445648 179249 0.69843095068
828 2313362 604 402769 134730 0.714437321961
829 2799337 362 859101 251230 0.758766734425
830 1736016 359 525771 151535 0.82273255366
831 10545 85 3316 1799 0.856635925141
832 5165 147 1530 507 0.757071788432
833 1949 24 488 677 0.947518040114
834 1817989 450 494531 132565 0.508084106091
835 1657432 476 1117914 114602 0.0598768309644
836 2269293 365 431917 199367 0.576403862428
837 2586653 554 566896 163223 0.722534901059
838 3527134 598 678297 213931 0.655426238969
839 2281640 421 203919 178722 0.845864899917
840 1644996 384 413896 135508 0.835319898633
841 2275303 432 481133 174467 0.794236586261
842 2865689 465 1203349 210525 0.565023093814
843 5213 357 2800 221 0.374307813228
844 1840 43 448 425 0.992716468523
845 2852329 478 709472 204761 0.590742963847
846 2631736 326 814638 255529 0.778033272504
847 3362293 426 853256 268323 0.658277513949
848 2969120 466 538327 218297 0.599687190255
849 2390146 500 542120 163178 0.554526497802
850 2314482 353 432134 209092 0.655288037843
851 1542600 746 132384 72627 0.755777149282
852 1896214 369 308878 163027 0.847526021037
853 4085768 868 345661 183069 0.582422311214
854 795 16 327 324 0.934306808727
855 2996 21 790 1174 0.843829334317
856 2117148 585 291022 125760 0.709985827994
857 1585734 285 213686 165154 0.901523700369
858 2529496 335 652174 239696 0.706111789955
859 3161936 509 520609 217307 0.71202973741
860 1985881 469 362068 140912 0.764458163023
861 930 278 91 30 0.932309087036
862 5221 29 1997 1764 0.790208279414
863 1944213 349 1087226 175069 0.186218868343
864 2683441 437 571167 206415 0.631861936814
865 1710435 341 351397 155463 0.84082449116
866 8465 407 2390 351 0.709541598703
867 10452 46 6071 2781 0.903241998696
868 1065 136 298 80 0.666088499082
869 4936 22 1876 1960 0.961821737071
870 2100520 458 584728 152627 0.760134159633
871 2181306 446 529712 162437 0.773179510759
872 1712430 336 378989 157517 0.730400693722
873 3353 19 1073 1405 0.973855149469
874 38708 551 12066 1573 0.884597843938
875 2107289 588 529333 124539 0.34882520914
876 2584197 338 335761 243491 0.698806901519
877 1948977 549 504434 121286 0.674294170525
878 6824 141 1771 727 0.703249672343
879 842341 299 135344 80600 0.800725371082
880 2455183 380 618143 210102 0.709468930879
881 36 17 7 7 0.94834100783
882 2029816 622 595556 114125 0.577041575264
884 37311 340 10178 2340 0.721176962472
885 2576429 492 572735 179265 0.795400416416
886 3538521 455 773695 268543 0.634551154315
887 4686 106 1776 601 0.949268210751
888 2261973 329 380816 215851 0.629480824308
889 2882 24 701 1039 0.97108735289
890 1416 299 157 49 0.860550203609
891 5378 48 2926 1302 0.7024931331
892 2257650 368 288508 197044 0.670408054128
893 2767739 625 393434 158776 0.644979158704
894 3313718 638 918783 189594 0.192650487883
895 4978 79 789 820 0.948919381205
896 2336864 441 170856 176563 0.776903423743
897 4037 32 2033 1251 0.848544167585
898 200522 633 51498 8910 0.659578626163
899 1970909 2408 583020 33467 0.688474643382
900 19419 177 10498 1969 0.344082520483
901 1692194 376 556779 142103 0.760610749367
902 5798 139 1350 609 0.963562616392
903 35419 249 13754 2896 0.033306818463
904 1000 240 120 40 0.823540530835
905 2291723 500 243749 156008 0.737373807547
906 1912459 388 428075 157971 0.689871617968
907 2172223 372 365638 187426 0.777535492252
908 2547211 465 790182 185482 0.659588228878
909 678878 425 99855 47913 0.767969009015
910 2194805 482 336517 153526 0.782313964818
911 2143677 438 518565 161859 0.751538623621
912 2712753 586 459091 163975 0.717761324851
913 10844 134 3884 1287 0.677168172409
914 2794 80 1024 419 0.952969222068
915 4655 350 711 196 0.88234090025
916 1869117 401 290218 150028 0.86553428962
917 141900 663 31051 5808 0.116007261649
918 800 128 151 59 0.743765714426
919 3022 97 365 390 0.983798477679
920 80 10 22 32 0.819568298877
921 1444910 429 266129 107649 0.657372941683
922 4448 135 1567 459 0.936675851546
923 1186851 317 256508 111258 0.676306017381
924 2554 66 830 443 0.838718515126
925 27175 139 17055 3498 0.10013910029
926 5366 40 2091 1474 0.875164006432
927 3128 35 1292 890 0.903176554077
928 81207 513 22114 3905 0.671882394845
929 2203264 468 372599 157961 0.722278848015
930 834 167 139 47 0.825893451047
931 4500 26 1013 1606 0.929910784603
932 1139 45 606 237 0.787480533496
933 12794 654 5617 360 0.587044423539
934 1688814 349 147323 150529 0.869261706064
935 106 11 28 42 0.942130606656
936 3268 22 2045 1255 0.940819938983
937 2193914 409 331685 175433 0.734313970635
938 17292 260 9113 1236 0.55360148031
939 662 245 156 21 0.753811727662
940 5342546 712 465107 288870 0.464573157746
941 72 16 15 20 0.919342490755
942 4230 27 1073 1467 0.851343748102
943 5467 179 3406 454 0.353946547532
944 1240763 158 553077 198929 0.353519019187
945 785 174 107 41 0.872776544596
946 3158453 610 591984 186928 0.676153221947
947 4934 25 2462 1817 0.966279339705
948 3339 105 648 410 0.888601023111
949 3887 91 2062 551 0.86563032059
950 2808 43 712 683 0.933965237777
951 134387 1210 10060 3132 0.746348215229
952 2202901 494 617935 151046 0.587341550013
953 1191 251 360 48 0.779755028525
954 54143 755 15978 1723 0.836195837373
955 6781 31 2137 2247 0.480076537594
956 8818 173 4910 817 0.306893097912
957 3368736 632 663218 194424 0.523754476667
958 4047 220 922 262 0.860926109692
959 3016146 374 926389 265228 0.734146354273
960 3456 26 1677 1205 0.923192631867
961 6953 256 3372 433 0.570385714258
962 5359 45 1387 1357 0.850527133359
963 5442 32 2624 1734 0.877245981662
964 696929 461 92861 46057 0.756723158771
965 3226 24 718 1175 0.964723483612
966 1679160 373 283931 141788 0.807770456647
967 9681 73 3566 1838 0.865254429259
968 4886 29 1570 1641 0.950509995862
969 5105 140 2401 522 0.750814676293
970 3346064 796 600576 158928 0.59158056044
971 5301 62 1836 1062 0.915154108292
972 4727340 756 509159 240855 0.56915674771
973 3235 54 1138 677 0.956642428933
974 34918 209 24511 3308 -0.331414877898
975 8933 125 3908 1095 0.81105927225
976 993 262 145 35 0.92278675615
977 1944034 507 754608 129215 0.574110056463
978 103683 138 28446 15299 0.900448255246
979 38036 137 25714 5134 0.30059278487
980 1784738 293 461489 183425 0.820709415115
981 3064 209 1154 196 0.606050377113
982 1518478 559 766098 91188 0.427118528907
983 2217749 624 382104 125225 0.684087265248
984 3412 358 1776 130 0.42934838702
985 2090701 393 401649 172065 0.540264355176
986 9395 26 4339 3553 0.914054566317
987 1241 202 304 64 0.756955384492
988 926 218 110 40 0.87637552839
989 2538751 550 536053 160970 0.687156881773
990 2532532 682 487185 134124 0.358311937396
991 7138 163 4163 674 0.391270549539
992 7271 153 4707 728 0.444321886183
993 5921 50 1964 1407 0.834286566725
994 8566 134 2870 985 0.776286805776
995 4540 141 2208 453 0.637129459075
996 14720 447 3322 620 0.614584674726
997 7176 45 1942 1871 0.981838126079
998 872 181 70 45 0.907222700639
999 4285 87 1218 640 0.806375831276
1000 948 162 194 57 0.676429779698
1001 1634344 468 411986 114474 0.451848457272
1002 4480 135 2660 463 0.452390994629
1003 3717194 958 318467 151936 0.493478801182
1004 2005001 619 572367 113087 0.670766952012
1005 7592 356 1923 351 0.524418084228
1006 2606138 523 1327293 172616 0.417314046773
1007 5451 149 1974 534 0.73011252973
1008 5944 223 2244 410 0.555028185406
1009 2665828 686 589245 141042 0.556279059444
1010 6355 87 2000 1001 0.793588535625
1011 867615 1001 206613 29977 0.76795418798
1012 2075082 344 216625 189939 0.803497208495
1013 3128 118 934 343 0.808929363474
1014 940603 524 144063 57300 0.728302266843
1015 1246 174 218 76 0.779643803617
1016 1885 68 305 304 0.95773739089
1017 2222282 407 199756 178643 0.755448712781
1018 196919 695 90541 8033 0.760903576949
1019 2417286 592 333812 143665 0.513930562836
1020 2109 22 469 779 0.931144263489
1021 2600132 616 671073 150327 0.736044938241
1022 7097 182 4114 607 0.457691979051
1023 2152613 355 270244 192585 0.774607212236
1024 2087 51 746 430 0.915039018141
1025 5791644 896 1687577 259686 0.339175377119
1026 2578132 404 696540 210732 0.73286905196
1027 6088 120 1254 732 0.941458092191
1028 3977 118 1931 454 0.694830344171
1029 54681 257 27776 4584 0.0148553039355
1030 37489 407 14751 2002 0.443948795295
1031 2599 29 658 822 0.916675511846
1032 6401 59 2190 1360 0.939716105026
1033 2532625 465 316155 184307 0.73000971706
1034 1871402 380 420216 156896 0.812357858776
1035 892931 234 714975 104133 -0.463450335347
1036 5937627 764 875005 305100 0.590735476938
1037 135245 546 26295 6547 0.659548968428
1038 3300 156 1127 283 0.799413101432
1039 23527 184 13913 2365 0.21543246379
1040 2210726 509 472853 147867 0.573597368939
1041 2444483 500 833015 167225 0.12593577983
1042 5124 62 2507 1023 0.736779487758
1043 30182 488 4027 1322 0.799201505673
1044 1163 153 223 80 0.713246126708
1045 1944380 257 322578 222631 0.796379725881
1046 3177057 715 636552 164568 0.757050228823
1047 72526 181 11707 8369 0.938283045316
1048 2540507 396 530044 210655 0.803797681397
1049 61 14 39 18 0.663852405692
1050 1099576 320 310206 101726 0.0897461836476
1051 2902114 372 424268 255695 0.764820340496
1052 5379 412 2408 199 0.579231631665
1053 5991 93 1853 887 0.938263929942
1054 1074 281 129 36 0.863190155458
1055 2032 306 320 78 0.865235468167
1056 3956 71 1540 688 0.966917477891
1057 5689 229 2542 379 0.787480786248
1058 1575 322 410 53 0.841771932584
1059 13469935 5221 1468599 134945 0.781744964407
1060 5304 406 2304 198 0.512174909194
1061 84814 746 31746 2915 0.424761876796
1062 828 207 116 36 0.912973430475
1063 1215 245 163 51 0.871835192469
1065 14017 683 6421 385 0.625681836869
1066 1205 311 249 38 0.868678968259
1067 873179 454 152579 59595 0.768484232028
1068 1719232 353 246076 152027 0.815547411563
1069 973 241 115 38 0.90413034657
1070 12 10 3 2 0.406349776955
1071 1276649 517 254745 80691 0.521256852965
1072 1286 78 521 172 0.774482458901
1073 77482 633 13799 3060 0.659970471627
1074 489002 691 185877 22114 0.727541921463
1075 1955569 381 225690 164179 0.811164937463
1076 1214 253 83 49 0.929049471273
1077 6160 48 2392 1513 0.947073211326
1078 2792318 426 276080 219846 0.684990981103
1079 434011 444 96928 28370 0.589648261231
1080 10833 283 4252 666 0.588462603767
1081 3309419 514 583095 226414 0.85356641538
1083 1182197 603 193830 65221 0.716608348913
1084 85268 1060 14018 2108 0.541698517274
1085 6058 370 2439 257 0.737384331885
1086 6241 118 1337 763 0.730154954326
1087 29536 154 11868 3533 0.508613278099
1088 1934570 551 396606 119906 0.649195498364
1089 2612752 390 557682 219770 0.778787607128
1090 3449219 617 440247 203475 0.362214389831
1091 940 260 114 33 0.871133645401
1092 41753 650 17883 1470 0.679751729125
1093 6733547 931 553186 295494 0.943172990716
1094 9993 123 7605 1260 -0.18280153022
1095 12208 382 4984 578 0.778936206878
1096 897 247 138 33 0.857105422632
1097 858 79 301 104 0.866525858389
1098 980806 356 160775 82537 0.861763807556
1099 2557104 529 466749 167541 0.726375806124
1100 2496 44 1210 589 0.737072031805
1102 1646 60 336 288 0.866524283532
1103 5501151 1202 690657 190875 0.266285929991
1104 2805341 431 613727 218935 0.842895198879
1105 7937 298 2438 439 0.500164310676
1106 939 224 116 39 0.939079808855
1107 154 37 59 24 0.73124850562
1108 1982791 448 452870 146084 0.730436517567
1109 2726854 351 457101 250457 0.83185897791
1110 2779500 444 634382 211606 0.825109630022
1111 2116919 431 590078 161794 0.590294189833
1112 3236 31 1413 1002 0.930120057866
1113 6456 137 2397 699 0.731396067968
1114 2183940 326 300429 209252 0.86199155223
1115 5752 359 2100 248 0.696913014461
1116 856 120 289 69 0.705219617438
1117 2139531 565 557866 130882 0.658213480968
1118 1296588 498 573597 84677 0.211663981628
1119 9421 452 2515 360 0.603811749657
1120 2678767 452 521658 200426 0.806835395696
1121 2972561 378 819595 258817 0.755212129104
1122 1010 157 330 65 0.699268677732
1123 779 150 148 48 0.718192597062
1124 814 180 90 42 0.880627723982
1125 26182 100 18651 4346 -0.269928784144
1126 4470 276 1792 237 0.780026176509
1127 1688218 400 354271 134780 0.854479267495
1129 2010847 427 564771 154284 0.315156540733
1130 1090 272 102 38 0.865315527117
1131 10650 346 2927 540 0.42361656547
1132 6205 185 1875 512 0.65714717888
1133 2324069 520 708360 153371 0.077595711423
1134 1044 246 76 41 0.948803957588
1135 2283939 486 571384 159144 0.683299166621
1136 3352666 444 1137038 258544 0.607036894284
1137 5945 513 2158 179 0.735614191582
1138 850 146 222 56 0.768075012402
1139 899 290 117 27 0.913532286586
1140 9446 418 2328 390 0.58669838414
1141 3610 85 1362 536 0.960206990009
1142 3893033 676 827241 214681 0.558475436057
1143 1004 250 120 38 0.836109185567
1144 6663 166 2806 613 0.787200531114
1145 8028 165 2512 764 0.836039130313
1146 717 187 61 33 0.91465187913
1147 2440019 370 798606 213138 0.765190122901
1148 14827 404 4258 689 0.934720584956
1149 1468446 422 255173 111017 -0.0781628207545
1150 110190 572 29591 4993 0.692150088406
1151 3634452 426 638668 291435 0.748904585826
1152 1035 239 117 42 0.90011715487
1153 3293814 717 612667 170701 0.533022846583
1154 6907 384 2742 290 0.644213578364
1155 3316 299 949 151 0.902792489882
1156 1301765 329 489585 119280 0.310093245628
1157 1702646 424 1108965 129749 -0.249686561304
1158 1785734 337 441544 164284 0.883104906099
1159 2112148 409 520123 168377 0.87976388902
1160 8003 157 2591 795 0.68605305829
1161 4687 102 1941 621 0.783157556878
1162 1526554 438 294729 112314 0.800324252346
1163 1796264 414 355922 140119 0.452374664633
1164 6625 252 2894 415 0.687347407878
1165 2279 286 540 98 0.772422040425
1166 6266 582 1813 168 0.765393636668
1167 389 114 41 25 0.854517848065
1168 936 251 149 34 0.874905376654
1169 8885 18 3098 4100 -0.36529975177
1170 9827 104 4266 1418 0.947186453645
1171 5682 271 1260 323 0.954097481586
1172 8505 483 4135 297 0.521970749436
1173 20 12 4 4 0.975391982027
1174 2491406 338 806379 234221 0.804617769949
