0 20141 130 6760 0.576331596774
2 513 158 35 0.91141986614
3 3839 10 1479 0.753978961316
4 27046 152 10969 0.717685418726
5 86371 1055 13575 0.825711779733
6 616 13 233 0.91348825806
7 8787 229 2450 0.197961605134
8 4415 388 800 0.805479819686
9 235882 1618 51052 0.844215914184
10 27283 846 2476 0.855940563149
11 18000 401 2134 0.877889616265
12 378 81 71 0.776574552594
13 81207 513 22114 0.671882394845
14 852 15 365 0.940876843978
15 165909 985 42379 0.409236377843
17 737 222 71 0.865669591637
18 26304 828 7561 0.755294297494
19 52258 221 18503 0.737558644854
20 27728 171 6016 0.1506323105
21 1416 299 157 0.860550203609
22 108148 532 28966 0.703629623106
23 14946 284 2961 0.706487755396
24 900 21 195 0.901778202987
25 28256 246 9916 0.428447540238
26 1149 170 158 0.630953979872
27 121930 582 36286 0.766281201809
28 110190 572 29591 0.692150088406
31 9028 22 3990 0.838466708931
32 48 22 7 0.849255270154
33 84389 498 23581 0.716699782388
34 1888 303 208 0.855151146626
35 243717 708 62147 0.704663288824
36 52235 237 17081 0.729491970322
37 1736 272 230 0.869703660587
38 40870 213 8031 0.74396485633
39 2063 92 193 0.892457537554
40 1269 302 197 0.906339385986
41 30772 395 4510 0.83758990544
42 38644 655 5177 0.820517769841
43 53939 781 15650 0.60060368667
44 1847 152 746 0.640392091122
45 780 250 95 0.837656658068
46 35419 249 13754 0.033306818463
47 27675 431 6237 0.915546583979
49 174597 910 44706 0.453543961378
50 3904 38 1854 0.809748245955
51 79337 745 21177 0.500683204812
52 909 267 200 0.816787856606
53 102547 796 29683 0.501990651345
54 29536 154 11868 0.508613278099
55 86901 882 12140 0.734654228214
56 771 34 146 0.968927339086
57 4232 26 1186 0.869491247249
58 401 75 134 0.593900284525
59 23279 342 5714 0.776066107951
60 7416 71 2973 0.271850147476
61 1137 282 183 0.86296220619
62 43361 743 7948 0.755572435213
63 11140 401 2754 0.423310059368
64 84430 729 21736 0.497141080641
65 3281 10 1256 0.552068699541
66 67892 448 9784 0.555763481306
67 2396 23 615 0.960245898796
68 888135 975 248938 0.727170277249
69 26315 197 7715 0.166808508343
70 8379 32 1911 0.953397979048
71 1271 315 211 0.803269105594
72 921 127 211 0.897421159478
73 5377 34 1444 0.963726163006
74 1105 177 243 0.794462748561
75 4606 23 1705 0.825778748591
76 6470 115 2662 0.948222846851
77 961 223 116 0.864060039427
78 2495 20 841 0.918149388167
79 3801 70 1325 0.884782109983
80 1046 138 259 0.741361338661
81 22911 532 2075 0.6813682929
82 2927 23 930 0.791470510097
83 6350 55 2500 0.850256692306
84 2796 61 1173 0.853277825385
85 1045 192 154 0.616249391087
86 6220 49 2758 0.955008876894
87 7147 41 3101 0.922709861357
88 1012 186 185 0.705143668815
89 85268 1060 14018 0.541698517274
90 5734 67 2617 0.867108659509
91 37 12 10 0.913797966705
92 2825 11 1122 0.701588186962
93 1595 23 580 0.889598444944
94 982 202 113 0.802507618637
95 1056 11 714 0.901174753456
96 1330 294 156 0.854822752649
97 5206 30 3078 0.931364310719
98 9162 68 2551 0.761343241063
99 10209 43 6798 0.793031150967
100 2089 109 513 0.88724488034
101 141900 663 31051 0.116007261649
102 24610 413 3582 0.803262267391
103 951 254 135 0.844338299066
105 2918 84 481 0.921677700534
106 3064 209 1154 0.606050377113
107 5512 138 1538 0.881559111642
109 8912 57 4905 0.723885662195
110 1486 17 409 0.970843775205
111 3805 16 1356 0.872677190231
112 3724 121 352 0.983166327511
113 1829 36 560 0.840538843367
114 23011 393 5208 0.489720443489
115 1004 126 254 0.672328985972
116 1046 284 170 0.837484223865
117 2487 350 425 0.826429397995
118 3229 47 1022 0.960136271323
119 8538 500 1242 0.75148172142
120 5859 305 409 0.893890775991
121 17663 45 9265 0.746233403993
122 36976 472 6121 0.439323253898
123 1115 243 109 0.871044533846
124 2011 13 921 0.936838153789
125 2230 31 1134 0.85354980334
126 3147 47 570 0.923252017963
127 2032 306 320 0.865235468167
128 1246 267 218 0.861584794029
129 128084 851 26099 0.483253012496
130 7412 85 888 0.922016046229
131 961 229 147 0.837286605675
132 9049 244 1300 0.453140178591
133 54003 420 14432 0.694572280515
134 38708 551 12066 0.884597843938
135 936 289 107 0.887433989216
136 1102 264 64 0.90097760169
137 1095 227 157 0.677471965328
138 1029 296 156 0.869544767871
139 4815 99 1475 0.701248693848
140 826 242 42 0.924572082244
142 1502 269 174 0.790428574699
143 3851 69 1066 0.986898085212
144 985 180 173 0.826372933244
145 28141 587 3546 0.577733457113
146 6371 51 3486 0.73077571945
147 856 120 289 0.705219617438
148 5921 50 1964 0.834286566725
149 789 245 67 0.865965550453
150 5391 52 2776 0.874416983564
152 929 253 216 0.839604794717
153 164 38 53 0.91707810779
154 3439 115 650 0.933204902971
155 3888 34 710 0.966861017478
156 135245 546 26295 0.659548968428
157 943 202 106 0.811132548019
158 302045 1278 60933 0.502595946031
159 71635 791 17631 0.432025638139
160 10483 33 4098 0.916274072156
161 21082 148 7131 0.488340481939
162 785 174 107 0.872776544596
163 973 221 122 0.832304208948
164 212739 915 23743 0.816564334094
165 103365 550 19718 0.631136281405
166 5525 312 1033 0.741840935164
167 893 221 131 0.768379880494
168 103906 509 39924 0.648982223179
169 758 24 157 0.943977868205
170 428 76 127 0.788871516021
171 131712 760 32390 0.721386165776
172 557 17 138 0.783412210659
173 684 162 115 0.785011101208
174 333 59 95 0.83967785852
175 110364 528 27033 0.748540499874
176 5787 24 1639 0.935826182262
177 803770 723 130493 0.957827974315
178 2996 21 790 0.843829334317
179 273156 961 107079 0.851480410754
180 5160 469 512 0.886042275083
181 4008 18 1065 0.767728695177
182 3914 43 1027 0.939151343369
183 21856 319 4219 0.826925964751
184 1042 275 147 0.929593871482
185 200522 633 51498 0.659578626163
186 1088 254 86 0.930944018051
187 4049 27 808 0.849779637786
188 847 235 106 0.885461791071
189 1058 11 681 0.899785324095
190 560 144 37 0.952202114891
192 119064 913 26443 0.338285004096
193 845 197 107 0.897134303222
194 154 37 59 0.73124850562
195 2820 17 1213 0.940740530038
196 1954 22 462 0.818546277835
197 1350 160 292 0.793212022552
198 3155 438 335 0.903952356751
199 929 161 233 0.803376119532
200 1008 229 212 0.818960752072
201 19143 97 13309 0.208547946691
202 214 12 69 0.963944935631
203 206 19 81 0.842694416948
204 1085887 1326 338481 0.34565551936
205 919 162 153 0.816216174242
206 524 146 52 0.922578513094
207 1060 241 139 0.830763089139
208 3421 23 1104 0.872439774648
209 838 206 113 0.797086116193
210 6169 72 4789 0.329820272352
212 350651 715 91313 0.762646953593
213 12274 201 4426 0.386448589878
214 35836 360 9473 0.728578124092
215 14094 294 3535 0.731061377541
216 1083 302 109 0.849108446256
217 2535 238 561 0.697603518761
218 1532 10 670 0.694325223346
219 1114 269 118 0.918952688668
220 1475 275 287 0.771406058929
221 9452 231 4474 0.394994908051
222 1335 11 775 0.943569368944
223 374 73 120 0.768680190195
224 581 10 302 0.465262358362
225 53888 617 11950 0.870892726151
226 10829 151 4809 0.604752411528
227 39193 443 9339 0.713627512169
228 27174 118 22031 0.272524088693
229 41454 537 12162 0.832418047188
230 114682 655 22391 0.804816399533
231 38296 468 6904 0.857374433123
232 16758 600 4428 0.709806687584
233 5993 11 2317 0.68099284715
234 755 161 178 0.794623613224
236 62387 555 10678 0.641910277044
237 32212 308 6783 0.275862708892
240 215474 872 39676 0.783275598851
241 1188 296 83 0.90746468683
242 41085 475 9784 0.93388818021
243 54143 755 15978 0.836195837373
244 13330 165 6993 0.598993727325
245 19768 419 4887 0.583811587095
246 55219 908 10454 0.849914919788
247 40855 300 10582 0.893869424206
248 110820 505 35798 0.710725696168
249 5680 449 688 0.774792415615
250 4978 79 789 0.948919381205
251 19835 700 3600 0.849781111793
252 614 100 197 0.710401690314
253 389 114 41 0.854517848065
254 4117 162 1812 0.689561560139
255 1142 316 245 0.768559707637
256 77482 633 13799 0.659970471627
257 5975 66 1812 0.968307128486
258 921 198 233 0.821917126975
259 971014 920 173729 0.740766976063
260 5613 328 1703 0.38794581097
261 5260 18 1689 0.824848592371
262 5798 139 1350 0.963562616392
263 3128 20 1119 0.944189561739
265 84314 415 11025 0.676330473061
266 6783 33 2748 0.912745896365
267 918 162 142 0.680282963586
268 4131 252 1510 0.661388952474
269 77504 419 8185 0.91858735874
270 1309 18 724 0.947696707691
271 10545 85 3316 0.856635925141
272 1949 24 488 0.947518040114
273 1840 43 448 0.992716468523
274 814 180 90 0.880627723982
275 795 16 327 0.934306808727
276 13604 150 4557 0.624716170427
277 930 278 91 0.932309087036
278 5221 29 1997 0.790208279414
279 10452 46 6071 0.903241998696
280 1065 136 298 0.666088499082
281 4936 22 1876 0.961821737071
282 3353 19 1073 0.973855149469
283 6824 141 1771 0.703249672343
284 36 17 7 0.94834100783
285 37311 340 10178 0.721176962472
286 2882 24 701 0.97108735289
287 5378 48 2926 0.7024931331
288 21511 287 4392 0.924573488062
289 1041 259 153 0.865105590093
290 514486 755 114646 0.760569746415
291 22176 353 4572 0.846191225405
292 1000 240 120 0.823540530835
293 10844 134 3884 0.677168172409
294 2794 80 1024 0.952969222068
295 3353 64 511 0.893902941973
296 800 128 151 0.743765714426
297 3022 97 365 0.983798477679
298 80 10 22 0.819568298877
299 4448 135 1567 0.936675851546
300 5366 40 2091 0.875164006432
301 834 167 139 0.825893451047
302 4500 26 1013 0.929910784603
303 106 11 28 0.942130606656
304 3268 22 2045 0.940819938983
305 662 245 156 0.753811727662
306 3967 19 1463 0.932282012201
307 72 16 15 0.919342490755
308 4230 27 1073 0.851343748102
309 4934 25 2462 0.966279339705
310 3339 105 648 0.888601023111
311 2808 43 712 0.933965237777
312 1004 250 120 0.836109185567
313 1191 251 360 0.779755028525
314 6781 31 2137 0.480076537594
315 4047 220 922 0.860926109692
316 3456 26 1677 0.923192631867
317 5359 45 1387 0.850527133359
318 5442 32 2624 0.877245981662
319 3226 24 718 0.964723483612
320 9681 73 3566 0.865254429259
321 4886 29 1570 0.950509995862
322 5301 62 1836 0.915154108292
323 993 262 145 0.92278675615
324 4220 80 1174 0.907881464564
325 9395 26 4339 0.914054566317
326 42075 424 12821 0.864229982645
327 926 218 110 0.87637552839
328 745803 928 190477 0.738033737642
329 14720 447 3322 0.614584674726
330 7176 45 1942 0.981838126079
331 872 181 70 0.907222700639
332 4285 87 1218 0.806375831276
333 948 162 194 0.676429779698
334 6355 87 2000 0.793588535625
335 867615 1001 206613 0.76795418798
336 4982 279 643 0.934694201427
337 1246 174 218 0.779643803617
338 1885 68 305 0.95773739089
339 196919 695 90541 0.760903576949
340 2109 22 469 0.931144263489
341 2445 398 186 0.959538531656
342 6088 120 1254 0.941458092191
343 37489 407 14751 0.443948795295
344 2599 29 658 0.916675511846
345 6401 59 2190 0.939716105026
346 4111 444 648 0.788666808798
347 5124 62 2507 0.736779487758
348 30182 488 4027 0.799201505673
349 1163 153 223 0.713246126708
350 61 14 39 0.663852405692
351 35652 519 8975 0.873642106617
352 1074 281 129 0.863190155458
353 57 19 19 0.843358015903
354 1575 322 410 0.841771932584
355 34678 275 6797 0.640530227612
356 84814 746 31746 0.424761876796
357 828 207 116 0.912973430475
358 1215 245 163 0.871835192469
360 1205 311 249 0.868678968259
361 973 241 115 0.90413034657
362 12 10 3 0.406349776955
363 26182 100 18651 -0.269928784144
364 489002 691 185877 0.727541921463
365 1214 253 83 0.929049471273
366 6160 48 2392 0.947073211326
367 66325 554 9629 0.864847947318
368 220232 1003 47712 0.421543033049
369 1015 142 278 0.761870912733
370 940 260 114 0.871133645401
371 897 247 138 0.857105422632
372 858 79 301 0.866525858389
373 939 224 116 0.939079808855
375 3236 31 1413 0.930120057866
376 2412 379 279 0.877011548164
377 1010 157 330 0.699268677732
378 779 150 148 0.718192597062
379 173664 849 27568 0.803207409718
381 1606 294 161 0.888086948625
382 1090 272 102 0.865315527117
383 1044 246 76 0.948803957588
384 4655 350 711 0.88234090025
385 850 146 222 0.768075012402
386 899 290 117 0.913532286586
387 936 251 149 0.874905376654
388 134387 1210 10060 0.746348215229
389 37416 801 3640 0.601932227302
390 717 187 61 0.91465187913
391 14827 404 4258 0.934720584956
392 1241 202 304 0.756955384492
393 1035 239 117 0.90011715487
394 85211 815 33736 0.673182051342
395 41753 650 17883 0.679751729125
397 94829 823 4446 0.873763054457
398 8885 18 3098 -0.36529975177
399 20 12 4 0.975391982027
