0 21459 157 7196 2435 0.0378 0.1572 0.949431128637 0.723000420193 0.99893178425 -479937.009901 0.570091430677
2 675 197 48 29 0.2533 0.4281 0.758164486765 0.604199910175 0.878293283284 -33837.4852919 0.89763640242
3 5598 11 2626 3168 0.2885 0.2175 0.436986194114 0.508578987591 0.999916666895 -56192.9281964 0.894462641161
4 32519 177 11332 3509 0.0357 0.1492 1.02272055027 0.734667235784 0.999243176828 -769807.957654 0.731314105456
5 94839 1193 13575 2128 0.0255 0.1632 1.30930852904 0.761526139183 0.997976088244 -10276388.2054 0.843522128762
6 920 14 242 411 0.4088 0.2431 0.360122855572 0.526505316781 0.997852899134 -7935.98225403 0.862350924611
7 9011 261 2453 578 0.0214 0.1997 1.01506479271 0.70336835185 0.994455359185 -313656.358282 0.248202492411
8 6159 456 1087 212 0.0361 0.25 1.11156919774 0.683493557174 0.981872923227 -403162.174895 0.774833325815
9 278327 1803 51052 4915 0.0118 0.1447 1.46657810349 0.785538729521 0.999073297074 -39662616.3157 0.841415007671
10 29773 947 2476 686 0.0496 0.1986 1.11963982029 0.728172635135 0.993777083238 -3092128.14002 0.87061618945
11 19838 464 2134 851 0.0599 0.1876 0.962793363542 0.725211678764 0.995731823983 -1051835.63197 0.884217482255
12 513 97 86 44 0.1558 0.3591 0.765573561581 0.597611251855 0.935454599559 -12006.2383949 0.806762645954
13 99307 572 22114 4442 0.0201 0.1444 1.15185377258 0.769282555653 0.999191754408 -5225324.86625 0.687073129695
14 1088 16 365 457 0.2677 0.2328 0.477268678252 0.544112151316 0.997816721116 -9785.64456309 0.945291305463
15 199557 1102 42379 5356 0.0112 0.1418 1.2817030596 0.782895032533 0.999230367819 -17959418.7309 0.437989722108
17 952 289 71 29 0.2258 0.433 0.874964090196 0.603738491781 0.870832644403 -69002.7573836 0.876832189155
18 29593 921 7561 701 0.0124 0.1976 1.364202681 0.728817575412 0.99394218027 -2984044.42204 0.775374419619
19 57473 257 19396 4845 0.0285 0.1424 1.13481708199 0.752849214795 0.999397220044 -1683375.93764 0.737518735541
20 28033 192 6016 2778 0.0418 0.1539 0.84972845394 0.732534467283 0.999011067901 -702067.638431 0.148580029302
21 1818 358 180 57 0.0998 0.3539 0.98415123593 0.634814616468 0.931613081425 -130753.697987 0.872756155399
22 127293 598 28966 5641 0.0191 0.1398 1.1782894467 0.775279554743 0.999361851233 -6794793.90529 0.692947129529
23 16890 340 3026 943 0.0361 0.1831 1.02882938093 0.722382619531 0.996442720196 -685076.18438 0.714528663337
24 1285 24 390 427 0.2772 0.222 0.560573227032 0.583880730926 0.996813187445 -12802.2060843 0.923149267376
25 30669 293 10008 2137 0.0227 0.16 1.0953486691 0.738784710957 0.998538761556 -1031455.45555 0.479522690837
26 1645 201 239 94 0.0789 0.2988 0.830792450359 0.644078338011 0.964766277409 -61089.5724287 0.627167758424
27 144941 650 36286 6055 0.0161 0.1385 1.23594275373 0.778257461116 0.999395214763 -8222458.82944 0.764544542635
28 132653 668 29591 5349 0.0161 0.1409 1.17749972913 0.776012038378 0.99930843207 -7782180.36994 0.676705079143
31 13681 26 4143 5312 0.1913 0.1615 0.564527004417 0.627052532768 0.999787113725 -165727.409017 0.927188624959
32 84 27 14 15 0.4804 0.4793 0.466473228361 0.525679427069 0.859087429941 -890.0627584 0.945955291185
33 90100 578 23582 3943 0.0172 0.1469 1.22100371364 0.766805670672 0.999083781611 -4833774.73604 0.716523310805
34 2687 357 271 96 0.0955 0.3031 0.926758539897 0.653525707006 0.960512091179 -167182.569056 0.836988161449
35 282104 812 62147 10432 0.0154 0.1292 1.24336838945 0.793238726251 0.999636723057 -18300064.4476 0.686658687262
36 58984 275 17311 4709 0.0318 0.1429 1.10303164052 0.754170731228 0.999367432049 -1807498.66338 0.73693977496
37 2380 319 460 92 0.0633 0.3056 1.14132386536 0.649217748674 0.960035173816 -134472.729351 0.861482376591
38 45667 248 8866 3864 0.0537 0.1468 0.949472060548 0.747211434119 0.999245168692 -1321792.47872 0.772740418104
39 2461 101 193 296 0.3409 0.2254 0.540630728817 0.656875654316 0.991456379584 -46595.2257473 0.892802193241
40 1630 367 197 47 0.1022 0.3759 1.08549873362 0.624686442335 0.917066660977 -126998.749872 0.901883798866
41 38031 453 4510 1847 0.0523 0.1643 1.00270499153 0.744754293314 0.998103126486 -1805974.52346 0.817374558265
42 41770 749 5177 1286 0.0307 0.176 1.14228153083 0.743311147617 0.996906416838 -3178922.21343 0.844439828483
43 58274 876 15653 1629 0.0126 0.1695 1.36588282961 0.751395612877 0.997496767191 -4941199.91146 0.641058333836
44 2231 180 747 154 0.0417 0.2627 1.07184576669 0.655481161749 0.97972294827 -69015.1873778 0.712024894373
45 1058 317 97 30 0.1293 0.4295 0.980936330468 0.605290224919 0.873368768084 -82933.5118447 0.832485116471
46 39152 285 13755 2885 0.0179 0.153 1.06498610833 0.744743757307 0.998938088783 -1264563.6543 0.160845374812
47 30485 494 6237 1322 0.0329 0.1738 1.1841001809 0.73802913653 0.997261045552 -1612880.1077 0.9112263307
49 211820 1023 44707 6137 0.0118 0.139 1.26673324419 0.785105606124 0.999341097464 -17594300.3275 0.47553002701
50 4689 43 1854 1209 0.0861 0.1814 0.700410412032 0.646198890498 0.998609925384 -59080.5830897 0.774072454018
51 97102 828 21177 3087 0.0141 0.153 1.22875622031 0.766591695849 0.99872172214 -7232355.98378 0.526006808914
52 1155 329 200 33 0.0803 0.4175 1.18360617638 0.612586129006 0.882658351121 -91201.1354674 0.879914617586
53 118268 897 29683 3586 0.0124 0.1498 1.31485555042 0.771146744924 0.998885818442 -9286514.06302 0.535300962336
54 32782 181 11868 3475 0.0289 0.1493 0.995901383406 0.735174461846 0.999230514043 -786295.344914 0.492027132162
55 97781 1008 12140 2587 0.0224 0.1577 1.14861384815 0.764625395791 0.998401490534 -8855842.78007 0.730319215131
56 1053 37 256 251 0.2134 0.2357 0.600487246635 0.604024053214 0.99296526385 -11882.8402014 0.966084985873
57 5668 30 1308 1888 0.2686 0.1769 0.554182437998 0.626841425663 0.999281351179 -66089.7051355 0.771392887672
58 695 93 189 68 0.0801 0.317 0.820601380482 0.609062911563 0.960125140846 -14512.0453078 0.572737447986
59 27169 388 5714 1446 0.0375 0.1707 1.10225987371 0.735653237343 0.997645648292 -1169134.66669 0.762813165803
60 7612 76 2973 1363 0.0513 0.1737 0.807006389572 0.680515062947 0.998460763296 -119279.908604 0.320653406658
61 1413 351 183 41 0.1138 0.3922 1.12187258279 0.621524005592 0.904255208761 -110587.721091 0.870260233132
62 47878 834 7948 1359 0.024 0.1747 1.23342386452 0.745927962122 0.99701250836 -3981668.3383 0.783856132121
63 11708 465 2754 455 0.0181 0.2116 1.11946408696 0.707663702332 0.991799720968 -680753.782905 0.47030039484
64 100746 821 21736 3245 0.0162 0.1518 1.24496500213 0.767706448909 0.998787976854 -7406414.14999 0.523541580204
66 70259 505 9823 3363 0.026 0.1501 0.978451989694 0.760809566141 0.998953711707 -3432957.23522 0.600903892342
67 3598 24 1230 1322 0.1865 0.1904 0.562446368006 0.601562370934 0.999080472139 -38816.7789804 0.961818855015
68 1041678 1108 248938 33487 0.0102 0.1128 1.33287704182 0.820508578322 0.999882462408 -79460027.7724 0.724788288131
69 28025 232 7715 2364 0.0227 0.1575 0.972113245478 0.734778300441 0.998765398046 -797420.379182 0.202928856232
70 9487 38 1911 2841 0.1877 0.1641 0.504868472177 0.6517775978 0.999473150434 -120290.4122 0.948147501467
71 1682 374 211 48 0.074 0.3733 1.03701750671 0.627607564915 0.918558063857 -132601.285668 0.785740705694
72 1169 155 211 79 0.0989 0.3098 0.899958251651 0.630557235635 0.960621705724 -35939.4271863 0.879030856976
73 7075 36 2888 2139 0.1355 0.1708 0.738154670188 0.643431135829 0.999305869198 -87063.110059 0.975444958851
74 1614 219 243 83 0.079 0.3095 0.921634046444 0.637351508083 0.959358570568 -66265.8087493 0.753346152677
75 6791 24 3555 2627 0.1329 0.1759 0.690875947618 0.61070902327 0.999567248176 -77005.5457894 0.915000933043
76 7505 122 2662 916 0.0575 0.1832 1.01766914416 0.692303077716 0.997250676284 -150331.197088 0.971019171165
77 1179 267 116 44 0.1217 0.3779 0.927943424567 0.620599339679 0.916365063963 -68990.184468 0.86152226501
78 3579 22 1682 1385 0.1709 0.1916 0.652247668329 0.593687202583 0.999179915948 -37979.4638733 0.956621715954
79 4166 75 1325 699 0.0929 0.1927 0.825410201198 0.66589248675 0.99689158636 -64888.3748377 0.90219099626
80 1698 172 384 114 0.0591 0.2824 0.921184058283 0.644018248588 0.972616110237 -53159.8324566 0.644903860228
81 25133 615 2075 858 0.0493 0.1884 0.962378233528 0.729804468952 0.995490257855 -1699517.64059 0.697687404871
82 4080 25 1860 1479 0.1652 0.1864 0.694440173541 0.60706707458 0.999163561538 -44796.9331609 0.810226508757
83 6840 62 2500 1412 0.0803 0.1741 0.775741265172 0.67095408698 0.998626634585 -98617.5784573 0.81236440508
84 2878 65 1173 514 0.0774 0.2038 0.865688419847 0.652039869601 0.995909811151 -41935.4844494 0.890612185555
85 1764 232 301 88 0.065 0.3054 0.90688643167 0.642943657742 0.961056193241 -75340.9806348 0.540812732704
86 7007 63 2758 1433 0.08 0.1736 0.835373342452 0.672046554504 0.998639688365 -101687.543881 0.958664561276
87 12296 45 6202 3369 0.0715 0.1584 0.784629777614 0.66655731581 0.999523035362 -164584.441648 0.884663840393
88 1552 222 372 78 0.0541 0.3148 1.03270692137 0.63741220467 0.956303724062 -65471.502779 0.678681661567
89 97454 1185 14018 2210 0.0198 0.1622 1.21639346223 0.762375110565 0.998056088815 -10440518.9873 0.569891278554
90 5984 80 2617 1000 0.0526 0.1817 0.898062722543 0.676699023225 0.997823915835 -95923.4251041 0.899204573498
91 59 23 10 11 0.493 0.5299 0.471752512996 0.506804716961 0.809788011014 -587.861933045 0.913385988204
92 3676 11 1590 2038 0.3074 0.2243 0.425278108228 0.505839446921 0.999836339165 -35377.3956885 0.658417342281
93 2781 26 1160 950 0.1672 0.1959 0.639327300141 0.603992242612 0.998609360355 -29898.8234891 0.886070212314
94 1365 236 206 62 0.0937 0.3377 0.947133653475 0.632188822726 0.943122283618 -64525.5481573 0.795164657512
95 1084 11 714 557 0.1975 0.2506 0.562635033909 0.495772654086 0.999002883246 -9147.4876501 0.840810601619
96 1626 347 156 50 0.1106 0.3668 0.968546204796 0.626297821039 0.923252598272 -117558.959663 0.88314499321
97 6251 37 3078 1835 0.0871 0.1735 0.737469169292 0.642875539014 0.999171038288 -76843.9128129 0.935300610824
98 9614 79 2551 1717 0.076 0.1677 0.757101863369 0.687120708203 0.998776111462 -153458.254479 0.749435399473
99 10437 46 6798 2777 0.0484 0.1619 0.850954497651 0.664883172184 0.999408618663 -139301.308381 0.818441189691
100 2453 131 513 233 0.0988 0.237 0.86771846334 0.659048352638 0.988089383431 -56413.0201558 0.908822489768
101 145852 744 31051 5397 0.0118 0.1409 1.16022448966 0.777916166624 0.999298028152 -9346680.90014 0.176270277348
102 26758 468 3582 1195 0.0437 0.1767 1.04208027233 0.734320553377 0.996997886528 -1369509.65825 0.807832905689
103 1226 314 135 38 0.1267 0.3986 0.997730816665 0.616260791651 0.899841321674 -87898.5079832 0.847371626197
105 3134 92 481 426 0.1619 0.2102 0.67755215353 0.662907878687 0.994363166957 -55023.2556414 0.943674278296
106 3262 231 1154 192 0.0282 0.251 1.11458699141 0.667952670238 0.982890410291 -119554.431937 0.637796102294
107 6159 153 1538 601 0.0527 0.197 0.940203194246 0.689938657142 0.995406439922 -145294.208556 0.906098682292
109 9910 65 4905 2056 0.0532 0.1649 0.873845405752 0.68047063051 0.999059865232 -146711.863606 0.676798854022
110 2017 20 818 786 0.2142 0.2088 0.566757471619 0.576072034385 0.998569069432 -20036.1341701 0.934885437345
111 4134 18 1356 1813 0.2805 0.1939 0.485171419381 0.574667373867 0.999494755453 -42969.9056749 0.72293961719
112 4693 133 478 496 0.1787 0.2039 0.648638375315 0.681049507828 0.994601954191 -102360.345966 0.988182236995
113 1941 41 560 467 0.1453 0.2102 0.618604525945 0.624144141855 0.996232000587 -23211.2770302 0.847165569002
114 25490 448 5209 1177 0.0244 0.1769 1.07279012331 0.733296646455 0.996980227816 -1260514.02066 0.53416082903
115 1606 151 356 121 0.0604 0.2772 0.874031383619 0.643238758117 0.975197406968 -44762.4854907 0.577576449439
116 1323 336 170 39 0.0929 0.3965 1.06247819814 0.617620462457 0.90108009995 -100527.453949 0.836836959179
117 3055 411 425 97 0.0624 0.3048 1.07204675793 0.654268878638 0.959831089414 -216412.386927 0.851549020623
118 3335 53 1022 711 0.1261 0.1943 0.720557204572 0.648515829441 0.99732473119 -44558.9606145 0.949647939351
119 9335 579 1242 277 0.0431 0.2369 1.0875039049 0.694893839331 0.985579439161 -722451.721699 0.771482433984
120 6673 342 409 312 0.1052 0.2272 0.775227729096 0.690975267758 0.988695815005 -315257.317258 0.894413245052
121 18583 52 9265 4787 0.0665 0.1503 0.831192116279 0.681578290825 0.99964883969 -263275.671858 0.717913936885
122 42021 539 6122 1764 0.0246 0.1659 1.03309111585 0.746680745196 0.997928588312 -2312620.88031 0.471003651916
123 1378 287 132 50 0.1294 0.3634 0.908362771285 0.624969572946 0.925896426499 -83058.5032666 0.853617989957
124 2789 14 921 1358 0.3379 0.2132 0.373746227278 0.539144777646 0.999490398162 -26933.6153621 0.914421883553
125 2284 34 1134 641 0.1019 0.2022 0.746162483289 0.618498496309 0.997536185997 -25916.1712304 0.844025000464
126 3256 52 570 702 0.3087 0.1948 0.619502863744 0.647081110736 0.997308962421 -43161.5611547 0.93191625813
127 2580 368 373 88 0.0591 0.311 1.0720535887 0.65003438049 0.956474206688 -168806.798189 0.870454457325
128 1616 321 218 55 0.0847 0.3551 1.05894050647 0.631366123995 0.93075900878 -105664.631306 0.874315525021
129 148246 948 26099 4401 0.0166 0.1455 1.1965034176 0.776622929349 0.999087157977 -11940678.9174 0.526149975214
130 9184 93 1121 1437 0.222 0.1714 0.634600841474 0.691166067017 0.998434862134 -157826.461341 0.898903192009
131 1327 266 147 52 0.1146 0.3588 0.90204747886 0.626325253691 0.929853511462 -73599.2382618 0.825531184925
132 9362 274 1300 578 0.0467 0.1996 0.846442011469 0.7044788379 0.994384001014 -338488.922171 0.519521959648
133 62675 489 14432 3042 0.0243 0.1523 1.15087593664 0.757905809824 0.998848271088 -3012880.29536 0.695969310876
134 43636 634 12066 1584 0.0176 0.1693 1.33600975389 0.746489760694 0.997596642553 -2791894.30916 0.901739138396
135 1210 353 107 32 0.1662 0.4244 1.00558929663 0.607307027487 0.878366335091 -103304.276076 0.898580644046
136 1479 322 131 48 0.1633 0.3704 0.92600514656 0.623427860481 0.921006299438 -100760.065966 0.909534076892
137 1401 271 157 55 0.0876 0.3528 0.90277694709 0.628817945434 0.933332778818 -77907.968521 0.705820351137
138 1366 354 156 38 0.1283 0.4013 1.07981510487 0.614661125841 0.898081941014 -109991.454602 0.898571234388
139 5001 111 1475 623 0.0558 0.1954 0.865264539733 0.679583624915 0.99599539344 -96331.7190851 0.723091143593
140 1083 297 44 34 0.2867 0.4135 0.71928663456 0.611095067626 0.88913930694 -76314.1588226 0.931461212977
142 2116 334 344 75 0.0656 0.3245 1.05065140612 0.642067611123 0.949922821911 -131480.090062 0.771779221291
143 4895 77 1066 821 0.1572 0.1876 0.76353649115 0.670674545653 0.997356942927 -77129.5334177 0.992781622934
144 1448 224 192 71 0.0841 0.3237 0.901442768372 0.636155730574 0.951305829391 -63066.0166601 0.797957437836
145 32550 666 3548 1076 0.0358 0.1811 1.03126240971 0.737126119299 0.996371866337 -2287417.07531 0.597187079168
146 6467 56 3486 1429 0.0524 0.1745 0.845574448625 0.665238504304 0.998698726604 -89762.7319932 0.70099727024
147 1187 140 289 90 0.0607 0.2976 0.936112087784 0.634149056327 0.966412348614 -32759.5943014 0.73518118674
148 6197 53 1964 1419 0.105 0.1753 0.709154124789 0.6620183709 0.998717759412 -84309.392233 0.849346426602
149 1098 307 67 33 0.2263 0.4157 0.839437296947 0.607896420311 0.885884564208 -80551.924769 0.907817294291
150 5629 60 2776 1164 0.059 0.1795 0.863251007571 0.6652867364 0.99833723993 -79804.3952442 0.855089905006
151 31 17 5 6 0.6979 0.6498 0.373664269592 0.468653065764 0.667613513768 -281.494602359 0.962398913377
152 1134 304 216 35 0.0765 0.4076 1.19377744994 0.611269339436 0.892829461877 -80709.6567317 0.860976109536
153 239 46 53 35 0.2424 0.3758 0.702596911903 0.564845783311 0.933805651963 -3276.46323462 0.960695204255
154 3722 123 650 405 0.1435 0.2117 0.820635986315 0.672847628479 0.993475846348 -78250.3455234 0.952426620131
155 5094 38 1006 1441 0.2184 0.1787 0.537694727059 0.64087757908 0.998912125313 -62299.5888504 0.956991579162
156 156754 618 26295 6916 0.0196 0.136 1.10291123636 0.7802279668 0.999478731315 -8441459.46484 0.686087790346
157 1413 259 171 58 0.1007 0.348 0.895176861509 0.627720100905 0.938236549745 -73976.5288435 0.777466286627
158 362915 1441 60933 8187 0.011 0.1343 1.2875584416 0.795238305428 0.999474436848 -39636247.1319 0.488248199003
159 85806 882 17631 2527 0.015 0.158 1.23530015343 0.762541766018 0.998406941674 -6918113.2472 0.470499366943
160 11431 35 4098 3663 0.1296 0.1608 0.623466737384 0.649170983188 0.999615445997 -144088.109214 0.929847190176
161 22843 176 7131 2375 0.0291 0.1576 0.983386912495 0.726433822984 0.998865101149 -546427.213646 0.552039224476
162 1142 210 211 55 0.0914 0.3478 1.01720945904 0.623203543541 0.937955021908 -49874.8947288 0.88137176565
163 1304 273 123 49 0.1207 0.3655 0.897868048785 0.623453768806 0.925341794001 -75317.757946 0.823502918744
164 240899 1036 23743 7009 0.0301 0.1365 1.07560163069 0.788171930867 0.999423776225 -19953120.7022 0.817392580321
165 126206 623 19718 5386 0.0185 0.1407 1.08498506063 0.775024090585 0.999324203567 -6990939.44541 0.627157512039
166 7962 374 1213 354 0.0464 0.2217 1.01013071864 0.696599175257 0.989876113601 -398269.565525 0.738096583501
167 1332 266 240 52 0.0666 0.3583 1.01352839322 0.626785313788 0.930229748082 -73767.2856911 0.688723148954
168 115161 582 39924 5166 0.0111 0.1414 1.27752830719 0.772912580338 0.999305558263 -6061933.61673 0.652173815909
169 1177 27 314 358 0.2798 0.2253 0.534831153954 0.590670088614 0.99586913351 -12023.2675575 0.961638818167
170 732 103 151 66 0.0978 0.3205 0.790521658534 0.612263442976 0.957280300558 -16653.7044591 0.671591589558
171 154734 871 32390 4995 0.0156 0.1427 1.25209955421 0.778424317321 0.999213048691 -11423186.9056 0.709650062811
172 806 18 144 306 0.4505 0.2411 0.278975815751 0.551263679419 0.996178306639 -7219.4645109 0.681827620542
173 860 185 124 43 0.1033 0.372 0.906166576507 0.60988853938 0.922364391387 -35682.3356496 0.788238837504
174 435 76 95 46 0.1487 0.3514 0.781043791218 0.59287448324 0.942278988659 -8305.65331193 0.84685848212
175 130624 607 27033 5730 0.0213 0.1395 1.15536230855 0.775883939363 0.999369843758 -7046843.29927 0.741373432358
176 8566 26 3278 3217 0.206 0.1698 0.664441668645 0.621157144553 0.999632253516 -100207.204863 0.941632527448
177 875298 816 130493 36232 0.0318 0.1117 1.21896807927 0.817223593759 0.999898645589 -51871165.3818 0.951162919213
178 4599 23 1092 1770 0.3048 0.1849 0.447221417411 0.601432294908 0.999352844142 -50200.651581 0.706632243507
179 301689 1093 107079 8588 0.0062 0.133 1.45164234069 0.793230469183 0.999527039179 -25647602.3142 0.856513380255
180 6670 557 1033 190 0.0475 0.2587 1.18713737289 0.682056983687 0.978786964318 -538084.923948 0.865248787245
181 4791 21 1397 1950 0.2466 0.1861 0.47392540158 0.593178300705 0.999459897894 -51671.4991259 0.921525620023
182 4294 45 1027 1062 0.1378 0.1844 0.614787619005 0.646493601687 0.998371840841 -54640.8534741 0.955672580113
183 25783 374 4219 1408 0.0468 0.1713 1.00683563278 0.734300012724 0.99760130832 -1080720.24929 0.792007393818
184 1282 332 147 38 0.127 0.3996 1.07452733968 0.618335922404 0.898186958742 -97263.099911 0.921746608796
185 248552 722 51498 10065 0.0163 0.1297 1.18464574395 0.790653818245 0.999632898868 -14694883.3131 0.640125597892
186 1423 304 102 49 0.1716 0.3669 0.884009211161 0.625060184918 0.923135343585 -91287.3028159 0.92151553391
187 4763 34 808 1441 0.329 0.1806 0.442529349988 0.632660794258 0.998970865633 -56444.7282749 0.886957270512
188 1166 282 212 40 0.0864 0.3892 1.15712555216 0.613995663334 0.907942787561 -73790.743504 0.876094068074
189 1348 11 681 704 0.2246 0.2447 0.434898241076 0.497930753037 0.999270341415 -11657.026251 0.872756561525
190 724 170 70 38 0.2204 0.3867 0.779810536366 0.606465250288 0.911839686334 -28911.8117176 0.927624525196
192 146367 1033 26443 4005 0.013 0.1477 1.21787215442 0.775440878919 0.998975814959 -12853286.3472 0.357126926505
194 1092 243 107 44 0.1347 0.3751 0.89770208298 0.616551160233 0.918466119476 -58311.4467632 0.867391249782
195 219 48 59 30 0.1803 0.3945 0.734824970668 0.564100057539 0.920237325132 -3170.43745304 0.849515834865
196 2982 19 1213 1238 0.1732 0.1993 0.546527600848 0.57651453455 0.999177846935 -30373.4761405 0.943031963607
197 3026 26 924 1042 0.2541 0.1937 0.567295197501 0.605414115278 0.998742785938 -32737.8306806 0.863466674725
198 1875 196 326 113 0.0744 0.2836 0.939995482843 0.64634227928 0.971441624346 -65597.1584475 0.829661920356
199 3813 535 335 97 0.1032 0.3077 1.04238758646 0.658304739934 0.957447501291 -348210.214088 0.909241865179
200 1321 194 233 73 0.0865 0.3198 0.966006275858 0.631338543773 0.954687843006 -50158.6605204 0.848646791958
201 1348 288 212 48 0.0927 0.3692 1.06946107652 0.621316696086 0.923126693737 -82368.6807039 0.829525641717
202 20286 118 13309 2882 0.019 0.1543 1.0506783127 0.715400323373 0.999182458217 -388994.064977 0.238255332996
203 327 13 132 137 0.301 0.2861 0.439159047924 0.503489116861 0.992642737925 -2484.77642707 0.95608440695
204 251 22 81 70 0.3059 0.3117 0.612107598208 0.538844262105 0.977487631142 -2194.31886677 0.828870944765
205 1184698 1483 338911 29709 0.0048 0.1146 1.40846546124 0.821909352282 0.999858827805 -117043847.621 0.371137847256
206 1272 200 186 67 0.1008 0.3284 0.907214309011 0.627483535038 0.950192845819 -50586.6058675 0.777054316915
207 693 183 58 33 0.2226 0.4054 0.810191385506 0.606274187742 0.895201779902 -31029.4717441 0.925496804592
208 1422 300 139 50 0.1149 0.3651 0.92088867607 0.627554709057 0.924511867981 -89667.727555 0.832732897316
209 3755 25 1104 1351 0.2735 0.1884 0.544494849433 0.605827419761 0.999076810587 -40966.4690343 0.86159925539
210 1086 255 113 41 0.1313 0.3845 0.920776309715 0.615226191366 0.911839672711 -61947.4481881 0.828754101701
211 6418 83 4789 1051 0.0214 0.1802 0.991592879587 0.679338816493 0.997908307637 -104662.619401 0.314275170381
212 24 11 9 6 0.4848 0.6412 0.538856279338 0.383340826727 0.753735728562 -147.6950953 0.915130959864
213 394132 826 91313 14892 0.0154 0.1237 1.28381781625 0.800679035856 0.999747017266 -25168992.1927 0.762780880994
214 13624 236 4426 1024 0.0219 0.1799 1.04982838929 0.715681752683 0.997032502386 -415905.898146 0.463639216641
215 41821 406 9473 2273 0.0295 0.1589 1.10617522076 0.747547842994 0.998510863284 -1784799.87837 0.715527230728
216 14992 331 3535 841 0.0383 0.1868 1.11311404447 0.718498790353 0.996021053383 -602872.176581 0.749558441728
217 1441 371 116 39 0.1204 0.3984 0.959047768322 0.619234157943 0.899064175963 -120786.426645 0.833408719206
218 2875 275 561 138 0.0567 0.2733 1.02450822136 0.661896920935 0.974625915382 -130023.719371 0.73099085574
219 2350 11 670 1271 0.4203 0.2325 0.306215013557 0.502764287261 0.999676507728 -21587.3061522 0.529773595158
220 1370 318 198 44 0.1029 0.3803 1.11991238695 0.621856548149 0.913309164532 -94916.0576817 0.902281854084
221 2076 325 287 76 0.0725 0.3229 0.996882085506 0.643587999159 0.950492803773 -125536.724214 0.771343861679
222 9991 267 4473 639 0.0163 0.1957 1.1715565536 0.706787024125 0.994977128384 -350024.908134 0.47179365541
223 1492 11 775 784 0.2707 0.242 0.492344731454 0.498846241673 0.999369787552 -13048.1757259 0.890041559828
224 530 92 120 49 0.1159 0.3463 0.831222483321 0.600476183945 0.942802391946 -11643.7585399 0.808279272829
226 58906 699 11950 2042 0.019 0.1627 1.24097826987 0.754255997368 0.998111621306 -3975675.00233 0.876279266357
227 11343 177 4809 1069 0.0267 0.1782 1.07194947323 0.708605967709 0.997382286904 -283423.136635 0.639847872835
228 45452 505 9339 2050 0.0261 0.1618 1.11399508066 0.749266214722 0.998253368705 -2331802.96682 0.705255469949
229 27798 135 22031 3673 0.0117 0.1489 1.09320601981 0.725598068595 0.999336861383 -568293.922804 0.278007603522
230 46522 612 12162 1762 0.0185 0.1663 1.28068283297 0.74856736949 0.997865336201 -2850530.14382 0.859424744402
231 120908 757 22391 4300 0.0208 0.1455 1.19840300858 0.773059564264 0.999109372554 -8042623.97535 0.823592673304
232 44166 523 6904 1921 0.0411 0.1636 1.08524393115 0.748264985058 0.998116290845 -2348326.92175 0.846841769627
233 18335 677 4428 537 0.0182 0.2066 1.28852305394 0.717523070281 0.99251256588 -1454113.56809 0.728792998128
234 6946 12 2317 3829 0.3775 0.2072 0.327645916495 0.523953018106 0.999908307045 -71880.1855658 0.526455118854
235 1133 194 224 60 0.0669 0.3377 0.959733619371 0.626090546401 0.943891102589 -45133.7434735 0.731686889392
237 63665 626 10678 2472 0.0246 0.1576 1.12004338106 0.757285664415 0.998488282275 -3825717.03355 0.640393212095
238 33291 350 6842 2003 0.0297 0.1617 0.980393870338 0.741416293181 0.998363932842 -1282642.75953 0.324166204288
239 58 14 35 17 0.1854 0.4609 0.620297606984 0.467196302961 0.908695481718 -394.883818661 0.600628005742
241 246038 987 39676 7503 0.0198 0.1352 1.21910249321 0.789032098689 0.999468185308 -19406091.9252 0.780606952749
242 1528 348 119 46 0.1703 0.3771 0.933732200561 0.624583034861 0.915674072259 -113971.448224 0.914692161061
243 47220 540 9784 2013 0.0323 0.1624 1.2346453326 0.749918582392 0.998192619968 -2564873.71593 0.942161727434
244 60466 849 15978 1752 0.0148 0.1674 1.40638899067 0.752968060906 0.997692829045 -4936929.83857 0.85033719998
245 14216 193 6993 1284 0.0196 0.173 1.12356124747 0.715559508852 0.997783629196 -371681.821862 0.64651683448
246 22963 480 4887 977 0.0272 0.183 1.11791885392 0.729456651268 0.996276617249 -1230704.40965 0.590829133998
247 62230 1026 10454 1510 0.0232 0.1723 1.31847955619 0.75105770025 0.997203613739 -6157222.72795 0.864125054095
248 43639 344 10582 2765 0.0293 0.154 1.08045527632 0.748381465949 0.998834288638 -1616593.94817 0.900029156833
249 128738 573 35798 5936 0.0163 0.1387 1.23610066557 0.775634881189 0.999400451249 -6613773.60885 0.724621217553
250 7260 533 826 221 0.0466 0.2492 1.03612252641 0.686230906724 0.982070621828 -544250.948452 0.758669170335
251 5374 88 789 820 0.142 0.1874 0.665174820988 0.676559391105 0.997226438481 -90430.7325523 0.960083870763
252 21945 800 3600 564 0.031 0.2056 1.26898399339 0.720748758957 0.992630778812 -2013449.6052 0.851679342192
253 913 117 205 77 0.0726 0.3087 0.854889007 0.622678639679 0.962410666049 -22385.9812037 0.672438189243
254 521 138 82 30 0.1649 0.4128 0.882052693529 0.591404423598 0.894726581872 -18291.1963031 0.842446672713
255 4629 181 1812 370 0.0314 0.2164 1.08848622766 0.682465796649 0.991958081156 -128255.355272 0.711370126652
256 1404 380 245 37 0.0672 0.4075 1.19982080413 0.61936067202 0.891291960445 -123402.30638 0.818950354651
257 81767 717 13799 2901 0.0197 0.1541 1.14490089276 0.763166386356 0.998679031847 -5416686.48505 0.682399614013
258 6818 73 1812 1243 0.1016 0.1764 0.757102382096 0.676789140978 0.99832825644 -104915.556495 0.960706208309
259 1080 234 233 45 0.0761 0.3711 1.12846938929 0.617759047048 0.921555175175 -55164.17359 0.859156763943
260 1129764 1046 173729 38522 0.0162 0.111 1.17115860829 0.822255887295 0.999899416697 -81317957.4173 0.725812205845
261 6061 380 1703 250 0.0251 0.2392 1.17092206087 0.68607581173 0.985378644611 -326058.131206 0.482801837833
262 5639 21 1715 2323 0.2336 0.1828 0.522755886655 0.595125810251 0.999555682783 -61646.2176024 0.841694312899
263 6148 151 1350 607 0.0911 0.1964 0.934707833874 0.689899812683 0.995469770452 -143681.320028 0.959031444583
264 5309 24 2238 2015 0.1293 0.1812 0.593467775092 0.607320285956 0.999420969854 -59052.4813639 0.913073161766
265 29 20 4 4 0.7645 0.7645 0.460900802788 0.460900802788 0.504507862031 -358.619379278 1.0
266 92494 472 11025 4869 0.0392 0.1424 0.924644112369 0.767690746293 0.999297706602 -4153742.24678 0.673899313662
267 9361 37 3000 2849 0.1309 0.1645 0.656742043092 0.649861509024 0.999481779131 -117898.807636 0.904272642764
268 1311 205 275 68 0.07 0.3266 0.993546424993 0.630114266457 0.950572749924 -53142.7390703 0.702212037535
269 5253 294 1510 271 0.0326 0.2334 1.14128128172 0.684050892289 0.987356333784 -223090.298748 0.688415018554
270 81959 471 8185 4259 0.0489 0.145 0.935864597901 0.764753087253 0.999193886919 -3714812.97275 0.923198708865
271 1467 19 724 572 0.1908 0.219 0.654154080763 0.565884715037 0.998037901404 -14029.246833 0.859241149325
272 11562 94 3316 1843 0.0738 0.1652 0.837209739404 0.696620261802 0.9987913126 -199479.639805 0.896695609798
273 2990 27 976 1004 0.2311 0.1939 0.618055703765 0.60811801307 0.998660944079 -32583.4268769 0.950290385505
274 2553 48 448 566 0.1948 0.2028 0.565719318071 0.637806791036 0.996725450616 -32626.3738439 0.980598169763
275 1119 222 180 51 0.1129 0.358 1.01662086889 0.622857923433 0.930882076788 -52722.4131959 0.857548527118
276 2303 19 1135 936 0.1589 0.2063 0.585421730266 0.572890279802 0.998872718238 -22927.1142307 0.950177679526
277 14986 178 4557 1462 0.0296 0.1694 0.987424370909 0.716242260231 0.998109479284 -369123.151448 0.623738464218
278 1156 336 91 32 0.2249 0.4244 0.986098118805 0.608704852561 0.879042667478 -94081.7969582 0.939835292925
279 10536 33 2488 3480 0.1662 0.1628 0.486770997524 0.643611174923 0.999606915112 -130577.67726 0.858624949815
280 10923 52 6071 2684 0.057 0.1612 0.860481583879 0.672230512167 0.999352607094 -151065.238248 0.898408086045
281 1769 181 351 114 0.0565 0.2827 0.89597415561 0.646056886766 0.972247038275 -57786.2145155 0.571687252364
282 7670 23 3752 3068 0.1484 0.1745 0.651499258236 0.608138930303 0.999647278533 -87205.0659104 0.971993512677
283 5230 22 2146 2086 0.1696 0.1832 0.576952827263 0.598784897638 0.999479020652 -57250.3251983 0.974655888158
284 7739 162 1771 744 0.0594 0.1895 0.901373610682 0.696955969302 0.996270193376 -186798.502264 0.759372469855
285 62 29 10 9 0.4838 0.5703 0.51635836547 0.513183441605 0.744985200465 -791.16832078 0.891197376475
286 39979 385 11020 2265 0.0237 0.1589 1.13950179748 0.74637277285 0.998524968285 -1638285.42493 0.73902872267
287 3435 27 701 1169 0.2565 0.1902 0.412449083373 0.61058066333 0.998864849815 -37812.5343155 0.949865216693
288 9123 55 5852 2117 0.0423 0.1656 0.892714124462 0.671451849142 0.999148128948 -127381.053421 0.745282348541
289 23757 333 4392 1425 0.0537 0.1707 1.05441354799 0.732260402246 0.997697542654 -908997.234581 0.914153878152
290 1344 305 153 45 0.1128 0.3778 1.00600230101 0.622648479266 0.916111948311 -88753.1453577 0.861784659058
291 620269 864 114646 23609 0.0151 0.1172 1.18812949388 0.81028566654 0.999840742117 -39636291.974 0.749943542501
292 25317 395 4572 1312 0.0443 0.1734 1.06518471753 0.733687496989 0.997382717954 -1116422.22788 0.867103788852
293 1342 298 120 46 0.1327 0.3737 0.892649051541 0.622717285452 0.918716049565 -85960.5207907 0.84798602398
294 14270 145 6006 1644 0.0306 0.1667 1.00467620926 0.711722635244 0.998428495639 -308996.454683 0.649731229091
295 3036 89 1024 422 0.0827 0.2101 0.935362236694 0.661254127769 0.99437274381 -52322.0344111 0.965366317119
296 3659 72 511 623 0.1674 0.1966 0.584771779625 0.661678312486 0.996539283435 -55927.6153665 0.902899418897
297 1373 165 198 91 0.0871 0.2996 0.793300650248 0.635126637077 0.965550526237 -43285.8903472 0.642638203199
298 3154 104 365 386 0.208 0.2136 0.645040820387 0.665084547288 0.993493624629 -59836.887533 0.982449504997
300 4804 150 1567 458 0.053 0.207 1.04134953257 0.682353162458 0.993917721808 -114168.393742 0.94660775838
301 5843 46 2091 1470 0.126 0.1759 0.745836213785 0.653962993752 0.998837554459 -75860.4410972 0.8570654349
302 1028 195 139 52 0.1413 0.3529 0.908982146574 0.618618862739 0.935161096653 -42596.5603754 0.841150400614
303 5515 28 1013 1913 0.3184 0.178 0.397292804758 0.621089493403 0.999320282991 -63300.0577992 0.93308692343
304 328 12 191 144 0.2242 0.2897 0.570321511054 0.492821240837 0.99364965409 -2448.6130366 0.963023585833
305 5377 24 4090 2043 0.0704 0.1807 0.736435344867 0.607570674133 0.999429632033 -59868.5966334 0.833517941374
306 850 305 156 23 0.0827 0.4742 1.20136540174 0.595335359973 0.832991443574 -71472.0512927 0.797812601325
307 4158 19 1463 1771 0.2362 0.1918 0.502132498724 0.580676782384 0.999451412162 -43603.531032 0.851399085712
308 86 24 15 17 0.4669 0.4579 0.428663734699 0.49872021292 0.886212863028 -818.888758823 0.935285378232
309 5320 32 1992 1692 0.1353 0.178 0.610885975814 0.630521746867 0.999161029905 -62619.9342476 0.862183204132
310 5073 31 2462 1639 0.1127 0.1792 0.711854207533 0.627414015768 0.999147120651 -59112.8723513 0.95510050234
311 3554 116 648 404 0.1213 0.2116 0.772785159338 0.670612003238 0.993575239581 -71979.1792102 0.893210781327
312 2996 45 712 711 0.1797 0.1958 0.612600429643 0.63892388908 0.997500870518 -37589.8889828 0.927498868772
313 1378 306 163 46 0.1069 0.3745 0.994154053951 0.622000430789 0.918713750114 -90408.0373684 0.842115634894
314 1490 305 360 52 0.0493 0.3606 1.20529032554 0.628569936698 0.92771571781 -94183.3666267 0.819764761279
315 7432 34 2137 2341 0.2265 0.1699 0.638383075192 0.640359216729 0.999388522222 -90586.3505056 0.228388236853
316 4487 253 922 259 0.0598 0.2348 1.02384440627 0.679047528703 0.987236002945 -169202.919693 0.866222894091
317 3606 33 1677 1083 0.1139 0.1879 0.724443229524 0.625778040232 0.998621975138 -41698.5601519 0.947698701348
318 6698 51 1882 1589 0.1439 0.1731 0.730480298165 0.661719087211 0.998881424841 -90258.2551827 0.83133902318
319 5581 35 2624 1682 0.089 0.1766 0.694332251477 0.637484090306 0.999114905541 -67247.9194296 0.866881795146
320 4317 26 1348 1535 0.2457 0.1846 0.581784654422 0.61131556774 0.999175964087 -47964.8487658 0.939106535976
321 13094 81 5020 2374 0.0695 0.1602 0.90251132943 0.69455965433 0.99912179194 -211915.994931 0.890171817799
322 8489 31 3140 2865 0.1176 0.1677 0.618349418226 0.635622628315 0.999532801158 -102441.275014 0.885098084485
323 5328 68 1836 996 0.0817 0.1826 0.792930406931 0.668704586391 0.997940942586 -79365.5272102 0.894165860792
324 1159 302 145 37 0.1364 0.4012 1.0877150646 0.615968152059 0.89725467839 -80854.5756474 0.919490238552
325 4695 88 1174 703 0.0964 0.1924 0.78686993873 0.672951220274 0.996736752253 -79227.3377076 0.901272989358
326 9407 29 4339 3334 0.105 0.1664 0.641475412396 0.631798675955 0.999619155796 -112924.274059 0.891490847791
327 45512 482 12821 2142 0.0169 0.1606 1.20691813788 0.749432758919 0.998349699382 -2237793.98436 0.877582240953
328 1202 273 110 44 0.1585 0.3788 0.909172209601 0.619093094691 0.91601147758 -71843.486246 0.883897911638
329 859184 1053 190477 28356 0.0123 0.1149 1.30760709827 0.816699833248 0.999862155077 -63639614.1662 0.735359225743
330 15732 517 3322 583 0.028 0.2019 1.16469270156 0.716408955649 0.993520724975 -966198.241384 0.64516709781
331 9991 50 3884 2501 0.0998 0.1629 0.78455558212 0.66856183553 0.999314212484 -136108.926719 0.983729415583
332 1132 220 118 52 0.1655 0.3561 0.85177577667 0.622225223491 0.932884065698 -52509.655432 0.881210266684
333 5053 97 1218 706 0.1028 0.1917 0.805789715303 0.67721609096 0.996641258853 -89793.7556898 0.838561969587
334 1403 193 236 80 0.0754 0.3118 0.89003307451 0.6363017209 0.958587049767 -52049.638438 0.66961783764
335 7402 92 2000 1137 0.085 0.1775 0.795679353597 0.685716001867 0.998004776651 -126797.855651 0.833859657353
336 965835 1141 206613 30023 0.0105 0.1142 1.30653417636 0.818876392452 0.999867734292 -76154125.7916 0.772119233579
337 5369 310 643 264 0.0864 0.2352 0.936998825634 0.68444551901 0.986843336241 -239539.06785 0.927374738303
338 1740 214 440 94 0.0562 0.2994 1.07148475559 0.642764023662 0.964453063945 -68166.8130237 0.773513831186
339 2020 76 305 300 0.1718 0.2246 0.670213412566 0.646266376986 0.992335386222 -32262.3212664 0.965119906581
340 207503 783 90541 7652 0.0056 0.1345 1.37873950898 0.786222820362 0.99950437457 -13426945.2531 0.777632809342
341 3258 26 938 1130 0.2222 0.1918 0.543473514132 0.606804416229 0.998848810935 -35442.5858932 0.955587702657
342 3029 468 186 83 0.1661 0.32 0.930380089545 0.651230488265 0.951388690927 -253286.564031 0.954724771834
343 6610 140 1254 705 0.0888 0.1913 0.839918675619 0.69129691739 0.996216729413 -145718.381817 0.953674370157
344 44224 472 14751 2113 0.0111 0.1609 1.16893674998 0.748686547646 0.998334516555 -2140963.3884 0.451102830122
345 4029 33 1316 1224 0.1796 0.1849 0.641083757844 0.627930463042 0.998791408362 -46913.4880695 0.964297859298
346 6549 66 2190 1283 0.098 0.176 0.808551364846 0.672260140107 0.998443765661 -96630.455227 0.92063518032
347 5371 515 648 157 0.0504 0.2705 1.06127441019 0.674297086795 0.974543823064 -419747.86142 0.793262215122
348 5673 71 2507 1034 0.0611 0.1815 0.887625979222 0.671739087429 0.997988320162 -86134.5553359 0.746656357575
349 33332 546 4027 1335 0.0389 0.1738 0.983403052577 0.739850163011 0.997225303809 -1916456.33924 0.796829818831
350 1883 200 366 112 0.0588 0.285 0.897785568423 0.648582922305 0.970826013448 -67216.3635295 0.649748340652
351 89 25 39 17 0.1797 0.4665 0.705646066416 0.495609276814 0.885092608631 -871.204095124 0.689883702157
352 41226 586 8975 1597 0.021 0.1688 1.19802479445 0.745476156575 0.997658764301 -2463082.35005 0.871294916576
353 1318 343 129 38 0.1504 0.4001 1.01270867915 0.618299905551 0.897445416344 -103291.889506 0.895714335995
354 64 22 19 12 0.3435 0.5169 0.613453063312 0.478940578907 0.84376064688 -598.1236358 0.903186392646
355 1930 392 410 55 0.0485 0.3584 1.24634442944 0.632347000285 0.928518790051 -152747.600654 0.840538246001
356 36929 319 6797 2447 0.0396 0.1568 0.940577758674 0.743877414301 0.998702136657 -1306980.18228 0.654059009471
357 88575 858 31746 2689 0.0078 0.1563 1.39622929837 0.763789149223 0.998514735869 -6917143.04202 0.470606659812
358 1045 260 116 38 0.1598 0.3939 0.972005545858 0.610721462583 0.904030399833 -62255.2344694 0.900111878048
359 1541 294 163 57 0.1172 0.3497 0.934256403878 0.631687861833 0.934627737403 -91645.7084603 0.875671062572
360 47 16 17 11 0.3249 0.5333 0.535090966983 0.451639962404 0.846172966063 -354.680725957 0.720712696544
361 1435 374 249 39 0.075 0.4003 1.23780880365 0.621092374364 0.897220975152 -121922.585575 0.892226516986
362 1181 298 115 39 0.1703 0.3946 0.963002742913 0.617888221921 0.902020873002 -80146.512679 0.903819742173
363 35 21 4 5 0.7202 0.6881 0.343976464393 0.462393931746 0.612254060805 -399.328181175 0.934488039324
364 26244 111 18651 4021 0.0164 0.1478 1.01679899411 0.719130807371 0.999434736355 -488326.977682 -0.370892038606
365 504917 802 185877 20100 0.0079 0.1193 1.38151097983 0.80602875438 0.999815272299 -30761569.8156 0.733587881325
366 1542 309 120 54 0.1584 0.3572 0.863821596525 0.629599613424 0.929885048817 -97770.3526784 0.906859808771
367 6393 51 2392 1510 0.1065 0.1742 0.778732271877 0.661018145049 0.998818589054 -85993.5061215 0.960813129292
368 72363 626 9629 2860 0.0359 0.1541 1.0640479944 0.760749588342 0.998699901453 -4280577.04789 0.87390012656
369 263720 1129 47712 7169 0.0128 0.1363 1.2405423165 0.789683660731 0.999426795266 -23496800.9002 0.439051634439
370 1500 171 278 98 0.083 0.294 0.902034832387 0.639150824686 0.967918824534 -48034.7804208 0.758460855649
371 1186 319 114 36 0.1632 0.4071 1.00180478557 0.616432662542 0.892297449528 -88376.1030061 0.905182128679
372 1097 295 138 35 0.1381 0.4072 1.07563016987 0.610575642729 0.89233086833 -76073.5682 0.886424791611
373 1099 97 301 116 0.106 0.2774 0.917371265089 0.627822311731 0.977185017882 -22012.5199901 0.903309947346
374 1174 276 116 42 0.1878 0.3844 0.979001465361 0.618261791344 0.911682252786 -71943.8957591 0.945878214062
376 3779 34 1413 1118 0.1339 0.1866 0.66732618316 0.628374634788 0.998647873046 -44152.4555436 0.978169844097
377 3011 464 482 83 0.0584 0.3197 1.19061666714 0.650598226241 0.951565373376 -249574.648545 0.86139918445
378 1348 184 330 79 0.0534 0.3116 0.992249084326 0.632030109931 0.959025486132 -47976.3157105 0.73767363251
379 1307 185 294 76 0.063 0.3161 0.955480926002 0.632853822287 0.95693126611 -47203.9338929 0.662000464311
380 198979 968 27568 6018 0.022 0.1393 1.16116136993 0.783955904386 0.999335525286 -15783349.8814 0.801396862246
381 24 11 9 6 0.4675 0.6412 0.51089567259 0.383340826727 0.753735728562 -147.6950953 0.851924014137
382 1924 347 263 63 0.0918 0.3416 1.07135700872 0.636173301807 0.939634507035 -129920.469192 0.869958810607
383 1448 338 102 44 0.158 0.3827 0.859564565838 0.620709241876 0.912595514149 -106336.109627 0.856351686156
384 1355 300 94 46 0.2061 0.3734 0.864254053635 0.620698252775 0.919062904147 -87208.4583968 0.952561453147
385 6176 417 711 233 0.0695 0.2439 1.00431891412 0.68521043098 0.983913614432 -365830.753963 0.891219365606
386 1234 183 243 71 0.0662 0.3205 0.95471497951 0.629034147425 0.954073029505 -44767.7950094 0.736841094976
387 1153 352 117 30 0.1623 0.4328 1.09014625193 0.608266426324 0.869721756083 -100662.394365 0.920245497391
388 1222 318 149 37 0.1323 0.4027 1.07819847984 0.612576504907 0.897453400328 -89322.8679828 0.877967915951
389 144004 1373 10060 3006 0.0332 0.155 1.06710143804 0.771448524758 0.998542214191 -16962948.855 0.760314863434
390 40183 898 3642 1031 0.0288 0.1837 1.0515580436 0.739329611964 0.995961989977 -3721115.66124 0.636102727735
391 939 233 99 37 0.1721 0.3958 0.921255749861 0.608995345924 0.90440902859 -50635.9847771 0.923508181432
392 17002 452 4258 728 0.0298 0.193 1.25964612613 0.720616163163 0.995009115376 -900177.712834 0.931387119371
393 1596 242 304 74 0.0705 0.3207 1.01766989175 0.637224710613 0.952639548668 -73791.7543837 0.785434546799
394 1272 299 117 43 0.1749 0.3826 0.950073786148 0.622051060886 0.911699162549 -83799.2479154 0.930181853683
395 90029 942 33736 2509 0.0067 0.1583 1.43559498187 0.763137814131 0.998373126769 -7702960.78693 0.687753855129
396 45302 732 17883 1444 0.0077 0.1724 1.38377766125 0.746017677762 0.997270477103 -3325580.59634 0.715799223764
398 107819 921 4446 3149 0.0614 0.1528 0.884141014415 0.768373715556 0.998719086671 -8796167.25962 0.877872645182
399 15869 21 6196 6996 0.2583 0.1649 0.662465255434 0.60644357609 0.999870449719 -188639.226041 -0.154427976482
400 52 19 16 11 0.3826 0.518 0.592288036963 0.488052762569 0.828215189278 -445.53025604 0.889109196082
