72 65447 2578 0.201441716911
142 89372 5245 -0.408527028635
188 101275 13712 0.660973773323
214 71757 2657 0.0258629539573
251 90836 16844 0.486213903439
386 101302 2805 -0.304219909699
416 91440 1759 -0.592050236554
466 66 65 1.0
473 128977 26320 0.44895848585
476 78980 13529 0.467765599877
510 23621 1820 -0.46395421912
516 88463 5467 0.168221688143
531 143044 9507 0.35791677407
535 138474 11914 0.460727767576
546 251987 4360 -1.79422302621
650 43513 9276 0.611215498276
692 89936 22792 0.623762971786
775 8349 1055 0.631285815117
811 27530 2201 0.0571403260526
856 95592 3387 -0.0397194582682
875 208894 8080 0.0855474022836
918 56986 10999 0.232346969018
1004 125828 23827 0.602202413538
1019 62500 9350 0.809173718873
1049 479991 10699 -1.31139933293
1054 138116 1567 0.418861761522
1098 158884 21891 0.3486631976
1112 94598 2335 -0.340661245005
1184 109398 6190 0.236288789742
1285 241006 10445 0.0343391329419
1403 48667 2770 0.217263390201
1406 153852 9857 0.207633806138
1474 41773 3778 0.467786380389
1491 18 10 1.0
1511 398666 11182 -1.33033469938
1512 212551 3920 -0.981655105799
1555 22869 2748 -0.0850620801612
1573 2033 660 -0.658487204276
1601 27076 3083 0.329207489079
1607 13267 373 0.3828194624
1618 32611 2426 0.401610597914
1619 33723 3994 0.457745750261
1633 25741 2307 0.143026796061
1634 28742 4276 0.432147273016
1646 37446 1163 -0.723029412215
1653 80495 13246 0.675256495762
1684 152971 2335 -0.552037200523
1750 39297 2421 -0.317180714835
1755 23184 2077 0.152032745364
1770 193433 12796 -0.648792467651
1832 51220 4597 0.4643802203
1835 25447 1279 -0.568849156441
1839 57778 3088 0.577346111144
1881 10046 1010 0.467547319145
1946 36480 1520 0.368954234302
2015 71107 6706 0.528111127867
2025 19011 1244 -0.456269423317
2059 55500 2274 0.309411796216
2101 37 24 0.974557255444
2143 9703 412 0.559868912024
2155 31601 2434 0.436349941866
2157 36490 1528 0.608788992047
2158 32592 1498 0.33036841393
2169 28220 2666 0.00103308533238
2238 93060 13913 0.725267689751
2312 47793 2246 -0.164576736809
2342 18787 1670 0.188922848191
2528 262861 7801 -0.602691284931
2568 3121 1038 -0.404822780252
2577 64951 2459 0.315566378978
2615 122331 25426 0.580513105599
2616 112650 22917 0.622112169868
2622 135311 27060 0.51181884797
2660 149800 27770 0.533707590309
2668 115768 5383 0.231514162283
2670 140127 25404 0.420003596953
2685 203546 5599 -0.108630575794
2690 225314 7210 0.144640182626
2699 220362 10361 0.398209604624
2718 209495 28075 0.274322917154
2721 231029 37457 0.494123100952
2759 116802 21121 0.769465552865
2794 44407 4217 0.481911151079
2879 85033 13666 0.289512110753
2904 222163 8531 -0.505655537446
2932 73173 1768 -0.0516935406297
2940 10996 435 0.50403574936
2974 148793 1847 -2.67916360284
3014 45806 1481 0.294234266298
3034 72145 6788 0.486486933183
3076 32074 4342 0.0669424158927
3116 34157 563 -0.601155873516
3147 88424 1186 -2.32166560057
3178 187105 23765 0.261305468307
3352 24809 1683 0.424230565594
3421 307618 6758 -0.285582471273
3424 201580 8160 0.0219581681985
3432 114110 3452 -0.0372974008695
3448 2965 921 -0.341595959789
3460 198935 9081 0.0319900036795
3508 52297 838 0.135646411046
3521 64433 3475 0.364562730356
3522 70770 3795 0.367246055357
3529 212922 7873 -1.37861087694
3579 10008 655 0.7376365281
3584 8193 912 0.762872072176
3604 2710 889 -0.281530283647
3607 59 27 0.535958513486
3688 31041 7347 0.554778490864
3690 8660 3084 0.629399588213
3700 239812 7316 -0.481907025204
3717 76638 15940 0.455082550476
3729 49417 3957 0.403214958906
3733 3997 186 0.477285254096
3736 35124 1275 0.0291168884048
3777 99947 1289 -1.96133236878
3785 125403 25769 0.618422757269
3859 6037 853 0.609368387914
3866 37393 3448 0.00598349185758
3898 15490 1390 0.0565822667313
3965 213418 19607 -0.12787384049
3997 8543 800 0.273361139997
4066 210015 28686 0.495650063149
4109 42662 2115 0.103229985232
4131 104328 19132 0.769539169726
4180 106576 21170 0.659099292015
4269 201157 34355 0.512637934433
4275 10912 541 0.362016122382
4296 123754 2657 -1.18608132452
4324 79650 8641 0.461367065001
4337 12667 1220 0.0797768312927
4403 25543 1314 0.358860476103
4407 54381 2404 0.130664067468
4476 115772 22910 0.662620895655
4489 41768 847 0.339927105078
4490 68505 1069 0.00346935280284
4731 141409 20531 0.330779146516
4787 22 21 1.0
4878 379233 5759 -1.68357249368
4895 47250 710 0.132956122483
4917 19376 921 -1.15053314039
4934 59792 15877 0.564190323339
4936 40332 1677 0.180025516478
4959 118206 8194 0.71479590547
4986 39914 1172 0.52506804859
5004 71449 7622 0.517303966
5020 14929 984 -0.494143216404
5033 89794 20507 0.645993236441
5074 122299 2392 -2.3797198344
5120 201610 4296 -0.504512091268
5132 62059 4288 0.301069031872
5140 6657 467 0.812019863901
5153 130037 2261 -1.79916348818
5164 75914 3322 0.239167788864
5196 79194 4668 -0.0600264764368
5222 77011 3300 0.327773565631
5246 106600 2091 -0.690526780269
5249 167974 3980 -0.899079293526
5295 87893 19662 0.590206142469
5305 29216 976 0.0996595874467
5313 195576 36861 0.424149589194
5355 422934 10791 -1.01033806425
5388 19239 924 -0.605262166218
5397 96383 1898 -1.58624929461
5400 45256 1676 -0.614794621103
5415 185526 5068 -0.64125143358
5486 406067 11231 -0.763143155145
5497 78625 2772 -0.190392117854
5501 113710 2074 -0.89246567473
5508 30139 2170 0.693223189391
5530 66241 1731 -0.454981851204
5555 26696 3543 0.446425654684
5558 32499 3076 0.134660783208
5669 129734 25838 0.539654275681
5691 261782 7624 -0.0511967953372
5746 27313 3375 0.44903174755
5757 7462 1318 0.655417946848
5777 158788 8627 -0.0878678703905
5803 30538 1058 -0.258282164966
5806 53312 3390 0.00334294754592
5835 213988 20106 0.0447810886462
5896 69293 6971 0.537663096775
5945 24700 1615 -0.463847577485
5949 28395 1556 -0.390551232599
5968 17164 1421 0.365966664787
5992 40377 4697 0.515126205076
5997 153066 24828 0.381263708614
6018 165689 6633 -0.498295278977
6167 18237 734 -0.306916618853
6186 110261 7866 0.113140777681
6222 25774 3478 0.288657926172
6240 95060 4013 -0.561000354443
6248 22476 1865 -0.207080401255
6407 58708 1055 0.250761440108
6451 133100 24850 0.626176586574
6518 121364 3743 -0.0282424806169
6556 5749 503 -0.0343930864319
6605 110621 18416 0.396164856104
6640 52876 1527 -0.65592300771
6641 21140 1707 -0.0474945386529
6643 69177 5472 -0.579819239735
6701 173475 29229 0.519576120914
6762 187615 1723 0.466695269729
6790 428975 7786 -0.485320060306
6816 2881 883 -0.271951165156
6842 105 62 0.828925111493
6852 203269 9328 -0.0457614341485
6860 62152 2634 0.376670536201
6866 193102 17078 0.785868800695
6964 175777 19714 0.155967895227
6997 51006 2670 -0.127157434577
7007 41261 1171 -0.0724728752886
7042 77771 7858 0.559817947682
7069 31762 2255 0.00794557242777
7105 4490 1144 0.193749892592
7117 156992 24845 0.445591773078
7172 7645 983 0.180196957135
7205 90221 5369 0.15816349075
7224 9945 554 -0.00760110597403
7228 2296 714 -0.227123315782
7241 105766 22717 0.652507902249
7257 401791 5489 -1.51773216839
7318 18127 1652 0.0316903771568
7354 2681 777 -0.296668345431
7388 28 13 -8.74350335554
7501 16666 612 -0.380553800617
7590 34501 2153 0.0351285544912
7618 86347 6608 0.339862066757
7643 251842 8410 0.098898878607
7659 44118 745 0.253028476799
7665 8504 389 0.565990771785
7697 381132 13285 -0.540070684036
7704 81997 5686 -0.135206668638
7733 79892 6346 0.0438197812324
7750 44819 4643 0.501961563701
7761 90894 8996 0.718973978831
7808 66607 784 -2.64526423467
7834 2482 786 -0.0793369900259
7887 138785 27019 0.606937296704
7890 160419 30413 0.524106984128
7931 35526 5466 0.797981939519
7947 480428 13109 -1.35674541023
7991 6878 640 0.316984278748
8029 4006 1362 -0.353993109585
8037 92049 2567 -0.533145904604
8079 66 19 0.768533953765
8108 29105 2267 -0.00230333844184
8113 148221 17489 0.5924742136
8130 116562 3293 0.0130122534501
8181 7242 1560 0.577098563974
8197 399643 23349 -0.520463583635
8208 228820 18764 0.453397821241
8242 243249 15445 -0.507290205071
8293 52949 1471 -0.113523853348
8366 76692 2614 -0.50914646506
8482 44149 948 0.282857081691
8502 328311 9065 -0.724676360709
8513 23588 1389 -0.760722194371
8710 22282 1265 -0.175287934628
8760 36618 5198 0.0648996323724
8771 126229 4854 -0.0799423296288
8779 1784 682 -1.14246131895
8803 136855 27613 0.449981208107
8818 122793 25868 0.622681131864
8854 40954 3257 -0.0631985359355
8913 149114 2235 -2.20280475447
8932 148217 29235 0.571663164984
9017 24786 3121 0.635553288519
9027 12590 448 0.328222333692
9033 34323 1055 -0.279216641819
9125 69856 6564 0.425278575953
9126 17237 3110 0.528430756473
9250 164418 14012 -0.0830682292862
9280 7583 364 0.296707927654
9355 38852 2994 0.203126816062
9368 83590 15897 0.371152657335
9386 1878 1193 0.804875835448
9394 25507 3179 0.583603074854
9399 131773 4728 -0.00900726930019
9430 21574 1369 0.749077830378
9444 2914 966 -0.352330454579
9490 835901 12990 -1.54516527504
9501 122319 25148 0.645996007969
9528 41162 773 0.119690726827
9581 19566 568 0.840641599089
9635 39184 3479 0.297423454149
9681 211758 11521 -0.854425118152
9771 15817 1528 -0.629515065848
9777 28568 1430 -0.103268238215
9839 23215 2082 0.095341431866
9867 369827 24794 0.588462127571
10035 2230 692 -0.116445204615
10036 2533 766 -0.153684695962
10136 97181 20144 0.402175865718
10166 29309 3785 0.151624543354
10199 96054 2791 -0.816459956548
10200 89406 2960 -0.644353392571
10353 173301 7926 -0.353124416834
10358 74638 2629 -0.263798140266
10471 51044 1759 -0.843918142689
10485 182591 22079 0.451949486845
10491 225800 22295 0.366379939798
10496 103910 18564 0.264072126144
10503 85589 16132 0.332932837036
10546 3301 1156 -0.475489764864
10579 36665 2952 -0.232062063129
10595 69280 2490 0.500960204865
10645 88933 20647 0.625738172887
10685 10433 361 0.269893149307
10815 4445 784 0.442716848466
10830 33395 2268 0.642968628603
10859 65518 14180 0.617002689513
10897 104467 18590 0.556889775354
10900 11 10 1.0
10930 74622 12814 0.370700646113
10936 433471 7028 -0.767696937549
10986 37089 2825 0.782270503128
11009 78785 3071 0.0856717629204
11056 132757 18794 0.319360237732
11057 265163 35195 0.359097050869
11063 109865 7213 0.268027477686
11065 98316 17017 0.443496955619
11073 53816 1403 0.234977023957
11150 189922 34900 0.526319282774
11165 44756 5097 0.409779125023
11168 257316 8774 -0.52132256055
11181 131896 26831 0.526253914172
11198 41039 930 0.260087176995
11203 8836 649 0.753813851223
11219 6249 715 0.324110089415
11239 607303 16274 -0.924694838214
11253 180690 19355 -0.0270935178989
11298 55593 5440 0.543820005267
11367 6210 1228 0.624480276337
11372 34371 3333 -0.358093310711
11464 389960 25609 0.526834567327
11484 3553 1253 -0.368184084648
11548 25887 976 -0.203046858945
11609 65981 7568 0.528758714192
11689 110010 23024 0.584607618169
11742 93831 18813 0.570808026972
11755 41727 3399 0.307499310137
11798 116189 2342 -0.873541750204
11800 116649 2197 -1.28274945207
11812 237988 24589 0.185765431065
11829 22296 3058 0.445428296645
11855 2951 871 -0.271230863671
11884 11734 920 0.593559251936
11893 206919 15264 0.0226141254343
11922 8975 2336 0.262970535242
11925 2151 790 -0.605327026368
11928 36753 1325 0.250126141135
11948 50126 2050 0.262320587829
11955 87977 4055 -0.0696743324062
11969 29648 2363 -0.371034368181
12023 165851 5726 -0.617971532664
12051 135045 8929 0.294076566725
12092 74766 3972 0.458086601866
12096 31920 4383 0.516897826472
12100 29016 2829 0.374908233643
12153 175187 22653 0.23304577456
12187 83529 12392 0.701859586055
12208 12966 386 -0.413523579102
12241 62355 4818 0.451252113771
12250 103653 21947 0.594954356694
12301 70856 2362 -0.372837767582
12354 41 23 0.672335933565
12360 9639 1015 0.605094232019
12366 6561 802 0.459608237575
12395 58450 2024 -0.0992229115525
12446 95746 20202 0.451389968395
12452 54498 1994 0.217280834555
12456 248084 25526 0.219024944137
12482 8594 1565 0.617009687165
12535 894 289 -0.34601278351
12572 42725 716 0.208140159103
12582 133598 27441 0.57990498797
12589 112888 2366 -1.14313180387
12599 226 204 0.984028679431
12627 110961 11944 0.575353851889
12673 47015 6353 0.603562471949
12700 71111 3896 -0.678552967059
12742 90463 6927 0.508237525372
12762 108652 2029 -1.24991406113
12842 231063 5064 -0.420279809143
12844 342914 5827 -0.618930108784
12849 405837 14534 0.323162338039
12877 67937 4078 -0.146354179132
12889 32796 2321 0.0913177002652
12916 135430 3324 -1.00791241718
12943 134704 1219 -1.8233191077
12974 152040 32524 0.539705434924
13009 1586 532 -0.636464104636
13019 51465 2326 0.236474851601
13062 76130 7436 0.297970469434
13080 86029 19596 0.630233449573
13092 68296 16766 0.68298644768
13119 138650 2496 -1.59929342497
13120 123455 9763 0.223159052216
13143 2900 897 -0.0809403891355
13154 172034 11065 0.41233086169
13207 174979 7727 -0.290561009699
13218 8366 1031 0.509381220228
13229 119793 24012 0.629913086333
13277 8659 1170 0.64785640623
13294 555210 8362 -1.9699853082
13338 275474 12960 -0.240423933689
13439 125541 3786 -0.233907791828
13497 31433 2286 -0.154877727522
13507 219318 19935 0.0859805015573
13530 7109 1095 0.226128302109
13590 2186 695 -0.307456135594
13625 91190 5327 -0.0912095017093
13629 31713 4234 0.470455246759
13655 90658 20448 0.656289071815
13673 262446 40461 0.448370538275
13680 167953 29758 0.591310323489
13737 130415 3581 -0.868784850517
13764 111300 10232 0.50879256251
13782 7819 1375 0.709801718281
13810 34565 1674 0.121534992642
13811 64573 983 -0.719653514851
13914 101276 20964 0.535307195084
13985 80132 1931 -0.29910711757
14035 65389 12704 0.545553599918
14121 34046 3372 0.198248498624
14134 80684 19676 0.567421802528
14145 134564 5045 -0.510776473744
14215 160347 26580 0.576059955361
14271 35103 3123 0.0284109922558
14272 7368 622 -0.0679112116755
14277 212008 16805 0.698392436261
14281 164678 6310 0.181183728782
14362 250684 11200 -0.153517826577
14406 69089 3913 0.434246353029
14420 11397 401 0.539944635784
14445 74125 1532 -0.298829787401
14486 39645 625 0.195608002657
14487 41303 723 0.334442545698
14512 148623 4275 0.15704583915
14531 149761 23651 0.582330135081
14549 93397 9796 0.528471878194
14572 44315 1711 0.257042874629
14574 6470 890 0.210312586454
14583 5681 789 0.490318617031
14587 52694 3596 0.0589680296773
14590 50644 3321 -0.028046362231
14627 253109 11664 -0.83082403621
14647 147709 8461 0.241459716701
14659 105653 20671 0.329654781346
14663 30819 2813 0.191854091329
14674 142558 20450 0.306818287399
14694 86355 14250 0.695695236133
14703 52414 3280 0.400819729745
14746 204561 7567 -0.722584619942
14748 138553 5159 -0.475014509686
14774 66892 9972 0.68265431948
14794 70659 3335 0.319704491057
14836 192334 28292 0.371495502386
14935 34443 1997 -0.10602992545
15058 28906 2928 0.426131376746
15080 93242 19583 0.549282514544
15099 40954 2792 0.347434199333
15111 26788 742 0.343771059421
15116 57963 1914 0.0672735206332
15118 3060 904 -0.0267658764137
15143 44370 718 0.24940272219
15148 51285 977 0.176562696539
15158 185266 24586 0.256490527151
15162 194335 26369 0.281410043238
15175 26784 2442 0.13929504942
15189 306875 8189 -0.594372309231
15192 30794 2304 0.209688580814
15196 48229 3055 -0.182398995351
15199 21647 1298 0.311851234751
15202 22363 1418 -0.166346126697
15218 75052 12119 0.715594192818
15232 64575 2976 0.505917355707
15243 27066 3014 -0.506309437759
15281 118901 1847 -2.16858364994
15338 31557 5127 0.639026483567
