0 20667 147 7196 2464 0.0381 0.1571 0.943440783226 0.720845602862 0.562939071101
2 645 185 48 29 0.2508 0.4252 0.752063770494 0.597613673551 0.89931937563
4 32167 167 11331 3636 0.0371 0.1485 1.01123021842 0.733308449406 0.719676637419
5 90047 1109 13575 2149 0.0253 0.1628 1.30646049908 0.760929353072 0.839843163121
6 594 10 242 306 0.4111 0.2755 0.412391372866 0.475213597537 0.784024638882
7 8930 245 2453 606 0.0224 0.1974 1.00228742404 0.703091549781 0.241336401689
8 6045 439 1087 215 0.0362 0.249 1.10435700772 0.683294494762 0.766095297398
9 252695 1697 51052 4666 0.0112 0.1456 1.4891565195 0.783874140634 0.848451628918
10 27585 888 2476 668 0.0465 0.1993 1.11799880118 0.726871845332 0.863543554064
11 19188 439 2134 862 0.0603 0.1869 0.957065955201 0.724809557346 0.879663647681
12 511 96 86 44 0.1563 0.3591 0.763504325828 0.595639660883 0.80967450875
13 97296 544 22114 4541 0.0203 0.1439 1.14249398215 0.768864374172 0.681739993847
14 701 12 365 333 0.2636 0.2573 0.544134864134 0.503555274271 0.890717882795
15 192676 1044 42379 5413 0.0111 0.1415 1.27257480225 0.782540041346 0.434540794597
17 905 274 71 29 0.221 0.4315 0.874879794289 0.604623158213 0.8740647156
18 27813 863 7561 694 0.0119 0.1976 1.35935403271 0.727769561495 0.773869930533
19 52723 243 19395 4614 0.0263 0.1433 1.14150813895 0.750211179374 0.722037406236
20 24931 180 6016 2571 0.0386 0.1558 0.868357716099 0.728850217625 0.115167646757
21 1766 339 180 58 0.0997 0.3503 0.973997472183 0.633272300565 0.869879062357
22 124572 571 28966 5739 0.0193 0.1394 1.17023691782 0.774842884464 0.681333772402
23 16334 320 3026 959 0.0362 0.1824 1.01896167594 0.721450700994 0.716250593319
24 1281 23 390 437 0.2874 0.2219 0.552724496218 0.580414997064 0.902068014723
25 29792 273 10008 2200 0.0231 0.1593 1.08191493244 0.737604069677 0.451589843319
26 1597 191 239 95 0.0784 0.2968 0.82096020395 0.640755533648 0.583546116113
27 142050 624 36286 6141 0.0161 0.1382 1.22815852537 0.777853248588 0.759084009996
28 128639 630 29591 5447 0.0161 0.1405 1.16702199931 0.775432966301 0.671539872246
31 10548 18 4143 4917 0.174 0.177 0.507061284709 0.584289671456 0.91407817609
32 79 25 14 15 0.4737 0.4772 0.458403780489 0.512648132981 0.937901771475
33 83331 545 23582 3807 0.0164 0.1475 1.23231831583 0.764961938799 0.717065650287
34 2577 339 271 96 0.094 0.3027 0.92129469395 0.653349828343 0.824123608761
35 275547 765 62147 10720 0.0157 0.1287 1.23281967134 0.792884011544 0.684148167175
36 56273 261 17311 4671 0.0311 0.143 1.10104371605 0.752574132194 0.71989962075
37 2263 307 460 90 0.0608 0.3072 1.14404192928 0.647622088337 0.860345002499
38 43320 238 8866 3772 0.052 0.1473 0.956564446572 0.745520964326 0.78159538536
39 2260 95 193 283 0.3387 0.2271 0.55131600039 0.654008149493 0.888034450706
40 1574 354 197 47 0.0996 0.3747 1.08147021936 0.626807912479 0.897540892991
41 36397 431 4510 1838 0.0517 0.1643 1.00345520358 0.743701696851 0.8178016013
42 39932 714 5177 1277 0.0298 0.176 1.13869510031 0.742545953485 0.838795360568
43 55912 830 15653 1635 0.0124 0.1692 1.36258859833 0.750825665954 0.637203409989
44 2196 174 747 156 0.0418 0.2608 1.06517543857 0.655482646234 0.70137788398
45 1033 307 97 31 0.1279 0.4271 0.976328171506 0.611445513225 0.82913690897
46 38862 270 13741 2998 0.0187 0.1521 1.05385285113 0.744170194233 0.150302084209
47 30114 473 6237 1357 0.0335 0.1729 1.17586931022 0.737753169358 0.914642565008
49 205265 978 44707 6174 0.0117 0.1388 1.25921196956 0.784677078136 0.458351772447
50 4664 40 1854 1263 0.0916 0.1811 0.685674556021 0.642105405286 0.781202673193
51 93507 789 21177 3093 0.0138 0.1528 1.22122253359 0.766030611186 0.511503122547
52 1097 311 200 33 0.0789 0.4178 1.18634342634 0.611719278359 0.889123693737
53 114473 856 29683 3609 0.0122 0.1495 1.3069006084 0.770726776079 0.522398241268
54 32641 173 11868 3590 0.0299 0.1487 0.986815974629 0.73428863799 0.484127777018
55 90300 956 12140 2483 0.0244 0.1586 1.14785588608 0.763090333142 0.737692329956
56 935 34 256 234 0.1912 0.239 0.598438077967 0.597936369161 0.961985233814
57 4505 25 1308 1647 0.2247 0.1842 0.552299984415 0.608659231331 0.894862631048
58 687 90 189 70 0.0809 0.313 0.814084226632 0.612622600034 0.564995915319
59 26695 373 5714 1469 0.0379 0.1701 1.09727517693 0.735303711313 0.761197630778
60 7610 75 2973 1377 0.0519 0.1734 0.804354180053 0.680225427499 0.33776174352
61 1293 328 183 39 0.1049 0.3965 1.1194532595 0.616396511488 0.85948027415
62 45573 789 7948 1354 0.0234 0.1746 1.23128529818 0.745347109588 0.782166323861
63 11495 438 2754 472 0.0185 0.2097 1.10752758108 0.70813539095 0.449185203394
64 97427 777 21736 3287 0.016 0.1514 1.23543372019 0.76723582379 0.518694773632
66 65469 483 9823 3232 0.0246 0.1509 0.986069960084 0.759064741051 0.59988173112
67 3530 20 1230 1443 0.2158 0.194 0.523657567423 0.584158962014 0.95905944805
68 1017693 1059 248938 33980 0.0102 0.1126 1.32411584392 0.820141675649 0.716998366215
69 27812 216 7715 2492 0.024 0.1563 0.957734513803 0.733901212196 0.205233139016
70 9421 36 1911 2919 0.1955 0.1644 0.492392581503 0.648104951364 0.944042866345
71 1581 352 211 48 0.0709 0.3734 1.03319611847 0.627331763764 0.77358831721
72 1122 143 211 82 0.0992 0.3067 0.88506016138 0.630582637855 0.869938167457
73 6287 33 2888 1989 0.1205 0.1739 0.732839803735 0.635434153267 0.974303450062
74 1579 211 243 84 0.0786 0.3082 0.914807269374 0.637307719202 0.734295860305
75 6788 24 3555 2626 0.1329 0.1759 0.691070061444 0.610684682143 0.914999847689
76 6873 112 2662 890 0.0543 0.1843 1.01637356642 0.68837304827 0.96631791591
77 1130 256 116 43 0.118 0.3784 0.924383448146 0.615153329963 0.852317908598
78 3579 22 1682 1385 0.1709 0.1916 0.652247668329 0.593687202583 0.956621715954
79 4126 73 1325 706 0.0937 0.1925 0.820101521179 0.66465073483 0.895321153351
80 1675 164 384 118 0.0603 0.2797 0.911796367224 0.644266301282 0.642333830539
81 24515 597 2075 857 0.0489 0.1882 0.960125180581 0.729348840579 0.689814207234
82 4080 25 1860 1479 0.1652 0.1864 0.694440173541 0.60706707458 0.810226508757
83 6823 61 2500 1425 0.0812 0.1738 0.772483727699 0.670158454461 0.809005258312
84 2869 62 1173 531 0.0806 0.2031 0.85657065716 0.650348008993 0.901251285122
85 1749 229 301 88 0.0647 0.3058 0.904427717774 0.641385135764 0.525831187431
86 6811 60 2758 1439 0.0795 0.1739 0.826047182874 0.669262973278 0.953951685336
87 12123 42 6202 3473 0.0745 0.1587 0.770786156583 0.662233752724 0.848936381536
88 1504 210 372 80 0.0538 0.3116 1.02204148388 0.639954109549 0.653948381934
89 93953 1122 14018 2232 0.0198 0.1618 1.21185726011 0.762077172886 0.573192553653
90 5948 75 2617 1045 0.0554 0.1807 0.885277453378 0.674781863033 0.904855384124
91 59 23 10 11 0.493 0.5299 0.471752512996 0.506804716961 0.913385988204
93 2276 24 1160 802 0.1307 0.2027 0.654547615226 0.594000151794 0.807723990118
94 1335 226 206 63 0.094 0.3355 0.940285661393 0.630053910543 0.799224757311
96 1532 328 156 50 0.1053 0.3676 0.961808390573 0.627963738519 0.86656303509
97 6251 37 3078 1835 0.0871 0.1735 0.737469169292 0.642875539014 0.935300610824
98 7070 77 2411 1243 0.073 0.1759 0.814207763195 0.679586227419 0.791545238576
99 10267 42 6798 2899 0.0513 0.1623 0.832781657814 0.659400744756 0.818124389341
100 2373 122 513 240 0.0995 0.2351 0.854106897692 0.658229914181 0.89308556403
101 134160 710 31051 5126 0.0109 0.1419 1.16787426196 0.776039803136 0.158371934353
102 26162 442 3582 1228 0.0446 0.1756 1.03433458668 0.733995184779 0.808144200726
103 1177 299 135 38 0.1241 0.3974 0.992454695799 0.615944908455 0.843428189191
105 2440 87 481 334 0.1561 0.2196 0.739937165542 0.654617731359 0.939112519384
106 3185 218 1146 197 0.0289 0.2484 1.1021571626 0.668043039383 0.631254565591
107 5740 147 1538 574 0.0489 0.1984 0.943965553406 0.687692518416 0.898592414707
109 9665 64 4905 2023 0.0515 0.1654 0.871501218222 0.679391390674 0.642480479397
110 1679 17 818 708 0.1875 0.2172 0.560273046414 0.556734222471 0.968690669245
111 3480 13 1356 1783 0.2987 0.2132 0.444664111287 0.530996482976 0.849889893841
112 4583 126 478 505 0.1804 0.203 0.638277097676 0.678877550344 0.985674792729
113 1820 38 560 459 0.1394 0.212 0.6070475823 0.619225115754 0.774915422566
114 23014 427 5207 1093 0.0248 0.1791 1.10025214284 0.730380458423 0.554700258342
115 1562 146 356 121 0.0629 0.2769 0.873128953266 0.642192245489 0.598985595222
116 1289 324 170 39 0.0918 0.3956 1.05625973482 0.61535754546 0.832947957025
117 2960 396 425 97 0.0611 0.3045 1.06590817869 0.654469355335 0.838479226699
118 3276 52 1022 707 0.1243 0.1943 0.717060618576 0.647453398992 0.9407404477
119 8862 549 1242 275 0.0416 0.2371 1.08372694296 0.694583615646 0.767565556846
120 6526 327 409 318 0.1061 0.2259 0.76860055067 0.691144529233 0.887963433225
121 18373 50 9265 4855 0.0677 0.1505 0.823386270542 0.679228353837 0.665955953447
122 38305 517 6122 1649 0.0251 0.1676 1.0476525198 0.744375370384 0.480332994281
123 1341 277 132 50 0.1282 0.3625 0.905735405406 0.624137336476 0.85592888783
124 1244 11 921 646 0.161 0.2464 0.573339754804 0.497272121762 0.945956875154
125 2284 34 1134 641 0.1019 0.2022 0.746162483289 0.618498496309 0.844025000464
126 3130 51 570 681 0.298 0.1963 0.624242186225 0.645185372163 0.941874544014
127 2468 350 373 87 0.0572 0.3124 1.06359615178 0.647304410344 0.850440073316
128 1541 306 218 54 0.0819 0.3558 1.0551301816 0.62792151524 0.863121995264
129 142205 904 26099 4388 0.0161 0.1455 1.19022896798 0.775956592517 0.521384797085
130 7850 88 888 1259 0.2508 0.1749 0.59203152359 0.686006611702 0.875655392807
131 1189 250 147 48 0.107 0.366 0.926370461948 0.624237026614 0.828450299934
132 8638 261 1300 550 0.0445 0.2011 0.858499172717 0.702156662365 0.510013542558
133 60366 460 14432 3081 0.0242 0.152 1.14274124057 0.757057093471 0.683219630881
134 42111 601 12066 1598 0.0174 0.1689 1.3256559231 0.745889096403 0.889506895534
135 1105 323 107 32 0.1564 0.4231 0.999259886367 0.612085692779 0.878982149394
136 1452 309 131 49 0.1644 0.3669 0.918537051098 0.624087183238 0.911606227073
137 1363 260 157 55 0.0866 0.3517 0.894914654463 0.626067306627 0.68003292576
138 1296 332 156 39 0.125 0.3969 1.07260575644 0.619767420295 0.898372358305
139 4979 108 1475 635 0.0568 0.195 0.859797710638 0.679322492402 0.714410347965
140 1034 281 44 34 0.2832 0.4111 0.717309789061 0.608437553382 0.931686409845
142 2023 318 344 75 0.064 0.3242 1.04826616885 0.643283997207 0.776032542475
143 4712 75 1066 803 0.152 0.1884 0.765020197867 0.668885089204 0.992152304582
144 1384 217 192 69 0.0835 0.3265 0.899528078062 0.632081123534 0.783587915775
145 31315 637 3548 1073 0.0352 0.181 1.029632133 0.736454428563 0.583890005035
146 6436 53 3486 1480 0.0549 0.1743 0.834585530847 0.662984775092 0.708499679052
147 1171 135 289 91 0.0613 0.2965 0.9290185032 0.630057874249 0.729703735076
148 6175 50 1964 1473 0.1105 0.175 0.697528153647 0.659214234983 0.856071279025
149 1046 289 67 34 0.2227 0.4125 0.835074258392 0.614100744831 0.906029608181
150 5623 57 2776 1208 0.062 0.1787 0.853179011005 0.663065685691 0.881828944833
151 31 17 5 6 0.6979 0.6498 0.373664269592 0.468653065764 0.962398913377
152 1098 284 216 37 0.0769 0.4004 1.18094554196 0.616025695391 0.867156370468
153 232 45 53 34 0.2357 0.3768 0.700331377894 0.554456841036 0.952601405024
154 3335 117 650 372 0.1326 0.2154 0.844926437797 0.668395136398 0.9417647033
155 4727 33 1006 1457 0.2215 0.1807 0.514609227207 0.630560164872 0.981596364173
156 153179 586 26295 7067 0.0198 0.1356 1.09307409859 0.779742707013 0.685293354806
157 1329 248 171 56 0.0956 0.349 0.897947835477 0.627868142112 0.762016350879
158 351054 1357 60933 8340 0.0109 0.1338 1.27713897212 0.795054001075 0.489300067833
159 82650 835 17627 2548 0.0148 0.1576 1.22677572397 0.762070452339 0.467849544802
160 11376 33 4098 3781 0.1361 0.1613 0.611199269854 0.644786209687 0.932393460688
161 22372 165 7131 2448 0.0299 0.157 0.971057051426 0.724754467795 0.539303007515
162 1121 204 211 56 0.0909 0.3453 1.01205408711 0.625306128738 0.879142038744
163 1235 262 123 48 0.1192 0.3662 0.904045002085 0.623301746162 0.821018117313
164 227928 988 23743 6880 0.0287 0.1368 1.07413671652 0.787163013344 0.81443895927
165 123597 594 19718 5491 0.0187 0.1403 1.07697527069 0.774605987412 0.620643097821
166 7821 358 1213 362 0.0469 0.2206 1.00288314576 0.696420103127 0.735999573488
167 1272 248 240 53 0.0657 0.3547 1.00340463532 0.624711374096 0.682833287676
168 112599 564 39924 5181 0.011 0.1414 1.27254332011 0.772399745097 0.639560735676
169 1113 25 314 354 0.2959 0.2274 0.551721246383 0.583282666807 0.919403638664
170 728 101 151 67 0.0986 0.3199 0.786616288128 0.612349381362 0.67098478324
171 135610 816 32390 4570 0.0146 0.1444 1.28917324919 0.775518323748 0.727227851617
172 660 16 144 263 0.4522 0.2523 0.299132109547 0.535416681801 0.639389783764
173 839 178 124 44 0.1024 0.3699 0.898607135349 0.61452541272 0.774420865925
174 435 76 95 46 0.1487 0.3514 0.781043791218 0.59287448324 0.84685848212
175 126823 577 27033 5801 0.0211 0.1392 1.14621693095 0.77527000793 0.737041056091
176 8069 23 3278 3239 0.213 0.1735 0.653836326196 0.608741104175 0.927133523551
177 831973 767 130493 36174 0.0309 0.1116 1.21221737796 0.816114562817 0.949642239805
178 3965 19 1092 1683 0.2915 0.1931 0.425165963712 0.580183364645 0.822210737588
179 285046 1036 107079 8464 0.0059 0.1331 1.44554469464 0.792235560159 0.851138106722
180 6433 533 1033 190 0.0465 0.2586 1.18107763007 0.681010746616 0.853525322192
181 3613 17 1397 1619 0.2336 0.1987 0.513174870112 0.566456414438 0.849754551846
182 4240 43 1027 1081 0.1407 0.1844 0.60520054736 0.643884585551 0.951081877216
183 24965 357 4219 1416 0.0464 0.171 1.00277697523 0.733507888194 0.797061463651
184 1242 315 147 39 0.1267 0.3956 1.06767897451 0.618305348943 0.92419686454
185 240706 690 51498 10112 0.0161 0.1296 1.1767725082 0.789978670006 0.626368174634
186 1354 292 102 48 0.1653 0.3683 0.884173541498 0.625480374919 0.913042746004
187 3456 28 608 1150 0.3746 0.1898 0.391610358778 0.613418740356 0.810103426646
188 1135 270 212 41 0.0857 0.3857 1.14873285944 0.617946603404 0.870581878417
190 695 158 70 39 0.2207 0.3818 0.768498841262 0.605781920061 0.927523364667
192 140762 976 26443 4040 0.0128 0.1474 1.20888177362 0.775021914494 0.352380798844
194 1076 235 107 45 0.1355 0.3724 0.891459775077 0.619067068025 0.870005430137
195 219 48 59 30 0.1803 0.3945 0.734824970668 0.564100057539 0.849515834865
196 1664 14 1081 781 0.1616 0.2252 0.620194943004 0.533797984036 0.927457018686
197 2663 22 924 1005 0.2476 0.1993 0.557236052817 0.589291837101 0.932231089287
198 1858 187 326 118 0.0765 0.2799 0.93084120114 0.64954056122 0.839283851243
199 3627 505 335 97 0.1005 0.3074 1.03784473788 0.65799504485 0.905500851372
200 1287 189 233 73 0.0846 0.3191 0.961791563968 0.632677331248 0.83380455819
201 1277 271 212 48 0.0894 0.3674 1.06139525605 0.622524002606 0.819296431441
202 20163 112 13309 2983 0.0198 0.1537 1.04010780012 0.713850522911 0.210877438259
204 128 19 20 35 0.5874 0.3685 0.343450990011 0.508317402699 0.669777411795
205 800142 1405 254166 20226 0.0055 0.1198 1.45833706819 0.813830124148 0.503411503754
206 1189 190 186 65 0.0974 0.3303 0.917404282662 0.627848999173 0.77389867603
207 682 179 58 33 0.2216 0.4053 0.807506027767 0.603815270156 0.925966613934
208 1297 287 139 46 0.1105 0.3728 0.94784697405 0.624957452038 0.835576890239
209 3246 20 1104 1318 0.2894 0.1963 0.552133256602 0.583027733779 0.40890233322
210 1016 243 113 40 0.1284 0.3867 0.935790345204 0.616969827495 0.832598040979
211 6395 80 4778 1077 0.0221 0.1797 0.984131424573 0.677902480997 0.326028402809
212 21 10 9 6 0.4455 0.6119 0.543037540318 0.462559688035 0.925947860709
213 380439 783 91297 15017 0.0152 0.1235 1.27471927978 0.79999789701 0.757792748874
214 13208 222 4426 1044 0.0219 0.1792 1.03798373051 0.71468567452 0.398580132095
215 40520 385 9473 2300 0.0293 0.1585 1.0975854173 0.746730140596 0.697583852542
216 14479 316 3507 843 0.0381 0.1867 1.10473507063 0.717682001552 0.728924714699
217 1326 350 116 37 0.1161 0.4046 0.974974781047 0.614612647945 0.833734454568
218 2797 260 561 141 0.0569 0.2713 1.01410780233 0.660256057783 0.711728384299
220 1332 303 198 45 0.1025 0.378 1.11156913146 0.622964984461 0.902633789584
221 2019 308 287 77 0.0725 0.3215 0.986978029283 0.641520384372 0.75751361105
222 9866 255 4464 657 0.0168 0.1946 1.16202782991 0.706430943777 0.442498275348
223 1312 10 775 715 0.2406 0.2529 0.488186109084 0.482726278229 0.944942115478
224 526 90 120 49 0.1167 0.3484 0.826908093425 0.596571170533 0.802440695289
225 971 10 604 519 0.2371 0.2603 0.531356181936 0.480382175088 0.69620677862
226 57223 670 11950 2054 0.0187 0.1625 1.23301148472 0.753753423303 0.863215538677
227 11199 171 4809 1086 0.027 0.1779 1.06497656906 0.707991123711 0.60217200499
228 39892 480 9339 1850 0.024 0.1644 1.14932203848 0.745835079078 0.717965311677
229 27502 127 21965 3810 0.0123 0.1484 1.08073790039 0.723790189824 0.22705141727
230 44537 581 12162 1759 0.018 0.1662 1.27286251864 0.747769884361 0.842051241434
231 119228 712 22391 4476 0.0215 0.1446 1.18614508251 0.773030435135 0.822953025092
232 42970 499 6904 1944 0.0409 0.1632 1.07747635904 0.747763927004 0.835912025536
233 17975 647 4428 549 0.0183 0.2055 1.27962784612 0.717963871878 0.723310582551
235 1116 186 224 61 0.0677 0.3354 0.951514924499 0.623579817886 0.733072586528
237 63192 590 10678 2589 0.0257 0.1564 1.10816884338 0.75749712269 0.638123789218
238 28753 335 6842 1763 0.027 0.1649 1.01615401302 0.737439245104 0.315020582698
239 53 11 35 18 0.1987 0.4392 0.570004807896 0.440069153772 0.636861747063
241 237582 937 39676 7565 0.0196 0.135 1.21207776365 0.788520966474 0.778684294541
242 1430 329 119 45 0.1629 0.3797 0.935006578854 0.624265179041 0.900783774369
243 44446 509 9784 1984 0.0311 0.1627 1.23498829663 0.748598436047 0.944866271143
244 56856 814 15978 1698 0.0139 0.1681 1.4065350348 0.751556049063 0.849455029086
245 13982 183 6993 1319 0.02 0.1723 1.11277894294 0.71451211662 0.61725923981
246 22277 454 4887 994 0.0271 0.1823 1.10839265247 0.729064335042 0.56690914021
247 58757 971 10454 1490 0.0224 0.1725 1.31876165027 0.750190925701 0.858068951721
248 41242 324 10582 2735 0.0282 0.1542 1.07603308015 0.74679223053 0.895459070937
249 126135 551 35798 6007 0.0163 0.1385 1.22834900072 0.775143483679 0.702880880328
250 7104 508 826 226 0.0469 0.2473 1.0269441135 0.6866599778 0.745746844458
251 5354 85 789 840 0.1459 0.1866 0.658267372025 0.675615949884 0.957397539361
252 20820 762 3600 556 0.0298 0.2058 1.26752415082 0.719964789081 0.847716166863
253 867 113 205 74 0.0722 0.3131 0.866501349182 0.616801079399 0.675654979733
254 477 132 82 28 0.1514 0.4219 0.892296088635 0.585558577562 0.820049814291
255 4591 172 1812 383 0.0325 0.2149 1.07826280672 0.681196419892 0.719868725568
256 1339 361 245 36 0.0648 0.4074 1.19275188058 0.61491388193 0.808545058482
257 79906 690 13497 2928 0.0199 0.1538 1.13452554966 0.762779109367 0.665894471309
258 6634 70 1812 1245 0.1007 0.1764 0.750237140023 0.674655616262 0.954390904071
259 1027 220 233 45 0.074 0.3704 1.12101797766 0.616171497822 0.847102145954
260 1015200 992 173729 35908 0.0153 0.1119 1.19526387342 0.820188383501 0.729321332965
261 5962 359 1700 259 0.0258 0.2371 1.15965585406 0.685817988997 0.483880318678
262 5559 18 1671 2489 0.2722 0.1879 0.488397009833 0.577903982318 0.657530987545
263 6088 145 1350 622 0.0931 0.1957 0.927015415645 0.689323536413 0.958268355152
264 5003 19 2238 2160 0.1463 0.1881 0.546426713047 0.582909045776 0.9170683108
265 26 19 4 4 0.7735 0.7735 0.531632168775 0.531632168775 1.0
266 89215 449 11025 4887 0.0397 0.1422 0.925647466864 0.766737870483 0.662180038277
267 9361 37 3000 2849 0.1309 0.1645 0.656742043092 0.649861509024 0.904272642764
268 1298 198 275 70 0.0711 0.3235 0.986708530329 0.631351015304 0.705563279196
269 5126 282 1510 274 0.0324 0.2327 1.13340955308 0.683524596137 0.679015799177
270 78121 441 8184 4278 0.0507 0.1449 0.931977241656 0.763515437751 0.919563579374
271 1413 17 724 587 0.199 0.2222 0.633356356723 0.554661118203 0.880460880885
272 11360 90 3316 1870 0.0745 0.1651 0.829157224523 0.695083461868 0.89052557345
273 2866 24 976 1032 0.2412 0.1961 0.598012958933 0.598019400285 0.92861981019
274 2040 45 448 461 0.1855 0.21 0.605080813571 0.629508085117 0.974731521383
275 1074 212 180 50 0.1108 0.3582 1.01513282712 0.618458797521 0.859622124815
276 1102 15 654 481 0.1739 0.2344 0.616046758952 0.537446526403 0.965294699343
277 14629 167 4557 1502 0.0301 0.1688 0.974984216377 0.714731168547 0.599050252699
278 1091 325 91 31 0.221 0.4281 1.00847965343 0.608900046486 0.94520783996
279 2633 29 1984 834 0.0601 0.1974 0.781659066091 0.611046449507 0.762938654818
280 10438 47 6071 2737 0.0578 0.1619 0.841302148888 0.666091555978 0.874099920709
281 1726 167 351 120 0.0591 0.2791 0.881417754518 0.645764172194 0.575282147004
282 7242 21 3752 3036 0.1464 0.1779 0.6362794561 0.598116728798 0.952187814351
283 4915 16 2146 2322 0.2076 0.1951 0.509943840905 0.562319031582 0.962806097472
284 7358 158 1771 718 0.0559 0.1907 0.903471897584 0.695630805179 0.738337022036
285 53 27 10 7 0.4708 0.6296 0.569506991432 0.480176360046 0.859746715706
286 36206 365 11020 2123 0.0225 0.1604 1.16841237429 0.743750555397 0.7664911234
287 3316 23 701 1242 0.2824 0.1928 0.371940101061 0.59674071587 0.948610069495
288 8507 52 5852 2040 0.0393 0.167 0.886509681367 0.667549126242 0.714992508749
289 23004 322 4392 1415 0.0531 0.1709 1.05572970699 0.731223534744 0.910643405954
290 1243 290 153 43 0.1051 0.3821 1.01071767073 0.620429239756 0.845828867934
291 598477 831 114646 23491 0.0147 0.1172 1.18261539806 0.809560812037 0.746215604363
292 24852 375 4572 1347 0.0452 0.1726 1.05751188304 0.73333329737 0.865335117808
293 1298 282 120 47 0.1335 0.3715 0.885328197678 0.620575531276 0.845248921253
294 14252 140 6006 1690 0.0316 0.166 0.997650999179 0.711102654023 0.666699159132
295 2957 86 1024 422 0.0815 0.2103 0.929686836642 0.660142288347 0.96283310638
296 3629 70 511 631 0.1695 0.1965 0.578734683517 0.660406858101 0.887288820106
297 1348 158 198 93 0.0883 0.296 0.786749855831 0.635431183199 0.650746278667
298 3134 97 365 407 0.2202 0.2118 0.632115025867 0.663677074949 0.984738003733
300 4787 147 1567 464 0.0537 0.2066 1.03737154883 0.6818915464 0.948583404538
301 5816 42 2091 1558 0.1367 0.1757 0.728661641763 0.64905530228 0.854376564339
302 987 187 139 52 0.1381 0.3525 0.907034395728 0.621067066637 0.834688697828
303 4762 25 1013 1749 0.3171 0.1829 0.41659947555 0.609534856071 0.942878459089
305 5284 21 4090 2166 0.0779 0.1841 0.710595043655 0.594341997328 0.857830575743
306 826 290 156 24 0.0823 0.4671 1.19140852444 0.59968617222 0.79620343005
307 3987 16 1463 1858 0.259 0.1993 0.462839201217 0.560199001394 0.923791984767
308 79 22 15 17 0.4467 0.4576 0.416566138741 0.506523256987 0.892749560031
309 4231 30 1992 1373 0.1108 0.1839 0.665468084135 0.621990066953 0.832820491716
310 2606 29 853 825 0.1792 0.1976 0.577788124026 0.610999620531 0.983336775105
311 3507 108 648 423 0.1269 0.2103 0.758952875493 0.668944810638 0.892514102761
312 2799 43 712 681 0.1689 0.1974 0.615112696588 0.635246051652 0.904941217273
313 1268 289 163 44 0.1016 0.3785 1.00727966091 0.620125091041 0.842933118093
314 1417 290 360 51 0.0472 0.3616 1.19742735206 0.625595271949 0.802117170851
315 7347 33 2137 2356 0.2283 0.1702 0.632171155195 0.637990264915 0.300374484885
316 4399 239 922 267 0.0609 0.2329 1.01285008277 0.678984120159 0.86307738526
317 3323 30 1674 1054 0.1078 0.1904 0.707992047246 0.617718841373 0.905974861642
318 6512 49 1882 1585 0.142 0.1733 0.722610921821 0.659319697857 0.85570505815
319 5558 32 2624 1774 0.0965 0.1769 0.676087922489 0.631325132892 0.870126389868
320 4157 24 1348 1547 0.2488 0.1868 0.567305595934 0.603895945786 0.949829392152
321 12759 78 5020 2374 0.0688 0.1604 0.896452792586 0.692741981256 0.892950313062
322 7303 29 3140 2537 0.0994 0.1715 0.633983325853 0.628088624819 0.820940623434
323 5253 66 1836 1003 0.0819 0.1827 0.78719657025 0.667245560507 0.883433350175
324 1088 286 145 36 0.1294 0.4051 1.08364784541 0.611455544567 0.91116144212
325 4565 84 1174 708 0.0958 0.1919 0.778722330255 0.671266751169 0.879390673051
326 9145 28 4339 3303 0.103 0.1674 0.634988197587 0.628521116443 0.849972393038
327 44880 462 12821 2191 0.0171 0.16 1.19828649716 0.749114696692 0.874017983544
328 1133 264 110 42 0.1557 0.3839 0.927891602813 0.61692347079 0.885884111443
329 833767 1000 190477 28721 0.0122 0.1147 1.29862512346 0.816186389629 0.73946071282
330 15211 493 3322 587 0.0278 0.2015 1.1617414397 0.715853010546 0.639818379779
331 9972 49 3884 2531 0.1015 0.163 0.780625891317 0.667610194951 0.981596808164
332 1101 215 118 51 0.1644 0.3565 0.858773934948 0.620077083047 0.891354123209
333 4528 93 1218 645 0.096 0.1948 0.838654263677 0.673351327003 0.844821256063
334 1366 183 236 81 0.0755 0.3093 0.879723943163 0.634200869545 0.647250592514
335 7340 84 2000 1211 0.0916 0.1763 0.777853034567 0.68299376858 0.844967269692
336 914282 1079 206613 29707 0.0102 0.1143 1.30256713659 0.817912601595 0.772139505912
337 5244 291 643 273 0.0879 0.233 0.925060533523 0.684019620999 0.931400909214
338 1690 201 440 97 0.0565 0.2962 1.05917984133 0.642616701414 0.758329459005
339 2003 73 305 308 0.176 0.2229 0.662136959123 0.645458280955 0.963860488874
340 204428 740 90541 7918 0.0058 0.1338 1.36699780559 0.786064845786 0.768510792106
341 3154 23 938 1176 0.2367 0.1942 0.518604291242 0.595730755046 0.938690854315
342 2756 443 186 78 0.154 0.3248 0.943010926226 0.648501716675 0.946398758271
343 6495 134 1254 717 0.0896 0.191 0.831229969553 0.689962292389 0.942913387433
344 43414 441 14751 2201 0.0115 0.1598 1.1551211156 0.748395386723 0.413816593211
345 3553 30 1316 1134 0.1626 0.1886 0.644664366143 0.619057706456 0.980654120557
346 6493 64 2190 1301 0.0993 0.176 0.802473702059 0.67097310855 0.907853739106
347 5240 487 648 161 0.051 0.2681 1.05204726904 0.674533040216 0.790755924156
348 5205 68 2507 970 0.0553 0.1834 0.892883672268 0.668150071104 0.737927438874
349 32117 513 4027 1355 0.0391 0.1732 0.977947486117 0.739150515721 0.787753551735
350 1846 196 366 111 0.0582 0.2858 0.896722047824 0.646175376808 0.635338970443
351 88 24 39 18 0.1831 0.4479 0.69755284096 0.508208915495 0.727851042619
352 39486 563 8975 1577 0.0202 0.1691 1.19409022368 0.744398500573 0.868842581026
353 1241 323 129 37 0.1448 0.4027 1.00941919222 0.611980630268 0.889783315308
354 64 22 19 12 0.3435 0.5169 0.613453063312 0.478940578907 0.903186392646
355 1796 365 410 54 0.0456 0.3591 1.2352329222 0.629546512023 0.821361448357
356 36670 306 6797 2518 0.0407 0.1561 0.932324397161 0.743503722939 0.648303788705
357 80500 813 31746 2535 0.0071 0.1577 1.40569839451 0.761587551316 0.469522703869
358 998 246 116 38 0.1558 0.3955 0.964732994347 0.611393922132 0.893343505768
359 1483 279 163 57 0.1156 0.3491 0.927787234297 0.630572556563 0.871590442485
360 37 14 17 9 0.2851 0.5577 0.588477915597 0.427164587749 0.665479073942
361 1361 356 249 38 0.0715 0.401 1.23095781043 0.618824069701 0.885102905861
362 1154 284 115 40 0.1723 0.3905 0.958081367496 0.620123038141 0.914720602453
363 30 19 4 5 0.7401 0.6966 0.364123287318 0.48034714482 0.953082618122
364 25890 104 18651 4165 0.0171 0.1475 1.00377209769 0.716802175291 -0.367857848772
365 478492 762 185508 19817 0.0076 0.1195 1.37611168841 0.804907916128 0.728903694408
366 1527 302 120 54 0.1591 0.356 0.85990984689 0.62742904443 0.909777715038
367 6256 48 2392 1539 0.1085 0.1742 0.766744748055 0.657659187351 0.942189663786
368 68123 599 9629 2781 0.0342 0.1547 1.06903230681 0.759404850085 0.870892426347
369 255178 1068 47712 7271 0.0127 0.1359 1.23135133888 0.789356851162 0.436216778457
370 1477 165 278 100 0.0835 0.2924 0.895407128492 0.640432685308 0.755115780989
371 1089 293 114 35 0.154 0.4083 0.994702103571 0.612900558226 0.890808348028
372 1040 281 138 35 0.1323 0.4089 1.0710667182 0.613747729807 0.876876051622
373 1068 93 301 117 0.105 0.2759 0.911075049799 0.627187074963 0.902640410696
374 1146 267 116 42 0.1867 0.3851 0.976303148941 0.617001731517 0.946000938842
376 3341 31 1413 1038 0.1173 0.1901 0.656108017704 0.620052840987 0.93055862628
377 2875 436 482 84 0.0572 0.318 1.18163709921 0.650660337107 0.857435466817
378 1331 180 330 80 0.0536 0.3103 0.991219813036 0.632896269993 0.746220566528
379 1290 179 294 77 0.0634 0.3139 0.948899726819 0.63164450943 0.659813830317
380 193922 919 27568 6131 0.022 0.1388 1.15236698146 0.783689457936 0.800116621798
381 22 10 9 6 0.4481 0.6541 0.493863150294 0.358544550186 0.761212301423
382 1879 336 263 64 0.0908 0.3397 1.06673856449 0.638153328259 0.867798828856
383 1311 308 102 43 0.1506 0.384 0.852546894838 0.620500636983 0.835737879527
384 1310 290 94 46 0.202 0.3729 0.862336605619 0.622279803875 0.947214748024
385 6086 404 711 236 0.0698 0.243 0.999263024485 0.685050603813 0.891756840977
386 1215 175 243 73 0.0672 0.3182 0.945929077452 0.629416900195 0.733676896753
387 1102 333 117 30 0.1584 0.4306 1.08184782121 0.606182481758 0.913145337587
388 1153 305 149 36 0.1337 0.4051 1.10475111799 0.611649920786 0.890058021589
389 138936 1283 10060 3077 0.0335 0.1542 1.05933406949 0.771382504419 0.748613977844
390 38770 853 3642 1040 0.0294 0.1832 1.04781053812 0.739030732782 0.629593225435
391 893 221 99 37 0.167 0.3957 0.916998112743 0.605810133234 0.915433638425
392 16300 426 4258 732 0.0292 0.1924 1.24922573836 0.719607725943 0.92828040065
393 1573 234 304 75 0.0709 0.3197 1.01126999326 0.636497077216 0.782994146555
394 1191 279 117 42 0.169 0.3831 0.947147458439 0.616853897719 0.926695904994
395 87226 875 33736 2594 0.0068 0.1573 1.42088032157 0.763037078968 0.684173917627
396 43313 693 17883 1444 0.0075 0.1722 1.37423668995 0.745315789164 0.701273878915
398 89648 878 4446 2668 0.0586 0.1566 0.920803487514 0.763821479613 0.882070010118
399 14600 20 6196 6571 0.2373 0.1679 0.662431459846 0.600013630959 -0.343452596588
400 46 16 16 11 0.3736 0.5333 0.569939017556 0.451639962404 0.868351880634
