6 2643 489 0.876375202455
9 45292 1579 0.782708197604
31 22307 746 0.801611709179
111 34032 376 0.98078377958
181 24365 608 0.782685856564
187 6558 1239 0.740786569828
228 98073 1072 0.532399158276
270 38329 488 0.584601088761
334 95 66 0.975308808552
367 78921 2892 0.724683360797
409 81959 423 -0.711375636691
462 48109 3049 0.861351898274
476 48945 393 -0.100682221228
481 19330 671 0.605176280512
556 28883 878 0.824125523546
587 26205 2373 0.662929072349
588 38822 1316 0.698000348469
607 72024 429 -0.669266004382
626 1795 391 0.38146961515
681 135891 1166 0.264704931929
710 74085 2801 0.685231197811
720 41 14 0.604170103858
735 52590 3275 0.898964774852
755 7401 808 0.707205226421
799 34468 3123 0.910426958961
849 59556 2071 0.201450287524
869 21240 620 0.509024157313
878 12134 342 0.832007119657
903 19341 191 0.976123818851
967 31506 2635 0.877129741658
973 34540 2920 0.893007490596
997 15158 783 0.984478915911
1055 1988 493 0.362917272785
1056 56183 2150 0.638261045417
1080 4514 76 0.660735555812
1097 116234 167 -0.769383624839
1098 52414 2890 0.643399632602
1125 54720 656 -1.09638477575
1155 37377 3395 0.930474380327
1166 7334 650 -0.219763716377
1198 6599 444 -0.33633920538
1228 39626 909 0.818773748578
1251 26375 1188 0.912575239848
1278 40323 332 -0.685775902599
1287 36965 554 0.0727591814699
1305 34420 1111 0.806724608928
1329 126442 1319 0.557375369813
1331 98802 734 0.328490021284
1342 33111 3231 0.923360451325
1345 79374 353 -0.356435529643
1356 21147 1328 0.889344118532
1389 17780 1294 0.828504048352
1397 2237 471 0.309962298878
1399 2037 359 0.442449625023
1416 10868 483 0.749344060919
1456 235417 991 0.265751745539
1490 49748 3336 0.892109748053
1536 49905 921 0.602935940958
1557 29673 1559 0.618764718899
1586 111244 760 0.472568771168
1647 34946 2751 0.894577181838
1660 29053 299 0.604709460559
1682 26747 1257 0.968752748501
1715 24820 1175 0.876687108461
1725 5794 332 0.38075839357
1774 76523 3526 0.928742752877
1798 5632 124 0.244037618174
1804 13314 569 0.861358656833
1847 10508 219 0.591519531395
1850 73899 553 0.301219499519
1932 2209 442 0.234694351941
1964 46390 586 0.521144253375
1968 40577 1002 0.236855933908
1974 30893 2563 0.92594390792
2017 63070 2849 0.801435587081
2075 25351 720 0.800678524695
2090 16162 480 0.441931556755
2091 12107 508 0.771165505701
2136 87218 784 0.426070373636
2139 7130 509 0.273760449791
2151 18895 637 -0.93390493237
2154 78237 3464 0.887738854476
2199 64375 1451 0.908908675027
2210 31625 415 0.184716858015
2257 16078 783 0.760570172463
2279 81777 3533 0.898573423114
2306 19251 259 0.191121574188
2337 36988 2742 0.870091962514
2343 61317 2750 0.201638988624
2377 15313 482 0.755449847856
2399 136791 1738 0.613972294179
2409 12677 786 0.745569065014
2419 145704 4964 0.845192701231
2420 172270 5022 0.90836264441
2424 175928 4803 0.867556684361
2483 51426 973 0.65104640173
2490 36737 773 0.467767512777
2514 25683 586 0.544704903888
2543 88470 473 -0.589744969049
2608 10968 236 0.742013862067
2660 27632 1236 -0.0473530345644
2719 25076 512 0.493306766037
2818 48452 961 0.590330003217
2842 10765 306 0.723985167599
2849 10306 74 0.606051017786
2850 14458 228 0.539515154694
2888 67418 371 -0.600574508467
2961 18366 922 0.481155061795
3008 43489 569 0.350221715027
3164 19576 1118 0.967038599836
3181 54695 3362 0.911230970365
3188 19460 928 0.932223122703
3263 62640 3530 0.819749293991
3283 55816 453 0.0915328374123
3294 32777 2941 0.903768251037
3302 89834 1105 0.592312166246
3319 31209 2283 0.881900053764
3326 51022 838 0.496109563619
3333 17607 1128 0.957003406497
3336 120645 1304 0.632388603399
3350 52685 1605 -0.0140082434155
3352 6629 915 0.60736858648
3361 1464 502 0.443353030048
3389 6798 1057 0.822608357955
3487 12013 575 0.452340341878
3495 48066 1448 0.963248606274
3569 4937 1049 0.829886906649
3582 75543 704 0.492341486596
3612 1831 51 0.832449365807
3614 36911 620 0.405367678792
3648 43610 3457 0.907430076745
3657 116339 1257 0.637908055593
3658 37719 973 0.83578040862
3742 6069 1193 0.775232327113
3769 67079 1737 0.685353051202
3817 24241 1857 0.94524601874
3827 23531 1115 0.777542015548
3949 22598 420 0.706389895646
3962 22826 1230 0.7747526713
4036 106646 1799 0.907334256443
4053 40683 3196 0.90870413588
4058 53831 3994 0.899334713183
4092 14085 369 0.390213040927
4141 76814 440 0.391119015376
4147 70050 2901 0.806644953343
4163 95717 275 -0.92788374455
4217 39064 881 0.643087806118
4229 22909 565 0.34708666563
4260 19534 1456 0.672279431211
4298 94969 2515 0.814129412186
4300 126469 3410 0.700542257085
4320 40982 664 0.289888239411
4332 2402 80 0.990363276582
4333 34825 2814 0.877876153853
4421 33557 2747 0.781605137469
4469 29556 383 0.607024158342
4483 28913 496 0.859342564675
4583 68387 2931 0.845811891687
4620 2789 258 0.726214916437
4672 2373 155 0.728750906861
4673 4869 226 0.354804175654
4676 11798 344 0.516756153853
4697 35406 1327 0.391055610703
4741 4910 138 0.674629365261
4753 42619 405 0.616455977402
4779 47903 3131 0.935490317576
4814 9820 260 0.796196330042
4860 46559 1333 0.69034106573
4895 38392 835 0.505831977135
4946 21243 1547 0.845611702593
4975 72146 930 0.735351535054
4989 6499 386 0.877419116938
4992 25465 3129 0.73040025655
5025 39150 813 0.167277093327
5102 71065 424 -1.07334847526
5132 1326 357 0.187378929798
5212 52408 962 -0.27255405583
5235 94699 391 -0.756036934341
5245 23509 311 0.398964460006
5249 37032 2619 0.919565360501
5284 13821 365 0.872781516287
5318 75460 1682 0.48272119295
5378 14768 1815 0.846093349701
5431 91215 877 0.580812896164
5501 46368 441 0.653575484333
5537 56953 519 0.270271881108
5540 68266 1216 0.590249653354
5595 23612 797 0.785895413828
5610 23184 1317 0.774630891646
5633 20810 240 -0.00702384257946
5637 90418 974 0.627741302209
5643 52097 1254 0.648361996777
5719 49528 659 0.631296699508
5723 56888 1578 0.959154527684
5750 17108 416 0.919422969295
5856 38797 269 -0.172237632195
5876 2632 482 0.407914545177
5877 3435 491 0.8853143305
5890 102276 888 0.764369672687
5898 12811 305 0.367790289367
5940 44263 958 0.515502126778
6063 20814 641 0.563114801493
6133 20923 1089 0.844157406146
6164 11459 331 0.810228981528
6183 10825 389 0.610607910615
6203 8649 43 0.979312727096
6250 61305 862 0.745792397813
6257 32111 2665 0.871402454205
6272 14355 442 -0.213279930606
6280 91699 1020 0.526084398555
6299 21223 471 0.780331874707
6301 20493 529 0.879435570941
6319 21581 732 0.695426238937
6359 86210 638 0.665634103177
6363 12584 271 0.986691517707
6374 31514 2756 0.685237846736
6382 63726 2063 0.887235294953
6394 20915 1218 0.789715382239
6418 6669 1215 0.743775919267
6453 53647 995 -0.0162680566705
6467 45023 286 0.00977649916611
6476 38471 1397 0.757635002236
6485 32685 1680 0.857960306146
6490 437 45 0.717749544747
6503 45893 3431 0.895334093434
6556 7159 576 0.2903355501
6592 40211 934 0.710396050689
6621 33307 1089 0.908198850404
6623 22641 447 0.711701032882
6654 42154 1896 0.634268286643
6738 20934 1512 0.831481653694
6750 1577 288 0.432087852994
6772 13309 45 0.886742773662
6773 1392 33 0.935720906417
6774 89994 1786 0.565989230107
6807 83003 542 0.806121918015
6858 8228 825 0.427249550214
6891 7139 423 0.814015885851
6905 35392 1980 0.608056176535
6909 52816 2708 0.131285250016
6938 53467 591 -0.189100660492
6978 28377 2532 0.903569877528
7008 39046 1545 0.00918389938004
7040 52401 3360 0.899929609082
7058 37111 357 0.655942711237
7074 33048 1254 0.619531923036
7077 75994 3059 0.866319794429
7157 29660 507 0.12864117072
7262 66487 2810 0.821558553803
7323 20230 1071 0.93854793365
7343 7934 284 0.696349259886
7382 19309 550 0.650699225795
7385 18469 925 0.894531653736
7386 26297 984 0.804675878259
7436 44127 397 0.660157273173
7448 132197 3687 0.757989496987
7450 83685 3690 0.853852427447
7498 69402 1461 0.923839031071
7512 22604 1379 0.877160606905
7529 22190 666 0.822178907456
7532 37726 1353 0.907037806949
7574 58276 348 -0.682356730858
7628 58900 3094 0.913144200049
7675 38868 885 0.887366325847
7699 39508 1700 0.829849962632
7726 28243 808 0.311184179514
7767 17899 1597 0.904994229535
7815 21465 379 0.375568919095
7822 41922 923 0.631144513265
7823 2732 190 0.789486884202
7836 4809 541 0.851644989397
7854 38845 2805 0.884487214139
7920 72075 1202 0.846292499543
7921 23018 1200 0.895216764732
7943 120689 4337 0.912063010968
7957 24861 671 0.663306398705
7964 27482 630 0.599520982665
7982 8371 188 -0.0180167160414
8001 32247 2462 0.650875701963
8003 21380 1184 0.117345703336
8032 40403 1331 0.656728277328
8043 22957 908 0.904340350318
8118 13219 305 0.412080967306
8157 17725 612 0.672430331753
8163 18045 480 0.536369827505
8184 22193 2207 0.912586081086
8199 66086 2407 0.761662730501
8233 42410 503 0.709248368013
8243 40962 1223 0.837326453121
8272 1863 327 0.397586287685
8284 1639 488 -0.0143416154664
8329 3084 186 0.758394999905
8389 37519 280 -0.513583185775
8391 6175 476 0.704668167099
8423 1218 342 0.213298955671
8424 25232 517 0.880389300704
8533 31217 929 0.704763935323
8590 7587 1088 0.648476433887
8665 83175 179 -0.734751096488
8677 53509 3576 0.914341778447
8743 20638 964 0.691532583637
8836 60209 1257 0.634886588987
8914 43528 478 0.426024610895
8915 9960 65 0.919459339729
9047 27237 2038 0.803565749863
9075 23775 805 0.937593408121
9098 89779 395 0.47390747368
9101 1171 124 0.595134423343
9131 274558 328 -2.20448249666
9133 39855 925 0.656303493325
9143 86207 1557 0.876577636259
9175 18796 411 0.550903859435
9203 18099 732 0.828744336288
9223 28757 477 0.64643879661
9247 71186 273 -0.27910676341
9405 43778 405 0.145626775744
9417 16148 1006 0.948860114614
9451 35235 409 0.238328330056
9473 1974 410 0.439976462244
9487 4568 205 0.457911720212
9521 21661 438 0.374163630974
9536 90025 3016 0.836032078244
9543 6818 265 0.406515862082
9579 7123 351 0.478520561011
9608 32501 887 0.881001770296
9702 50262 3124 0.913293713482
9774 47261 916 0.729649703662
9776 36418 2329 0.876781580042
9777 22757 1769 0.837082359498
9782 18214 1260 0.931361060373
9789 79907 431 -0.480380702517
9817 29859 879 0.656498377625
9857 27489 1665 0.500809513073
9878 27270 486 0.103363563944
9879 22581 480 0.216625739341
9920 30803 2174 0.556782397041
9947 36612 409 0.218452146094
9995 1148 317 0.138538908643
10027 18131 553 0.535910641634
10029 50 40 1.0
10035 73111 1177 0.678318663027
10061 18634 1162 0.812519104077
10065 45229 899 0.639161171275
10092 8387 354 0.479639590379
10100 57950 545 0.0770818479714
10107 92694 1814 0.90225873708
10210 24814 714 0.737061570916
10262 90 35 0.796908691824
10265 21913 655 0.53290990244
10307 49145 3441 0.837404444246
10350 32866 1059 0.764264388909
10363 109148 1700 0.879445247632
10438 50964 861 0.462369171155
10453 69685 3438 0.957788267467
10460 48641 1514 0.95021690057
10461 53675 1021 0.636414274089
10464 97036 1413 0.713114556524
10517 26890 1535 0.798069347781
10519 1654 285 0.453900452987
10621 18780 262 0.145837188573
10630 13152 438 0.836879908928
10646 12396 78 0.557022940534
10672 40602 547 0.540748717098
10699 125413 1077 0.577294118548
10739 85154 2992 0.844458828704
10852 47985 3532 0.911105929975
10859 37898 3090 0.893564716656
10910 25939 457 0.297878112448
10926 46379 850 -0.235793529521
10998 1329 37 0.476312941601
11084 83423 3282 0.81851383478
11116 147889 761 0.601312985091
11178 41749 2319 0.787058669068
11210 40777 2366 0.567231997999
11214 87569 2970 0.450090006367
11276 33184 1273 0.895354063294
11299 109792 1340 -0.0852609875505
11300 29747 2429 0.715420558333
11358 25272 1001 0.923127991784
11410 65950 3328 0.869509223926
11446 38393 743 0.51931290636
11477 18908 1654 0.647965630921
11567 6823 660 0.748458145382
11580 2890 488 0.52223939385
11604 62092 585 0.825451616562
11611 23240 374 0.936720588203
11638 24606 2104 0.896443118115
11654 74418 516 -0.016456270399
11659 152 26 0.757256677376
11671 61013 1624 0.751323440663
11696 125136 1245 0.493018162323
11709 15253 513 0.53676496797
11757 50616 1679 0.955907861009
11784 53717 1590 0.807104220272
11796 17648 311 0.0850196064254
11867 8965 43 0.878358113246
11884 108963 1779 0.919969724382
11915 17646 541 0.657597758515
11920 11992 45 0.919522145099
11936 179149 287 -1.04365964655
11979 27280 796 0.845092085197
11989 21482 545 0.699837426545
12016 18094 1180 0.552365235263
12032 72039 3096 0.630312752429
12050 45418 1790 0.751253855073
12091 76128 3210 0.851795229982
12104 106842 2840 0.742333208203
12134 80526 850 0.62066796512
12266 1888 530 0.0209238689019
12272 1882 331 0.391594953354
12359 17624 936 0.896594753025
12363 40900 1148 0.822190425534
12373 42007 949 0.698841744166
12381 38032 1235 0.779587950995
12449 970 277 0.0198281462875
12491 485 48 0.516045141509
12500 20857 1134 0.751426986476
12513 19825 998 0.934756068681
12618 25056 2494 0.85728575021
12632 39835 190 -0.3360777856
12671 31840 2723 0.903662793816
12715 31390 2345 0.890570226061
12716 36204 2953 0.893325888349
12810 42033 596 0.303273803768
12868 34682 531 0.393446453883
12975 36674 715 0.895550286366
12979 32094 1149 0.76343093595
12990 45417 771 0.510501359847
13019 2442 674 0.796227477635
13022 45180 1054 0.68023667108
13030 1592 374 0.356020047654
13038 47686 3438 0.894715247497
13053 72065 2930 0.89765817899
13068 41666 1088 0.831044156103
13083 81029 4389 0.903953445651
13156 5854 390 0.819807597739
13250 56592 696 0.603573644511
13351 122452 929 0.396602495716
13359 66643 607 -0.0283114618594
13361 40685 906 0.659308406702
13380 57376 896 0.928572181929
13384 262 167 0.900611172633
13523 6638 545 0.271989061983
13530 4116 885 0.88200644809
13574 39045 711 0.730978089007
13618 21725 520 0.890613012076
13665 56289 3085 0.847601824827
13704 7525 774 0.531226966742
13736 47426 250 0.252143370849
13742 83387 3869 0.935847825197
13758 8950 258 0.292837054145
13840 54744 529 -0.298297091204
13852 223118 4676 0.909599756255
14041 36804 922 0.693797450969
14056 71362 3544 0.88309828224
14067 11839 74 0.864828813629
14110 79806 1211 0.539455713692
14143 24389 548 0.828589547825
14184 17684 943 0.625371013723
14211 4304 316 0.798312786058
14256 120208 671 -0.727293187383
14289 31332 2538 0.909507182339
14321 36689 1870 0.533749988917
14362 96746 336 -0.23324576407
14369 48699 411 -0.73474307655
14379 21986 379 0.786158267551
14385 6132 217 0.59278238164
14427 77440 3802 0.922480631935
14561 110161 653 0.401467706803
14634 43532 432 0.601354053846
14643 23790 360 0.719265465724
14665 89105 4163 0.906207241881
14690 20372 738 0.786289010607
14837 32888 1382 0.755395374405
14841 72420 2300 0.496402391499
14883 77374 242 -1.38453229722
14899 8272 315 0.598331744793
14906 20208 619 0.864621513103
14924 36867 529 0.793664688964
14953 76750 3515 0.876238399014
