0 2873 147 533 137 0.0839 0.0884 0.840941288145 0.99196096114 0.546314797288 '700099089.may1'
1 4302 71 481 81 0.2083 0.1212 0.512134155364 0.878030704186 0.0532249659299 '700099633.may1'
6 3716 122 623 130 0.105 0.0886 0.742771389569 0.971482454678 0.444429197283 '700035961.may1'
25 2110 75 369 79 0.1676 0.1251 0.663128171177 0.877463469421 -0.0782863278346 '700095999.may1'
29 2595 132 498 126 0.0809 0.093 0.789696052856 0.975084386087 0.688260982586 '700016961.may1'
31 2249 136 457 123 0.1016 0.0955 0.861280323078 0.975509134694 0.584111753502 '700096530.may1'
38 260 76 29 17 0.3798 0.4157 0.639632141999 0.706134870146 0.645313449642 '700015003.may1'
39 3452 121 546 123 0.1238 0.0931 0.71581753391 0.966369034153 0.41576058431 '700035767.may1'
41 1336 57 321 65 0.1576 0.1409 0.667537452953 0.833773463142 0.413317591733 '700108822.may1'
45 488 51 82 31 0.2334 0.2506 0.617146756345 0.754323654673 0.207757440698 '700032288.may1'
47 4718 92 486 97 0.1986 0.1081 0.591011275086 0.919415739811 -0.135579349046 '700024443.may1'
48 986 58 287 65 0.1037 0.1411 0.743588547426 0.837273917687 0.514515669725 '700110125.may1'
52 6091 196 658 174 0.1342 0.0759 0.729977155182 1.04288009135 0.367535299563 '700114633.may1'
53 26 11 6 4 0.7146 0.7273 0.335341053781 0.486679361061 0.121418309583 '700109614.may1'
55 539 63 202 60 0.1008 0.1541 0.898536828895 0.838485014247 0.528304461412 '700015006.may1'
60 4771 199 794 192 0.0747 0.0692 0.868650795285 1.05436794888 0.424811849311 '700032345.may1'
76 537 62 152 49 0.1384 0.1803 0.808711011549 0.817086692564 0.354381745943 '700038257.may1'
79 3100 80 488 90 0.1623 0.1127 0.628093611208 0.899127238611 0.134443562295 '700096664.may1'
83 3282 80 498 90 0.1846 0.1127 0.609786776056 0.899127238611 -0.200247281275 '700097873.may1'
88 777 58 93 35 0.3318 0.2362 0.499047215903 0.773765803393 -0.00345897169679 '700033035.may1'
90 3104 103 487 106 0.1513 0.1027 0.709307581372 0.936824085847 -0.135658319259 '700098776.may1'
95 143 33 63 24 0.1372 0.2827 0.763866111589 0.691284146625 0.921309058398 '700108586.may1'
99 2476 79 431 86 0.1871 0.1176 0.729222789029 0.892075240311 -1.39339537829 '700024872.may1'
105 3832 106 610 117 0.1327 0.0951 0.737605012259 0.949622693145 -0.0137248554594 '700033603.may1'
114 7404 299 1693 340 0.0347 0.0436 1.01783679662 1.15362776921 0.791379195987 '700038520.may1'
117 4479 91 662 107 0.1567 0.0987 0.656160014876 0.928639351789 -0.140007967521 '700096088.may1'
118 4715 107 513 110 0.1834 0.1009 0.606595505811 0.943670486989 0.105349331633 '700024231.may1'
122 7952 178 1185 205 0.0938 0.0632 0.823024477822 1.05242551155 0.139613914521 '700033450.may1'
130 4706 92 596 104 0.1721 0.1019 0.622894212762 0.925615680824 0.151157317945 '700024631.may1'
136 3021 173 731 176 0.0508 0.0727 0.919507062722 1.03314341531 0.788390561454 '700102261.may1'
144 4853 95 694 112 0.1244 0.0956 0.664244408228 0.936145378044 0.38230541739 '700038924.may1'
146 340 37 84 28 0.187 0.2578 0.596287654517 0.714808478873 0.622413928267 '700105604.may1'
152 39 16 20 9 0.2226 0.4968 0.659066287442 0.535604048068 0.759311825125 '700114345.may1'
155 2843 31 797 1 0.2192 1.0 0.571625075874 0.0 -4.19382605074 '700105753.may1'
158 3565 93 633 109 0.1373 0.0975 0.721043238011 0.931446748314 0.0662276710013 '700110626.may1'
168 3132 94 359 88 0.1823 0.1188 0.61765319424 0.910433135612 -0.104257810007 '700098778.may1'
174 584 62 108 39 0.1669 0.2198 0.631454251528 0.788970291516 0.684810670004 '700032037.may1'
179 5602 116 721 130 0.1485 0.0876 0.66975075581 0.968660019005 0.0361271415131 '700107804.may1'
185 13835 499 1455 414 0.0554 0.0416 0.943476655653 1.21571766116 0.634859009951 '700023313.may1'
186 1779 68 361 75 0.1369 0.1276 0.697226934799 0.868346664232 0.0662723885226 '700032101.may1'
188 4152 292 490 179 0.0708 0.0824 0.895898029805 1.06921356512 0.737487134358 '700099081.may1'
196 3974 102 570 111 0.1248 0.098 0.678812832409 0.942399847952 0.240961383942 '700101624.may1'
198 7101 123 710 133 0.1452 0.0862 0.613618971214 0.976803904935 0.232845078501 '700024441.may1'
201 5474 137 876 156 0.1053 0.077 0.755306923426 1.00127803733 0.450617790512 '700101388.may1'
203 105 20 55 20 0.1685 0.3039 0.686768940737 0.638627047095 0.831373972832 '700111276.may1'
208 1235 51 261 55 0.1672 0.16 0.609250129851 0.808039074549 0.242096800957 '700101873.may1'
209 3971 108 601 118 0.1512 0.0942 0.745866963657 0.952716147517 -0.302422768966 '700023684.may1'
211 3418 110 539 115 0.1253 0.0969 0.731591038719 0.950668116422 0.239497194193 '700097149.may1'
218 2038 87 365 86 0.1867 0.1197 0.749910464792 0.902465284113 0.210314287387 '700097461.may1'
223 1200 52 257 56 0.1784 0.156 0.595904123756 0.814450275014 0.432090010897 '700110460.may1'
224 4943 99 545 106 0.1501 0.1022 0.591882073508 0.933756041091 0.361256060063 '700033683.may1'
229 2380 77 436 86 0.147 0.1145 0.683760565154 0.89310600847 0.136517681978 '700097523.may1'
243 935 31 142 32 0.3128 0.2214 0.369812536362 0.717734459671 0.148078898165 '700111057.may1'
248 5796 118 621 125 0.1622 0.091 0.628780754836 0.964982201878 -0.00159113865897 '700033949.may1'
254 4194 119 648 129 0.1365 0.0887 0.767881750168 0.969480795898 -0.0591643424322 '700108206.may1'
257 7404 393 1211 337 0.0307 0.0478 1.02208209948 1.1725192741 0.829351673691 '700023788.may1'
259 2993 74 420 81 0.2293 0.1225 0.622463685562 0.880749833043 -0.238228583298 '700102086.may1'
278 728 88 95 41 0.2471 0.2261 0.668640340834 0.815724637744 0.112498063869 '700032465.may1'
285 95 37 7 6 0.6402 0.6679 0.331973949845 0.586711475193 0.194891547218 '700033029.may1'
299 3114 80 471 89 0.1587 0.114 0.634864602211 0.897439265533 0.266159037623 '700032956.may1'
302 2959 94 546 106 0.1472 0.1013 0.743260248519 0.929212461107 -0.109174472289 '700038872.may1'
306 1883 69 201 58 0.3099 0.1615 0.501246671795 0.842464056959 -0.340368074137 '700099261.may1'
311 81 18 12 6 0.6521 0.6098 0.286400597291 0.501316063929 -0.70385904882 '700106878.may1'
312 2872 78 435 85 0.2011 0.1173 0.610821294408 0.893473091785 -0.099270969215 '700095762.may1'
319 48 27 5 4 0.7619 0.7742 0.373133948258 0.529004097303 0.392017693178 '700033485.may1'
326 3481 95 532 104 0.133 0.1027 0.677833952077 0.928310805735 0.312440828945 '700098774.may1'
328 271 35 79 27 0.1573 0.2592 0.652975097492 0.719581904215 0.675608453036 '700099836.may1'
332 3913 101 685 118 0.1037 0.0921 0.696517174661 0.94802933082 0.468586354564 '700035553.may1'
334 1947 118 344 99 0.1357 0.1132 0.784924077611 0.939940965793 0.441361055291 '700015962.may1'
335 6533 115 892 137 0.1364 0.083 0.701437935324 0.973517778193 -0.17525446422 '700023768.may1'
338 4940 88 634 102 0.1985 0.1024 0.628192008745 0.919696640234 -0.487242518576 '700033967.may1'
341 943 61 198 55 0.1711 0.1627 0.647017067083 0.830642456263 0.410052014309 '700109841.may1'
344 1783 143 508 137 0.0723 0.0875 1.03045522136 0.991374432665 0.327195505403 '700034222.may1'
355 3812 145 446 124 0.1296 0.0968 0.694467616433 0.980554578966 0.398343433206 '700016777.may1'
356 1514 114 146 59 0.198 0.1766 0.636913646808 0.873888300243 0.181418209718 '700109977.may1'
365 1097 29 124 29 0.686 0.2419 0.370291530607 0.69782728778 -7.86252587122 '700114985.may1'
372 3095 81 535 94 0.1777 0.1091 0.689620113056 0.904636913742 -0.239685533075 '700100211.may1'
373 1509 75 307 74 0.1333 0.1325 0.697376832125 0.873171022418 0.401244032318 '700110614.may1'
383 4633 115 705 129 0.1295 0.0881 0.693666755425 0.967090522243 0.261081382063 '700095565.may1'
401 5236 169 974 189 0.0775 0.0676 0.866240898073 1.03998740822 0.365584243293 '700035256.may1'
403 1720 109 389 102 0.1157 0.1091 0.888931292246 0.936981649022 0.291579301879 '700101885.may1'
404 489 24 62 19 0.5499 0.3165 0.306326640158 0.649170212173 -2.23842699167 '700038526.may1'
405 1069 67 163 51 0.1674 0.1795 0.591911626363 0.823630526887 0.481600945616 '700108066.may1'
416 2731 255 724 216 0.0447 0.0661 1.11891571548 1.08651823894 0.696038359982 '700108272.may1'
419 2738 117 352 99 0.1419 0.1137 0.700022940204 0.938311248054 0.337007307948 '700032952.may1'
446 1375 58 265 60 0.1779 0.1516 0.660269955653 0.831183329262 0.0948196726338 '700035967.may1'
447 284 49 65 27 0.1794 0.2768 0.686008804178 0.734043868894 0.65297768548 '700111350.may1'
457 3814 247 442 157 0.092 0.0891 0.856723713473 1.0428868092 0.656729807801 '700100619.may1'
460 487 29 137 32 0.2064 0.2219 0.560912777116 0.711648604593 0.132519111988 '700023912.may1'
469 1861 103 389 99 0.1436 0.1095 0.853934776285 0.931791352759 0.274236691095 '700034881.may1'
472 3622 180 500 147 0.1182 0.087 0.833899309143 1.01651771349 0.42000763603 '700102456.may1'
477 4224 109 464 107 0.1716 0.1041 0.617261492321 0.941995629743 0.226217103028 '700034946.may1'
480 4159 126 673 136 0.1054 0.0859 0.716333837968 0.97862716173 0.562128598444 '700035953.may1'
486 2992 136 445 120 0.105 0.098 0.743596910178 0.972483082255 0.461517968846 '700102440.may1'
492 534 44 147 41 0.1972 0.1956 0.706637991133 0.769175872276 0.195791373483 '700103587.may1'
493 141 25 31 14 0.3749 0.3891 0.52172941149 0.634293003608 0.230487746437 '700105715.may1'
511 4158 117 752 135 0.1135 0.0845 0.763776901091 0.972394293596 0.299800642733 '700015633.may1'
513 2453 102 552 114 0.1201 0.0954 0.841845685178 0.944670518404 0.0395814166272 '700095983.may1'
521 281 65 68 30 0.1407 0.2707 0.766888198786 0.762083367971 0.847183827803 '700101632.may1'
522 2835 84 451 91 0.1292 0.1124 0.629463956157 0.905181000094 0.389207436873 '700016478.may1'
529 5536 132 804 148 0.1239 0.0799 0.756262309284 0.992929234208 0.254900396182 '700024729.may1'
539 4488 123 687 134 0.1138 0.0855 0.715966184668 0.976447376589 0.406858305848 '700099043.may1'
543 363 32 60 22 0.4542 0.2994 0.517122314123 0.685507519158 -1.24364127587 '700106683.may1'
545 5413 99 735 116 0.1453 0.0935 0.653044196766 0.942468845618 0.175199928877 '700024896.may1'
561 92 29 20 10 0.4409 0.4991 0.661251675309 0.603581287571 0.430438113137 '700110143.may1'
579 4996 139 430 119 0.153 0.0997 0.628772341484 0.972301380214 0.252005951019 '700100257.may1'
583 1072 56 263 60 0.1822 0.148 0.720797820492 0.828449219382 0.0448394545347 '700108082.may1'
598 4963 96 621 108 0.1575 0.1005 0.668542486364 0.93177294009 -0.158426506824 '700035885.may1'
600 5342 107 592 115 0.1914 0.0968 0.60421063855 0.948677659671 -0.00209333029692 '700037214.may1'
605 7534 151 1122 179 0.1333 0.0687 0.782163308825 1.02405690063 -0.0595232745423 '700100567.may1'
610 3738 111 683 127 0.1078 0.0882 0.719588269409 0.961776238354 0.483773291168 '700032426.may1'
618 3724 137 358 108 0.1446 0.1082 0.649191670418 0.959517015405 0.40790449622 '700032028.may1'
630 3577 151 443 126 0.1475 0.0966 0.743399400336 0.985016834674 0.264759020011 '700034818.may1'
632 6824 151 947 170 0.1025 0.0724 0.735591038728 1.01921149455 0.185700273321 '700109778.may1'
635 1933 86 446 95 0.1189 0.1094 0.767521459914 0.910198103733 0.381631222024 '700015959.may1'
636 2219 89 396 90 0.1578 0.116 0.720176642724 0.906630381869 0.0841310275183 '700100452.may1'
639 4402 137 593 136 0.1529 0.0879 0.752441393381 0.986015177501 -0.131351761386 '700016356.may1'
647 1462 46 265 52 0.1658 0.1622 0.51974801965 0.797297988511 0.394515003084 '700107228.may1'
655 310 34 74 25 0.2579 0.2754 0.552778850182 0.703110427404 0.492952828692 '700103243.may1'
662 6824 199 1272 230 0.0585 0.0579 0.875149414157 1.07541755529 0.583947080138 '700105856.may1'
663 210 11 33 1 0.8276 1.0 0.0564308532554 0.0 -29.401465402 '700015671.may1'
665 3300 72 407 78 0.2058 0.1256 0.560605324029 0.873949175586 -0.14086882898 '700113085.may1'
670 5580 95 673 110 0.1897 0.0973 0.618679975877 0.933479059622 -0.238511777602 '700038934.may1'
674 2962 13 1789 1 0.1909 1.0 0.577381152682 0.0 -4.43228451853 '700105167.may1'
677 7893 154 1030 176 0.1194 0.0702 0.783870550088 1.02470545181 0.201628416759 '700016646.may1'
693 959 58 149 46 0.2003 0.1885 0.574579353596 0.806002624211 0.374477013536 '700111538.may1'
695 1427 22 510 1 0.1802 1.0 0.576856357851 0.0 -4.26833080779 '700105538.may1'
709 4953 102 721 119 0.1284 0.0918 0.671808048408 0.947068520937 0.168987183517 '700114743.may1'
718 559 48 92 32 0.3138 0.2448 0.620557803472 0.754801191193 -0.617765272751 '700100524.may1'
721 1623 67 323 71 0.1261 0.1329 0.637912794256 0.858929330082 0.53242873499 '700105632.may1'
723 6002 102 713 117 0.1469 0.0932 0.611210995283 0.947613245883 0.205034086109 '700111789.may1'
732 6126 232 701 196 0.0655 0.0707 0.788804325741 1.06790725576 0.688166875283 '700110111.may1'
734 211 20 22 10 0.7748 0.4803 0.0336251755385 0.566802006486 -3.39641528392 '700021920.may1'
736 5308 121 681 131 0.105 0.0879 0.680122904674 0.971090190581 0.297001074042 '700102700.may1'
741 386 51 102 36 0.1276 0.2251 0.714038693847 0.769096025535 0.764925681954 '700016750.may1'
745 332 52 51 23 0.3931 0.3125 0.678454439473 0.731330343503 -0.391905057806 '700096412.may1'
748 4077 102 573 111 0.1733 0.098 0.657886500233 0.942399847952 0.170011044968 '700097948.may1'
758 1721 115 361 101 0.1174 0.1103 0.857591471524 0.940724368679 0.396095070586 '700097615.may1'
761 5748 70 445 78 0.3261 0.1241 0.433833207746 0.873364268678 -1.75260445916 '700105956.may1'
763 2534 87 335 82 0.1393 0.1248 0.599795237071 0.897154670636 0.524091404833 '700095441.may1'
765 134 25 47 18 0.2593 0.3342 0.685656204473 0.644505127803 0.545380773024 '700098163.may1'
768 3566 183 551 155 0.1038 0.0833 0.860445659488 1.02387650671 0.423771505777 '700097471.may1'
772 7937 161 1144 188 0.0919 0.0667 0.779898460004 1.03551310072 0.378380676103 '700024537.may1'
773 2315 87 353 85 0.162 0.1211 0.626485994058 0.90050133978 0.3126225845 '700100454.may1'
775 3812 92 439 94 0.1677 0.1112 0.597220105842 0.915592012064 0.0309135320099 '700038233.may1'
776 1955 161 234 91 0.1319 0.1314 0.74836670841 0.947322985664 0.552267275673 '700015770.may1'
777 6394 175 938 188 0.0936 0.0679 0.826586833444 1.04305808025 0.38289641063 '700038614.may1'
780 2803 105 487 108 0.0989 0.1014 0.73317898634 0.939715022345 0.424521425327 '700097936.may1'
783 2261 104 240 77 0.1842 0.1369 0.628767007601 0.901468500745 0.192964093559 '700033390.may1'
784 2588 62 391 70 0.1658 0.1339 0.587498592891 0.851718300256 0.188115937821 '700098228.may1'
787 2535 76 421 83 0.1883 0.1193 0.639363660938 0.885254660684 0.10288515723 '700097159.may1'
793 6721 130 913 151 0.1482 0.077 0.709681378884 0.995119625758 0.1173748744 '700033238.may1'
795 2530 84 497 95 0.1562 0.1077 0.74829094921 0.90942436895 0.0339254846437 '700035184.may1'
796 539 30 85 25 0.3961 0.2686 0.419711742617 0.695555803054 -0.549873784887 '700114679.may1'
807 2322 93 415 95 0.1514 0.1103 0.719152903985 0.917676684864 0.191464439156 '700110632.may1'
817 7169 166 1099 191 0.1006 0.0661 0.88822639253 1.03962025132 0.0277969126726 '700015659.may1'
833 4682 155 578 144 0.1551 0.0856 0.732067199807 1.00163363162 0.219840051613 '700033677.may1'
837 8064 258 1643 301 0.0323 0.0473 0.945600860803 1.12737114037 0.772487707818 '700105723.may1'
843 1462 66 171 52 0.2508 0.1746 0.523981310767 0.825632650583 -0.00617582552751 '700111610.may1'
850 1359 113 169 65 0.2092 0.162 0.694589391735 0.889475762297 0.285870279011 '700110185.may1'
856 5748 451 772 279 0.0438 0.0606 0.982954056818 1.15398685218 0.868443228157 '700107778.may1'
860 4065 273 528 182 0.0673 0.0798 0.869781940574 1.06676107983 0.759986194152 '700097859.may1'
873 2276 98 368 92 0.17 0.1162 0.718802192476 0.917697876224 0.112555926345 '700101817.may1'
887 2749 130 366 107 0.1592 0.1082 0.734454749357 0.957118775529 0.313408239941 '700033833.may1'
894 3360 87 503 96 0.1291 0.1089 0.636071199136 0.911135453702 0.216769735438 '700101936.may1'
920 3882 97 452 99 0.1561 0.1085 0.600636673452 0.926139552506 0.17594484246 '700097218.may1'
922 1409 57 304 63 0.2019 0.145 0.674397760217 0.832537992625 -0.0399906332871 '700110333.may1'
927 2462 106 529 114 0.1287 0.0964 0.858153097415 0.946214345977 -0.0709889266201 '700015902.may1'
928 2981 116 656 131 0.1067 0.0871 0.855543830358 0.967559530692 0.0358809367214 '700099844.may1'
929 5431 179 494 145 0.1265 0.0883 0.698575931479 1.01396966735 0.178026320699 '700109137.may1'
934 4637 126 633 132 0.1531 0.0884 0.710432930457 0.976370490938 0.167193508297 '700101392.may1'
939 3074 97 479 102 0.1516 0.1055 0.68368296039 0.927388169495 0.0725796492281 '700095243.may1'
940 11036 142 1123 167 0.1617 0.0721 0.668529497138 1.01220288201 -0.278946665267 '700021870.may1'
946 2784 94 481 100 0.1362 0.1065 0.71190404934 0.923026152612 0.237211592632 '700100192.may1'
963 3290 105 662 122 0.1461 0.0904 0.864315457268 0.953177840243 -1.39258732524 '700016813.may1'
967 4034 104 479 105 0.1634 0.1041 0.662049654896 0.936818332266 0.0469308154013 '700033161.may1'
969 4073 128 671 137 0.1282 0.0854 0.783872803865 0.982081786358 0.260456970349 '700024023.may1'
973 3661 90 613 105 0.1185 0.1006 0.670016891605 0.923651310935 0.387514712471 '700034208.may1'
976 3106 92 579 106 0.1122 0.1 0.74741941183 0.926473053968 0.346814009997 '700095758.may1'
981 7174 156 791 163 0.1501 0.0757 0.717075068619 1.01802210972 0.133414767578 '700024996.may1'
986 2501 73 456 84 0.1575 0.1186 0.645317874215 0.881788914923 0.248496607131 '700098896.may1'
987 4977 245 1218 267 0.047 0.053 1.04230635005 1.10855585503 0.728848491578 '700016765.may1'
996 2887 94 352 88 0.1918 0.1188 0.644488599865 0.910433135612 -0.273112599785 '700038259.may1'
1000 4869 155 859 170 0.0823 0.0728 0.849338283968 1.02161398663 0.454217111102 '700114401.may1'
1003 28 17 5 4 0.6782 0.759 0.466877722309 0.543279686826 0.666904340466 '700114584.may1'
1006 1479 103 452 110 0.0782 0.0993 0.921090252516 0.940598697287 0.504196665006 '700110856.may1'
1011 64 17 24 11 0.3145 0.4283 0.586869803485 0.585665087837 0.737388296013 '700114415.may1'
1016 1562 93 336 88 0.1302 0.1181 0.784174352553 0.90880522884 0.493983490694 '700034879.may1'
1017 8011 180 839 182 0.1179 0.0708 0.740297335258 1.04177102144 0.29895346942 '700114037.may1'
1019 1938 59 345 66 0.1967 0.1379 0.607601995805 0.842761750938 -0.0706778596005 '700107081.may1'
1020 4233 123 361 103 0.2068 0.11 0.634798057883 0.947938022706 -0.569622994235 '700098139.may1'
1029 2402 81 429 88 0.1409 0.1153 0.671589244332 0.898205218662 0.236253407109 '700110251.may1'
1040 4061 99 565 108 0.1655 0.1003 0.646967357833 0.936719445704 0.0223441551978 '700109590.may1'
1046 8466 307 1799 350 0.039 0.0429 1.01378748509 1.15863966611 0.707731054979 '700024998.may1'
1051 3495 116 656 129 0.0971 0.0883 0.789673045227 0.967441864177 0.297859226816 '700095744.may1'
1054 890 30 147 32 0.3193 0.2233 0.388420991729 0.71854850129 0.131300778795 '700111853.may1'
1055 5042 187 1005 206 0.0771 0.0633 0.916254024477 1.05816253131 0.513916597193 '700101374.may1'
1062 3127 101 618 116 0.1179 0.0937 0.74811274379 0.945489402361 0.215632570159 '700035812.may1'
1064 4620 111 695 125 0.128 0.0895 0.704845854826 0.960548809796 0.116048293453 '700107957.may1'
1073 2649 145 404 118 0.1064 0.1016 0.827335387601 0.973794449099 0.358527525377 '700016588.may1'
1074 1216 65 324 72 0.0808 0.1313 0.723912991258 0.860254406207 0.489253569023 '700015908.may1'
1082 400 31 136 34 0.2377 0.2098 0.767166384018 0.72581111128 -2.0927749235 '700023910.may1'
1089 2311 92 276 78 0.2449 0.1329 0.718711770144 0.894212509635 -1.84545000595 '700107003.may1'
1096 3648 91 428 93 0.1953 0.113 0.581570290608 0.913983491831 0.0975822228626 '700114207.may1'
1109 2202 73 440 84 0.1247 0.1186 0.693653358794 0.881788914923 0.324985841329 '700099245.may1'
1114 2451 81 316 77 0.1854 0.1302 0.619929638367 0.886191572408 0.13753975668 '700098715.may1'
1121 26 14 4 3 0.7545 0.8257 0.302682019666 0.543269537918 0.0333960069156 '700103507.may1'
1122 4048 99 636 113 0.1201 0.096 0.690666328785 0.940384824009 0.257954465837 '700024946.may1'
1128 1159 49 215 50 0.164 0.1676 0.56040418375 0.803832603226 0.428995823766 '700111065.may1'
1139 2961 86 491 95 0.1176 0.1094 0.653261213715 0.910198103733 0.476618117536 '700035541.may1'
1143 549 60 210 60 0.0945 0.15 0.853197406366 0.835036416893 0.630663595933 '700033554.may1'
1145 5180 122 772 138 0.1345 0.0833 0.714638098277 0.979522974223 0.0506669487201 '700102143.may1'
1153 607 43 119 36 0.2286 0.2163 0.597227122509 0.756960469044 0.0100377430581 '700110858.may1'
1159 5351 450 598 237 0.0537 0.071 0.926142279463 1.1306233298 0.868633438744 '700097650.may1'
1170 1573 125 347 104 0.1081 0.1103 0.901287166148 0.948093446665 0.52577256366 '700110203.may1'
1175 1590 60 331 67 0.2183 0.137 0.707480373161 0.843149943824 -0.173158925112 '700097613.may1'
1178 20 12 3 2 0.7937 0.9389 0.228900433691 0.603697820643 -0.284699454075 '700110640.may1'
1179 4660 120 695 132 0.1203 0.0869 0.7102246164 0.973135560811 0.202078628302 '700114131.may1'
1184 4405 290 733 225 0.0482 0.0656 0.9354629159 1.10016171512 0.801880639861 '700023654.may1'
1188 3681 68 505 80 0.2017 0.1199 0.568770241175 0.874790565919 -0.187453137081 '700024290.may1'
1195 238 16 62 16 0.4858 0.345 0.442450593399 0.590037190348 -1.23690293282 '700024264.may1'
1196 4622 161 630 153 0.1032 0.0816 0.76717065031 1.01302860164 0.343247685554 '700024338.may1'
1202 4594 498 925 325 0.0288 0.0534 1.13602775539 1.18144671742 0.921366204419 '700096380.may1'
1205 3893 112 600 121 0.1497 0.0925 0.724261403708 0.958938769054 -0.023055830049 '700101317.may1'
1208 4473 112 593 119 0.1283 0.0941 0.690167377515 0.956245604154 0.223654045521 '700101942.may1'
1215 7178 163 1002 182 0.0986 0.0691 0.778912332658 1.03235165367 0.249439969803 '700098569.may1'
1218 14867 214 1679 252 0.0663 0.0538 0.773338145821 1.09138767502 0.341976446593 '700109260.may1'
1223 306 48 63 26 0.2582 0.2814 0.660407848349 0.745364784201 0.515074766063 '700103585.may1'
1224 5264 170 945 187 0.0801 0.0685 0.864251199132 1.03900937287 0.365430090934 '700095569.may1'
1225 2382 74 400 81 0.1971 0.1225 0.731377574414 0.880749833043 -1.59258667524 '700037228.may1'
1238 232 22 73 21 0.3443 0.2911 0.656445759661 0.647483800798 -1.06538095563 '700023908.may1'
1246 771 91 150 56 0.1317 0.1758 0.760883681558 0.855633792533 0.723818564563 '700110834.may1'
1255 140 36 20 11 0.4194 0.4865 0.466665213086 0.626968179859 0.498700373279 '700101341.may1'
1259 3418 95 462 98 0.162 0.1087 0.640421365409 0.921759807486 0.175267887505 '700016786.may1'
1271 2741 106 514 112 0.1175 0.0978 0.770489861074 0.945859673382 0.230025369961 '700111546.may1'
1272 131 26 30 13 0.2633 0.4082 0.48790609569 0.627093257701 0.693016147538 '700032338.may1'
1285 1641 88 325 83 0.1084 0.1233 0.694221234222 0.89861040381 0.457711715694 '700032459.may1'
1286 2041 79 265 71 0.2268 0.1381 0.643185759298 0.874530804995 -0.446373233281 '700033963.may1'
1288 4859 147 785 159 0.11 0.0767 0.798221730608 1.00910511994 0.167513015094 '700097261.may1'
1298 2154 82 418 88 0.1445 0.1166 0.723120627801 0.896929962666 0.194128237895 '700032968.may1'
1304 2431 103 326 89 0.1699 0.1201 0.659253105432 0.917930134122 0.235971989326 '700099408.may1'
1305 5710 106 736 122 0.176 0.0911 0.694920447698 0.954342547609 -0.333757793954 '700032172.may1'
1306 124 29 18 9 0.4709 0.5298 0.460696115817 0.595968471947 0.186432171409 '700015674.may1'
1309 2720 91 490 99 0.1122 0.1061 0.687234074241 0.921712713992 0.445933559478 '700095689.may1'
1314 3552 139 596 139 0.1274 0.0861 0.805862575 0.989403953211 0.340658473234 '700035683.may1'
1318 230 31 35 15 0.3656 0.3844 0.442010630025 0.648939813654 0.199065007514 '700105300.may1'
1320 11385 276 1442 292 0.0558 0.0497 0.81892682127 1.13013702545 0.666051499495 '700103478.may1'
1321 3396 129 404 111 0.1652 0.1043 0.665470187076 0.959756847987 0.138287224076 '700016724.may1'
1326 7548 148 1109 175 0.1266 0.0702 0.808592318163 1.02056939587 -0.126659643666 '700103466.may1'
1342 302 34 65 23 0.3147 0.296 0.55515012312 0.696422278985 0.254194525294 '700103462.may1'
1353 3210 75 330 74 0.2472 0.1325 0.550651838946 0.873171022418 -0.70970495566 '700023261.may1'
1354 3215 173 307 110 0.1449 0.113 0.731186256948 0.975261761672 0.360502519733 '700016590.may1'
1357 1918 114 487 118 0.1024 0.0952 0.940336067571 0.957988628552 -0.338577446403 '700095701.may1'
1362 5288 171 907 185 0.0979 0.0691 0.839320525021 1.03835710493 0.447277623509 '700097670.may1'
1363 1384 101 245 77 0.1568 0.1372 0.813406720551 0.898862924282 -0.137374554913 '700099940.may1'
1366 3012 100 553 110 0.1106 0.0981 0.717855877098 0.938178475859 0.525863321737 '700097333.may1'
1368 3597 100 470 102 0.183 0.1057 0.652352116237 0.929383946099 -0.289351269423 '700023782.may1'
1370 7365 47 1227 1 0.2503 1.0 0.583249408918 0.0 -6.89498129045 '700106892.may1'
1373 7983 157 1101 182 0.0912 0.0685 0.759472937772 1.0302504978 0.469718534492 '700097879.may1'
1389 258 45 74 28 0.1976 0.2645 0.755102389764 0.73489291473 0.654414703012 '700033848.may1'
1391 4269 113 711 129 0.1446 0.0867 0.760553574224 0.965811395357 -0.0889796493166 '700016807.may1'
1393 3354 117 559 122 0.1176 0.0933 0.783189929419 0.963027630391 0.243200248628 '700101924.may1'
1396 472 50 90 33 0.2728 0.2382 0.66691034768 0.757723385073 -0.288215646794 '700035689.may1'
1399 2678 55 377 64 0.2829 0.139 0.607097948062 0.834485081843 -3.08495640064 '700037816.may1'
1401 3523 86 486 94 0.1856 0.1099 0.641116461776 0.911074760796 -0.154638686994 '700034940.may1'
1410 144 42 43 19 0.2044 0.3473 0.771462153613 0.688795173246 0.876219608391 '700105433.may1'
1412 2751 121 620 132 0.0974 0.0872 0.865488804182 0.972334585567 0.308526181871 '700098157.may1'
1415 140 21 64 21 0.2069 0.2956 0.699502329124 0.638319770141 0.263462598854 '700023325.may1'
1420 4574 151 638 149 0.1131 0.0822 0.76030886979 1.00431890285 0.342673075922 '700024948.may1'
1421 2642 92 345 86 0.1857 0.1215 0.635092313663 0.905053360433 0.141858398841 '700098645.may1'
1424 901 86 109 44 0.2233 0.2121 0.633185443119 0.822044559255 0.30799780083 '700109372.may1'
1438 3808 121 637 130 0.1218 0.0882 0.754004897203 0.971943898683 0.333345515723 '700034063.may1'
1442 4038 111 537 115 0.1409 0.0974 0.681178771764 0.950553807647 0.319186028988 '700016798.may1'
1444 3679 73 497 84 0.1994 0.1186 0.554977188208 0.881788914923 -0.099661159045 '700024021.may1'
1474 1102 23 683 1 0.1107 1.0 0.735008959757 0.0 -8.79139883734 '700105763.may1'
1482 721 20 81 1 0.7567 1.0 0.10209801498 0.0 -15.4777181393 '700033185.may1'
1496 4060 113 512 114 0.1247 0.0978 0.677693555826 0.952599096625 0.21962015258 '700035869.may1'
1503 1978 75 409 83 0.1447 0.1192 0.698615633412 0.885158865289 0.0149478168332 '700098459.may1'
1509 1017 26 176 30 0.3434 0.2234 0.379117379785 0.700441670657 -0.112967120733 '700111845.may1'
1510 3928 160 603 151 0.08 0.0823 0.792200137925 1.01000969558 0.589161582572 '700035755.may1'
1519 2848 81 506 93 0.162 0.1103 0.676898773377 0.903065661985 0.15507515188 '700100002.may1'
1528 17934 686 1449 480 0.0316 0.0395 0.941451671582 1.25470474405 0.806569608628 '700038053.may1'
1543 4151 61 485 72 0.2709 0.1312 0.519508058159 0.852610221535 -1.37941790975 '700105610.may1'
1544 4584 167 710 165 0.1298 0.0762 0.852322826617 1.0235298727 0.206332682245 '700101626.may1'
1552 7975 162 1145 189 0.121 0.0664 0.794020287624 1.03604629293 0.207746982278 '700098313.may1'
1554 2115 81 331 79 0.1939 0.1275 0.678873115022 0.886616319678 -0.490523643296 '700037024.may1'
1575 2602 79 427 86 0.1986 0.1176 0.647991123404 0.892075240311 -0.0124912591182 '700035828.may1'
1579 5094 124 716 136 0.1449 0.0854 0.725700211643 0.979616952096 0.0149973124957 '700035887.may1'
1581 1125 72 137 48 0.2303 0.1918 0.569907254067 0.825599338383 0.355603139481 '700111604.may1'
1587 622 78 125 47 0.1738 0.1982 0.768049300366 0.826979096585 0.329942694177 '700016816.may1'
1589 4938 157 531 140 0.1663 0.0879 0.709676102282 1.00012207244 0.0895791821076 '700099557.may1'
1596 3180 108 567 117 0.1163 0.095 0.732881060343 0.951360676582 0.558398653795 '700114072.may1'
1597 2339 105 468 108 0.0992 0.1014 0.741931895172 0.939715022345 0.427472378471 '700032456.may1'
1605 3659 113 548 118 0.1231 0.0944 0.702061583829 0.956583477327 0.220622701354 '700016789.may1'
1618 5118 239 1014 239 0.0443 0.0587 0.921024020833 1.09387251393 0.777961619667 '700106056.may1'
1621 791 57 107 38 0.2787 0.2204 0.532895899301 0.78297427839 0.243811799002 '700111620.may1'
1623 1962 95 249 75 0.237 0.1377 0.639734257684 0.892580797552 0.00746127866839 '700097527.may1'
1625 3536 96 578 108 0.1509 0.1001 0.719717150371 0.932436876008 0.121830662125 '700101940.may1'
1628 4691 126 607 130 0.1099 0.0899 0.695552346616 0.97536784945 0.364983226083 '700095858.may1'
1631 4064 146 550 137 0.108 0.0881 0.757062067189 0.993251062405 0.285789552953 '700095551.may1'
1634 2986 105 614 119 0.1071 0.0927 0.764924432903 0.951145992727 0.339649725083 '700098699.may1'
1644 2752 135 530 131 0.1275 0.09 0.898265390552 0.98270152033 0.281222858801 '700033836.may1'
1645 1106 59 196 53 0.225 0.1692 0.633031162401 0.817739859438 -0.0437511510327 '700024568.may1'
1650 537 57 148 47 0.1381 0.1826 0.729452786098 0.807621172609 0.637027834187 '700100518.may1'
1660 6855 125 504 120 0.2043 0.0964 0.542105012126 0.966729682385 0.0882061093399 '700037216.may1'
1662 958 51 244 55 0.1782 0.16 0.686918556673 0.808039074549 0.367891017988 '700111544.may1'
1669 3732 103 649 118 0.1082 0.0933 0.749089307721 0.946888436615 0.374596613712 '700095750.may1'
1674 2430 136 461 123 0.1089 0.0955 0.860432722592 0.975509134694 0.384366764067 '700107067.may1'
1675 5194 104 705 119 0.1423 0.0925 0.655831541106 0.950122385434 0.252462942006 '700032166.may1'
1676 2877 91 475 98 0.1784 0.1072 0.698239541659 0.920141726678 -0.0078831061524 '700096147.may1'
1677 2579 108 362 96 0.1244 0.1139 0.689869793703 0.929327421267 0.354897528623 '700015884.may1'
1679 1138 49 167 44 0.246 0.1888 0.49556351798 0.788467739775 0.108880036529 '700108072.may1'
1680 1618 57 258 58 0.2504 0.1551 0.615168498975 0.82756662256 -1.18081050173 '700106599.may1'
1684 3617 104 601 116 0.1206 0.0949 0.735686007559 0.946178041136 0.252027919353 '700098962.may1'
1696 5568 80 526 90 0.2514 0.1127 0.52657963133 0.899127238611 -1.11126289681 '700038512.may1'
1705 13173 406 1814 407 0.042 0.0397 0.947009445354 1.19931543816 0.707821950644 '700106170.may1'
1712 2626 100 572 114 0.1306 0.0946 0.837490844923 0.943663342755 0.167193710905 '700100456.may1'
1716 3782 124 505 120 0.1274 0.0954 0.692018956187 0.966496497715 0.232093427496 '700098762.may1'
1717 4022 150 471 129 0.1427 0.0946 0.741131260882 0.985634994789 0.193705967779 '700099029.may1'
1722 1138 65 187 54 0.2189 0.1682 0.673204584299 0.82964524354 0.000527066760175 '700110687.may1'
1728 2093 73 357 77 0.1433 0.1273 0.639786010241 0.874707773424 0.287067650406 '700097390.may1'
1742 3711 160 491 137 0.1455 0.0903 0.768211758675 0.998551887996 0.349698463683 '700033515.may1'
1746 2115 62 359 69 0.1944 0.1357 0.578642516989 0.849608747578 0.0680342053849 '700095813.may1'
1747 1913 53 279 57 0.2182 0.1552 0.530063731759 0.82073267085 0.162913552451 '700110030.may1'
1749 4648 102 570 110 0.1672 0.0989 0.610266368834 0.940969924981 0.133386974124 '700100338.may1'
1751 4604 111 593 118 0.118 0.0949 0.65556650817 0.953056749399 0.43373446865 '700024009.may1'
1759 7548 144 884 160 0.1296 0.0758 0.683842060565 1.00893779401 0.287784487886 '700109667.may1'
1762 3082 113 447 108 0.1633 0.1034 0.743298318241 0.945005156515 0.132298919599 '700098155.may1'
1776 46 14 11 5 0.4907 0.6648 0.379579525126 0.496188731598 0.415717625299 '700035567.may1'
1784 3916 80 487 89 0.1892 0.114 0.550173152586 0.897439265533 0.106559478104 '700113099.may1'
1787 1013 62 234 60 0.1566 0.1538 0.68651289186 0.835263931555 0.49363071816 '700109904.may1'
1789 2966 139 683 150 0.0788 0.0798 0.900487644242 0.997654879944 0.422314040123 '700016572.may1'
1792 1310 105 349 97 0.0968 0.1118 0.899475469668 0.931576561205 0.584455507355 '700108810.may1'
1798 3575 122 493 118 0.1156 0.0975 0.751967153766 0.960374296925 0.212248167348 '700102342.may1'
1803 219 42 35 17 0.3872 0.376 0.554000198156 0.683324342576 0.364652853033 '700106665.may1'
1804 2231 64 361 70 0.1874 0.1349 0.606592656082 0.853158737053 -0.0453829675577 '700035818.may1'
1805 4000 151 542 139 0.1209 0.0878 0.754161233146 0.996308088223 0.337181670424 '700102383.may1'
1818 3297 117 588 124 0.1462 0.0917 0.82433131012 0.964023394661 -0.0530344893553 '700096131.may1'
1831 4178 122 470 115 0.1755 0.0996 0.655618462263 0.959274625536 -0.306877979474 '700096074.may1'
1832 4208 165 567 149 0.0671 0.0837 0.755052257052 1.01196356355 0.710737217223 '700033435.may1'
1838 4388 87 540 97 0.1624 0.1082 0.581591308911 0.912009863905 0.378264150493 '700098327.may1'
1854 5500 128 526 124 0.1573 0.0943 0.601846043427 0.970221657998 0.25935907961 '700097277.may1'
1857 47 11 12 6 0.5924 0.6061 0.259153874191 0.484015574033 0.126453502129 '700035365.may1'
1859 5217 113 770 131 0.1243 0.0856 0.676010797116 0.96768657183 0.355323473968 '700106024.may1'
1864 5609 79 655 94 0.1908 0.1087 0.563688970043 0.900778173065 -0.26911005495 '700023576.may1'
1869 1895 60 373 69 0.1836 0.1343 0.625692577356 0.847537475965 0.067801278486 '700102983.may1'
1880 7055 187 774 181 0.1311 0.0722 0.77832941648 1.04361962129 0.191356641161 '700114635.may1'
1883 213 34 53 21 0.316 0.312 0.694381925415 0.688229729987 -0.0614880421401 '700038033.may1'
1884 2865 82 315 77 0.2097 0.13 0.541871231902 0.884579161243 0.231409250858 '700099476.may1'
1887 114 33 50 21 0.1448 0.3084 0.788892768056 0.682286633694 0.936325568466 '700105114.may1'
1888 1754 92 184 63 0.2234 0.1589 0.570681700068 0.868924038174 0.124241075281 '700035977.may1'
1896 1409 96 276 81 0.1356 0.129 0.7475315277 0.901345383525 0.506734824687 '700035605.may1'
1913 2198 58 309 62 0.2585 0.1475 0.583013458784 0.833637079661 -1.7050844251 '700024827.may1'
1914 451 45 72 28 0.2661 0.2638 0.522885688395 0.741043815124 0.423084419395 '700103623.may1'
1916 681 37 113 32 0.3234 0.2329 0.459109456811 0.730764943467 0.00999394734695 '700114023.may1'
1920 2099 112 478 114 0.0908 0.0983 0.819842025527 0.950880967334 0.544009508384 '700095975.may1'
1922 2851 84 444 90 0.1367 0.1137 0.63756158597 0.903459637411 0.43950416049 '700100261.may1'
1923 61 17 7 4 0.7574 0.7366 0.118800709221 0.482507241311 -1.28351804109 '700035779.may1'
1937 4268 162 574 148 0.1277 0.0845 0.800832399477 1.00935037015 0.26279569034 '700034820.may1'
1944 870 51 126 40 0.2424 0.2052 0.551861571935 0.779484288258 0.136932281481 '700111548.may1'
1945 8628 214 1225 234 0.1258 0.058 0.91237153483 1.08359499603 0.226592782801 '700016372.may1'
1956 2842 122 388 106 0.1513 0.1074 0.724209773868 0.950354552534 0.225291183104 '700097952.may1'
1961 2494 90 317 82 0.1675 0.1253 0.605040346588 0.898920114975 0.232312515994 '700095801.may1'
1962 1316 100 170 62 0.2173 0.164 0.675564787886 0.875552853723 0.191395215782 '700034865.may1'
1965 5430 280 1006 260 0.0401 0.0564 0.947699946494 1.11588481831 0.816777116466 '700013596.may1'
1966 1492 53 282 58 0.1961 0.1535 0.597823663531 0.816813625619 -0.120265654798 '700015644.may1'
1973 3045 102 625 118 0.0959 0.0926 0.739992906759 0.945790985515 0.556657644577 '700035804.may1'
2003 661 40 184 43 0.2141 0.1865 0.701413567143 0.770422187978 -0.0904811878238 '700114939.may1'
2013 4250 70 433 77 0.2361 0.1257 0.486368387694 0.871432409042 -0.368430382798 '700105876.may1'
2021 9988 190 1393 223 0.0791 0.059 0.808171839223 1.06773283455 0.391732683798 '700107573.may1'
2030 2257 82 370 83 0.1344 0.1229 0.642417897117 0.890566344713 0.386076152271 '700111365.may1'
2031 583 72 169 56 0.1392 0.1667 0.908705749294 0.843948802486 0.354887985051 '700100346.may1'
2035 7475 150 852 162 0.1205 0.0756 0.706928581724 1.01376330023 0.0141188234756 '700108125.may1'
2037 1042 38 199 41 0.2561 0.1893 0.512802922961 0.757629173383 0.228763867644 '700111059.may1'
2039 6615 152 821 162 0.0983 0.076 0.728093484913 1.0143164799 0.44782906657 '700095563.may1'
2041 308 35 51 20 0.3448 0.3271 0.486525607336 0.681436957475 0.202844077238 '700100639.may1'
2048 1399 37 209 41 0.2939 0.188 0.410961948345 0.75767779224 0.0244289012203 '700111847.may1'
2049 2926 91 426 93 0.1471 0.113 0.652285954984 0.913983491831 0.342573860143 '700032107.may1'
2061 1180 53 177 47 0.3244 0.1841 0.578714344103 0.793859549478 -1.29305970994 '700114084.may1'
2063 2821 176 230 92 0.2408 0.1341 0.747294256782 0.954192394952 -0.62875978753 '700037331.may1'
2074 7975 145 1105 172 0.1205 0.0708 0.722636311283 1.01716994574 0.282557472236 '700107532.may1'
2076 1598 107 345 95 0.1073 0.1146 0.803420203672 0.928053053999 0.587002468784 '700110446.may1'
2080 3357 87 456 93 0.1738 0.1111 0.643700370916 0.911393831613 -0.196506959983 '700106948.may1'
2096 3034 85 498 95 0.1539 0.1081 0.676735960077 0.910354504409 0.119805914295 '700099488.may1'
2102 3268 123 493 119 0.1199 0.0962 0.738108490465 0.96345685259 0.36836604594 '700095259.may1'
2105 4352 169 785 174 0.0812 0.0728 0.913678043966 1.03110901749 0.403334842191 '700099045.may1'
2110 5861 351 853 266 0.0568 0.0588 0.948604242372 1.1349043027 0.752150341964 '700038978.may1'
2113 30 17 6 4 0.6787 0.7366 0.535209517001 0.482507241311 0.523370124106 '700103448.may1'
2122 864 52 161 45 0.2059 0.1877 0.579646898562 0.794760868438 0.360575234966 '700111069.may1'
2129 3525 105 619 118 0.1013 0.0932 0.721629389957 0.950463962994 0.327527225871 '700095557.may1'
2137 1607 61 230 58 0.1932 0.1563 0.523656898301 0.831884222177 0.429746505063 '700035609.may1'
2144 3413 100 639 116 0.1031 0.093 0.7586493609 0.944419874064 0.293769144043 '700097718.may1'
2157 4154 104 578 113 0.1557 0.0975 0.646147115682 0.943855627486 0.25477763078 '700095510.may1'
2162 7282 119 818 136 0.1532 0.0843 0.641253375393 0.976238302792 -0.148623144509 '700024181.may1'
2167 1256 62 220 57 0.1933 0.1603 0.603581869062 0.830615856701 0.337773820039 '700109792.may1'
2178 371 39 98 32 0.1826 0.2324 0.654830744872 0.74110148006 0.537300118147 '700105898.may1'
2184 347 34 95 29 0.2466 0.2456 0.637082918357 0.718042191863 0.381387833405 '700106362.may1'
2188 14314 413 1982 426 0.0292 0.038 0.963819157969 1.20578178537 0.774816303805 '700023539.may1'
2191 508 24 68 1 0.6324 1.0 0.333916161877 0.0 -10.0531413145 '700023426.may1'
2206 2924 94 543 105 0.1192 0.1023 0.692345074733 0.927755595318 0.410849987124 '700097042.may1'
2210 4673 123 824 144 0.1176 0.0808 0.7585384447 0.983664758827 0.254100665241 '700108188.may1'
2212 2641 103 499 108 0.145 0.1008 0.78598744445 0.939895924291 0.102835609166 '700107083.may1'
2218 4002 109 650 122 0.1317 0.0921 0.719687774159 0.954921116453 -0.0381735820636 '700097445.may1'
2223 2685 94 555 107 0.1156 0.1006 0.779437196244 0.929196698381 0.255482395881 '700113025.may1'
2227 2377 67 416 77 0.196 0.1244 0.64073482067 0.866395311098 -0.0726697458045 '700098018.may1'
2235 6315 159 585 147 0.1411 0.0843 0.672175095123 1.00723999948 0.094358305693 '700108260.may1'
2244 9118 309 1569 329 0.0343 0.0457 0.941063548241 1.15274400697 0.768600490856 '700024379.may1'
2246 160 21 53 18 0.2345 0.3266 0.525997233225 0.633066724795 0.66413309992 '700023942.may1'
2247 7622 146 1015 169 0.1286 0.0721 0.709002115492 1.01572831625 0.263413061593 '700109669.may1'
2252 3230 190 783 192 0.0531 0.0681 0.964551762144 1.05110924153 0.736452840549 '700101309.may1'
2260 358 66 104 40 0.1342 0.2147 0.841804670424 0.805949770874 0.76461076769 '700108949.may1'
2273 1842 99 181 64 0.1798 0.1586 0.566745049219 0.878450378119 0.412905926216 '700097511.may1'
2278 2324 97 423 98 0.1109 0.1096 0.708116459682 0.924452704434 0.473799412256 '700100440.may1'
2280 6310 299 1269 300 0.0314 0.0497 0.986821211701 1.1385464736 0.849880817698 '700024866.may1'
2286 1336 64 287 66 0.1199 0.1409 0.685966070333 0.849072245185 0.41910476757 '700107232.may1'
2287 3039 89 282 77 0.2182 0.1327 0.554960626599 0.892045128314 -0.0725807712907 '700038514.may1'
2292 4693 114 659 125 0.1256 0.0902 0.699261310269 0.963791639814 0.392755111906 '700108880.may1'
2299 18312 497 2235 498 0.0395 0.0343 1.01836885133 1.23931747174 0.614776676116 '700038785.may1'
2302 9644 371 1192 323 0.0386 0.0492 0.917388406552 1.16311937966 0.789230953706 '700114125.may1'
2312 110 34 12 8 0.5834 0.5722 0.419427408721 0.590174730854 0.147710847579 '700106020.may1'
2315 3463 221 639 185 0.073 0.0737 0.937872686065 1.05755583673 0.693197408654 '700016470.may1'
2333 7705 149 892 164 0.1209 0.0747 0.725076896771 1.0144316086 0.108441516525 '700037220.may1'
2340 4430 208 676 183 0.0684 0.0736 0.855092783317 1.05295848161 0.638448684608 '700102541.may1'
2345 8474 104 765 120 0.1886 0.0917 0.563131197461 0.951388197034 -0.202706491704 '700023317.may1'
2355 4449 95 385 91 0.2422 0.1163 0.52151973849 0.913619793208 -0.168551793338 '700024942.may1'
2362 5653 146 561 137 0.1388 0.088 0.674121276954 0.991781451323 0.0162565284951 '700109969.may1'
2365 258 27 46 17 0.4093 0.3516 0.423125151015 0.648638150131 -0.0811001844163 '700033414.may1'
2366 4132 92 580 104 0.1878 0.1019 0.646727206367 0.925615680824 0.00213711635958 '700034948.may1'
2367 3325 94 613 109 0.1408 0.0988 0.748067328699 0.930055614816 -0.00401612586627 '700098914.may1'
2376 2138 88 481 99 0.1242 0.1055 0.766478930975 0.915203765157 0.362932914699 '700108515.may1'
2386 1715 34 253 40 0.4823 0.1915 0.450113739459 0.742003648989 -2.22844691477 '700023424.may1'
2389 4000 156 911 179 0.0595 0.0695 0.913363449857 1.02718384352 0.605052939145 '700033542.may1'
2390 1045 62 202 55 0.1691 0.1657 0.665329460337 0.824327325924 0.377222893024 '700110854.may1'
2391 6747 109 776 126 0.1463 0.0891 0.631956942862 0.959924271428 0.221871501463 '700105691.may1'
2406 419 24 52 18 0.627 0.3306 0.265847834422 0.639801233661 -2.855687076 '700016083.may1'
2408 5780 131 845 149 0.1218 0.079 0.722541913792 0.993246860963 0.315104958797 '700037218.may1'
2411 4984 124 618 129 0.1482 0.0899 0.681135120092 0.973105651329 0.0637937576519 '700038890.may1'
2415 3927 136 824 157 0.1025 0.0761 0.902880624373 1.00159140787 -0.307809073505 '700099942.may1'
2420 2080 71 282 68 0.1876 0.1415 0.589830432259 0.859500236524 0.120397989147 '700015898.may1'
2431 267 22 34 14 0.708 0.3892 0.315785920579 0.626586214083 -5.3098802048 '700021830.may1'
2433 4966 117 694 130 0.1491 0.0878 0.697085538448 0.968071112921 -0.0444786101574 '700096080.may1'
2441 2731 111 384 100 0.1605 0.111 0.75101217917 0.935040528947 0.106947471048 '700102995.may1'
2444 2396 76 419 83 0.1582 0.1193 0.641751321435 0.885254660684 0.0443996774053 '700110630.may1'
2447 2544 128 234 83 0.1542 0.1348 0.644692255328 0.924340089383 0.3772657667 '700032244.may1'
2450 2294 74 458 85 0.1482 0.1172 0.680542626734 0.886117098257 0.180664967783 '700097287.may1'
2452 743 98 213 72 0.0949 0.1442 0.915326148445 0.889111161966 0.776915060962 '700109677.may1'
2463 5774 153 866 168 0.0966 0.0735 0.77400514491 1.01984426849 0.394393539293 '700111775.may1'
2464 4314 373 439 181 0.0693 0.0873 0.860061469029 1.08274807232 0.837310286362 '700095669.may1'
2467 2278 148 190 77 0.2337 0.1496 0.673849419257 0.924088707623 -0.221548132144 '700095703.may1'
2479 363 24 40 15 0.6786 0.3755 0.163526507566 0.627175967196 -3.48614913496 '700023194.may1'
2482 1481 50 104 35 0.5406 0.2263 0.359290198724 0.769536033209 -2.94149057589 '700114643.may1'
2483 4222 77 553 90 0.1936 0.1099 0.610362372417 0.895511500223 -0.348643845021 '700016168.may1'
2489 404 37 84 28 0.3002 0.2578 0.591091489949 0.714808478873 -0.153245207687 '700032119.may1'
2500 6321 190 1105 212 0.0986 0.062 0.910992809898 1.06337840967 0.320488425836 '700108578.may1'
2503 9173 404 1912 425 0.0354 0.038 1.10538631248 1.20414421163 0.765771673461 '700038322.may1'
2506 2394 204 243 101 0.1254 0.1274 0.785422779861 0.974739021495 0.652557811499 '700096180.may1'
2510 1233 65 197 56 0.2151 0.1625 0.619225097243 0.83621750422 0.175743630658 '700111618.may1'
2511 1586 96 345 90 0.1058 0.1177 0.756693409087 0.911312659686 0.63556667664 '700106784.may1'
2521 4061 147 478 129 0.1512 0.0933 0.676387114693 0.985936240679 0.459378338297 '700035557.may1'
2523 4694 104 600 114 0.1541 0.0966 0.632324808378 0.945260619353 0.295036123892 '700033698.may1'
2524 249 12 44 1 0.6977 1.0 0.201580595032 0.0 -13.3388645158 '700023428.may1'
2533 315 19 49 1 0.6776 1.0 0.337281381951 0.0 -14.3946015318 '700023672.may1'
2535 206 33 59 22 0.2351 0.297 0.646643533484 0.691391777252 0.45403122076 '700110145.may1'
2536 6222 166 963 184 0.1133 0.0685 0.867012521665 1.03616804238 0.183322190421 '700107918.may1'
2540 647 49 176 47 0.1911 0.1776 0.744450948824 0.794422199487 0.232221997625 '700103328.may1'
2547 3047 87 510 97 0.1644 0.1082 0.677881281865 0.912009863905 0.290238333391 '700097940.may1'
2549 4618 110 598 118 0.1646 0.0949 0.656500989389 0.953077915217 -0.110154580937 '700097143.may1'
2555 1020 34 359 1 0.157 1.0 0.673889778243 0.0 -3.74722960954 '700035981.may1'
2556 2367 77 415 84 0.1546 0.1172 0.67409435561 0.889596831628 0.2896791682 '700102948.may1'
2560 2017 110 188 69 0.2204 0.1539 0.596281025802 0.891283528026 0.0780398548005 '700109835.may1'
2573 5162 111 558 115 0.1677 0.0974 0.576507798272 0.950553807647 0.188162367668 '700103319.may1'
2579 2719 85 371 85 0.1788 0.1193 0.656679435862 0.898317191186 0.179193721473 '700035200.may1'
2589 4655 121 478 115 0.1936 0.0996 0.63737137374 0.957618041583 0.0479268496952 '700106032.may1'
2590 3342 167 602 155 0.0787 0.0811 0.836889652273 1.01695685531 0.665827400349 '700097022.may1'
2597 862 48 220 51 0.175 0.1641 0.642363980926 0.802956622759 0.50553587884 '700108814.may1'
2599 2793 89 351 85 0.1598 0.1216 0.621538660214 0.903085726227 0.269145280194 '700032151.may1'
2607 2812 77 416 83 0.2056 0.1186 0.618887277703 0.887771016774 -0.452655294606 '700024884.may1'
2608 2993 185 406 133 0.0943 0.0968 0.784682837301 1.00508345389 0.63382836681 '700102615.may1'
2609 3607 89 453 93 0.195 0.1123 0.59509208456 0.909777275106 -0.0487257212232 '700102702.may1'
2618 1428 104 193 68 0.1752 0.154 0.708922391462 0.887948295522 0.353432296323 '700096090.may1'
2621 3355 138 780 157 0.0902 0.0764 0.919539034067 1.00229362535 0.486611182062 '700032453.may1'
2628 375 22 64 19 0.577 0.3158 0.404861735284 0.631822955166 -3.3385528364 '700023015.may1'
2633 282 17 59 1 0.5098 1.0 0.39922148405 0.0 -4.89922734052 '700021922.may1'
2639 434 25 48 17 0.6632 0.3422 0.269310705246 0.637232568451 -4.68015841738 '700021884.may1'
2645 2452 78 410 84 0.1613 0.1187 0.651044533943 0.891684151641 0.201146715261 '700097603.may1'
2648 15 11 3 2 0.7576 0.9351 0.423232078357 0.585014913968 0.305647704734 '700033845.may1'
2654 2505 257 504 174 0.0553 0.0818 0.997566679291 1.05790735107 0.760880270185 '700108274.may1'
2657 1239 63 285 66 0.1622 0.1419 0.722585868207 0.846059435601 0.0659177045059 '700111622.may1'
2665 7983 231 1096 237 0.0679 0.0584 0.8318008305 1.09117975447 0.62307866645 '700024254.may1'
2671 11986 422 1744 411 0.0324 0.0398 0.981737092051 1.20296138776 0.765522040797 '700097710.may1'
2680 621 42 132 37 0.2307 0.21 0.597631897391 0.756852334202 -0.102009413391 '700033973.may1'
2687 982 41 202 44 0.1923 0.1823 0.546554852409 0.76970839182 0.216557834426 '700111354.may1'
2692 8323 220 865 209 0.1277 0.0652 0.748606730654 1.07221395947 0.318803033066 '700023786.may1'
2694 2439 84 458 92 0.1494 0.1112 0.693407532889 0.904556218397 0.198905277576 '700100063.may1'
2701 1237 78 169 56 0.1872 0.1707 0.613886571182 0.84545479774 0.385548531433 '700111616.may1'
2707 5024 70 584 84 0.2387 0.1161 0.536466708171 0.880692930712 -0.533202228986 '700106960.may1'
2709 3303 204 645 179 0.066 0.0747 0.901441532733 1.04733139767 0.743926612743 '700097994.may1'
2715 517 23 50 17 0.7018 0.3499 0.16536182947 0.634664750484 -5.19320191265 '700023196.may1'
2717 4683 90 527 98 0.1912 0.1066 0.58769420567 0.918046381363 0.043252388286 '700023222.may1'
2721 8969 184 1275 213 0.1007 0.0612 0.857941254099 1.06046176923 0.228936045487 '700114145.may1'
2722 427 49 90 32 0.177 0.247 0.646139746291 0.753612037647 0.501410015882 '700016748.may1'
2726 3265 132 358 106 0.1668 0.1091 0.695005540816 0.953623158191 -0.0459465856234 '700099916.may1'
2729 6502 140 935 161 0.1083 0.0747 0.762926793065 1.00755878149 0.256010303107 '700099047.may1'
2736 11367 332 1834 362 0.0411 0.0422 0.972439093445 1.16950554905 0.694936246941 '700105612.may1'
2740 4400 204 919 210 0.0614 0.0637 0.930904650112 1.06721117849 0.701902354994 '700100312.may1'
2744 743 73 240 69 0.0967 0.1396 0.842758899904 0.865883957496 0.650328386785 '700108212.may1'
2749 3270 20 2088 1 0.1185 1.0 0.698947535088 0.0 -9.80861878002 '700015268.may1'
2759 530 62 118 42 0.1959 0.2053 0.769486162038 0.799941689508 0.118759268463 '700100593.may1'
2767 5339 140 686 145 0.1105 0.0824 0.717273647428 0.99670013392 0.485059680889 '700101378.may1'
2779 6577 438 661 250 0.0597 0.0669 0.896892424953 1.13683084651 0.8074092125 '700038414.may1'
2785 1603 82 276 74 0.161 0.1346 0.7435906028 0.881640483574 -0.0681924460471 '700101883.may1'
2789 1311 64 241 61 0.1561 0.1514 0.611240379403 0.842214739422 0.303175932627 '700016376.may1'
2793 4921 152 487 132 0.1241 0.0924 0.665108991741 0.991821268016 0.471131303205 '700024940.may1'
2798 6112 113 709 126 0.1554 0.0885 0.644266146589 0.96408729737 0.102064755166 '700102891.may1'
2805 212 32 55 21 0.2878 0.3121 0.627501995041 0.686706430846 0.47864581933 '700102084.may1'
2816 3802 92 616 107 0.1531 0.0991 0.68259954842 0.92787483546 -0.0964609855194 '700016795.may1'
2819 638 45 128 38 0.2274 0.2078 0.618950023899 0.766061892682 0.147506367238 '700024999.may1'
2826 2774 89 362 86 0.1754 0.1206 0.634196668373 0.90155498243 -0.0203325639864 '700099484.may1'
2828 1112 64 173 52 0.1849 0.1755 0.598907463729 0.823523655992 0.366604582298 '700110197.may1'
2833 3687 92 527 101 0.1541 0.1045 0.671241655762 0.921673846148 -0.00498913314333 '700037464.may1'
2834 4147 101 626 114 0.1173 0.0951 0.645685346207 0.943641776447 0.521040019694 '700034055.may1'
2835 3435 146 806 165 0.066 0.0739 0.869185909134 1.01192489646 0.694833497041 '700097589.may1'
2840 3310 117 519 118 0.0973 0.0963 0.69523203837 0.958404853522 0.65167536462 '700035816.may1'
2847 1006 64 284 68 0.1297 0.1379 0.770779629318 0.849989000567 0.529813548651 '700111550.may1'
2853 12337 210 1204 227 0.0937 0.0593 0.728578678675 1.07857333766 0.48567487752 '700038460.may1'
2858 468 27 63 20 0.5257 0.3108 0.387903776498 0.657612614133 -2.15858444599 '700023190.may1'
2859 1144 75 253 69 0.1328 0.1418 0.720882600432 0.864092050829 0.584111455598 '700111532.may1'
2864 10041 137 1071 161 0.1231 0.0745 0.649079604705 1.00487662876 0.359689340095 '700033164.may1'
2881 8319 178 942 188 0.1229 0.0684 0.743470348411 1.04399187008 0.0637546632969 '700108923.may1'
2882 1091 84 295 80 0.1157 0.1274 0.855237852827 0.890836562409 0.522606540225 '700108828.may1'
2885 569 35 97 29 0.3979 0.2476 0.468174031538 0.713626264426 -0.305221405224 '700016091.may1'
2890 1969 71 216 61 0.2097 0.1544 0.521077597103 0.853568801453 0.156457127563 '700096293.may1'
2892 1145 60 209 55 0.1697 0.1623 0.614429762322 0.827312918355 0.390222950014 '700109790.may1'
2896 6427 125 872 145 0.1217 0.0809 0.677427401649 0.985017710867 0.28561171902 '700024725.may1'
2898 4637 158 703 159 0.1346 0.0783 0.829590473594 1.01555403606 0.133434194774 '700016740.may1'
2900 2953 129 372 107 0.1756 0.1081 0.713516204178 0.955564352672 0.23389742669 '700102458.may1'
2905 88 19 30 12 0.3261 0.425 0.595798497728 0.575143465944 0.529070374183 '700111266.may1'
2911 3721 148 652 149 0.0764 0.0817 0.820193731478 1.00303189964 0.562570806407 '700095677.may1'
2912 1840 117 214 76 0.2066 0.1434 0.71911603662 0.907515618952 -0.174393301318 '700095269.may1'
2923 2185 104 443 105 0.1101 0.1041 0.752705614831 0.936818332266 0.500139260454 '700097030.may1'
2931 1305 22 305 1 0.3793 1.0 0.443150295575 0.0 -4.84907277465 '700016339.may1'
2947 3538 94 632 110 0.1122 0.0978 0.701437840825 0.931429301408 0.332017850899 '700114725.may1'
2948 2688 112 426 106 0.1456 0.1051 0.720526421692 0.945455090254 0.292076838343 '700097867.may1'
2955 5085 142 902 163 0.097 0.0738 0.804905977516 1.01043346461 0.314604835253 '700108866.may1'
2956 3954 132 607 135 0.1352 0.0872 0.773418895381 0.98375171852 0.215600273064 '700106038.may1'
2958 3013 101 393 96 0.1552 0.1118 0.608838137094 0.92290576354 0.355115238079 '700102932.may1'
2968 1220 64 225 59 0.1729 0.1556 0.654200465104 0.83866218098 0.352872997565 '700108330.may1'
2972 3534 123 712 139 0.1317 0.0829 0.898672627742 0.981969286926 -0.270025860086 '700034124.may1'
2976 4580 276 589 195 0.081 0.0748 0.880967816609 1.07874456069 0.682677184605 '700095486.may1'
2979 1901 93 222 70 0.1587 0.1461 0.624878108637 0.883939377492 0.41103389245 '700097597.may1'
2980 6920 136 859 152 0.1242 0.0786 0.70990161958 0.998841816047 0.189742399605 '700033176.may1'
2987 4737 235 488 163 0.0812 0.085 0.777535464254 1.04527629504 0.60477325653 '700023987.may1'
2991 5115 91 579 102 0.1905 0.1036 0.558192127851 0.92149340727 0.207998362585 '700038884.may1'
3000 2733 86 411 89 0.1539 0.1157 0.651870590271 0.906134495294 0.18680942704 '700114403.may1'
3001 122 23 50 18 0.2245 0.3344 0.702065239347 0.631473936357 0.478130506172 '700105007.may1'
3002 249 16 32 1 0.7431 1.0 0.2054398099 0.0 -13.0699090248 '700038500.may1'
3014 160 41 22 12 0.4023 0.4696 0.523008072064 0.652923174662 0.456090651129 '700105872.may1'
3019 2981 174 591 158 0.0638 0.0808 0.886006224107 1.0219521197 0.71826554921 '700097503.may1'
3021 2389 99 511 108 0.1226 0.1003 0.797551588051 0.936719445704 0.154156427671 '700102285.may1'
3024 105 24 22 11 0.4012 0.4486 0.475508242615 0.602497990822 0.437709307326 '700105455.may1'
3037 116 28 25 12 0.3743 0.4444 0.523532991865 0.640806118473 0.598085197709 '700105254.may1'
3040 286 28 71 23 0.3627 0.2802 0.636404371901 0.68859233188 -0.936831309338 '700035893.may1'
3041 2713 99 562 111 0.1238 0.0977 0.788158877225 0.937644891557 0.234052507563 '700098912.may1'
3049 776 50 189 49 0.1471 0.171 0.678011464428 0.80361732697 0.172836618802 '700101634.may1'
3051 1681 107 314 91 0.1383 0.1188 0.790516942132 0.925738461503 0.401341106798 '700101867.may1'
3063 3650 77 449 84 0.1873 0.1172 0.573293285031 0.889596831628 -0.312671746759 '700097210.may1'
3073 3428 118 605 126 0.1159 0.0903 0.741907924158 0.966296988 0.449225837817 '700095437.may1'
3080 1105 65 265 65 0.1587 0.143 0.744894491697 0.849051249783 0.250978301806 '700109366.may1'
3086 28 13 7 4 0.6555 0.7326 0.500911302879 0.416994940441 0.421734128841 '700106567.may1'
3089 6502 127 653 133 0.1812 0.0879 0.664389664336 0.978043730976 -0.132383508329 '700032169.may1'
3097 4282 98 695 115 0.1345 0.0943 0.680421587326 0.940975437798 0.267346216175 '700105378.may1'
3099 38 14 13 7 0.4193 0.5615 0.528546382912 0.513881547208 0.815012664784 '700103505.may1'
3102 3524 115 711 133 0.1071 0.0856 0.784133511995 0.969043667804 0.406664830864 '700016929.may1'
3108 361 22 103 24 0.2949 0.269 0.50113873077 0.65561004098 0.0561088735538 '700105757.may1'
3111 2648 111 397 102 0.1199 0.1087 0.728962794084 0.936720805029 0.398289076261 '700095756.may1'
3113 2740 30 1998 1 0.062 1.0 0.788473420576 0.0 -5.01113969238 '700024874.may1'
3114 8452 160 1214 190 0.1338 0.066 0.810554171205 1.03593150358 -0.0346382044458 '700033179.may1'
3116 3816 125 645 134 0.0928 0.0871 0.767911242723 0.977388071699 0.46842572913 '700033597.may1'
3119 2506 89 326 83 0.1897 0.1241 0.634004711252 0.90042290004 -0.0566791670748 '700095512.may1'
3120 8890 419 884 293 0.0613 0.0564 0.862255507946 1.15747871737 0.740635811698 '700024437.may1'
3132 2099 82 327 79 0.1407 0.1275 0.648889660471 0.885410339216 0.264526654391 '700100510.may1'
3139 1841 107 344 94 0.1183 0.1157 0.764416948983 0.92779213303 0.537909166722 '700105087.may1'
3144 1775 68 256 64 0.1969 0.1465 0.597123857398 0.850120250293 -0.082613690525 '700032109.may1'
3154 81 21 27 12 0.3007 0.4306 0.604876794805 0.594519586326 0.762479846901 '700024760.may1'
3157 935 37 197 41 0.2174 0.188 0.540899749646 0.75767779224 0.118083905572 '700110846.may1'
3160 838 68 97 38 0.3166 0.2271 0.541300805422 0.796491889216 0.106041127578 '700106679.may1'
3168 1411 45 265 51 0.2162 0.1667 0.577714799197 0.790374826733 -0.108282736834 '700108316.may1'
3173 3381 97 589 110 0.1553 0.0984 0.761177872743 0.935545855022 -0.311739831414 '700097736.may1'
3177 1802 54 346 63 0.2228 0.1409 0.598914237599 0.828646158002 -0.108654610248 '700108326.may1'
3196 1707 77 416 87 0.1131 0.1132 0.807692878953 0.894792234544 -0.62728150476 '700095768.may1'
3205 11586 159 1200 185 0.1258 0.0669 0.677576472763 1.03414781129 0.155239099329 '700108501.may1'
3208 5097 99 689 115 0.1645 0.0943 0.669414398617 0.943017861264 -0.162638268554 '700106597.may1'
3213 5391 126 645 132 0.153 0.0884 0.695908525979 0.976370490938 0.0684800093183 '700106743.may1'
3215 2897 97 321 86 0.1939 0.1231 0.603595658616 0.909248386772 0.182936436741 '700032095.may1'
3216 3927 86 527 96 0.1754 0.1082 0.622461703032 0.911795472314 -0.0428872216204 '700038241.may1'
3220 104 20 15 8 0.6132 0.5326 0.259987917757 0.58609471904 -0.624080428308 '700103674.may1'
3223 6086 137 843 153 0.112 0.0784 0.701580177988 0.998937119685 0.384953744771 '700024334.may1'
3226 5216 138 560 133 0.153 0.0899 0.697674421465 0.984898347683 0.0578750660767 '700102875.may1'
3231 6676 275 1040 259 0.0497 0.0563 0.920562083445 1.1145189047 0.733126855861 '700113562.may1'
3238 3170 90 519 100 0.1215 0.1045 0.683515041636 0.921148086901 0.422001621834 '700095453.may1'
3242 1890 62 290 64 0.2038 0.1446 0.583851330794 0.84557567121 -0.231209184262 '700096556.may1'
3245 2695 88 480 97 0.1341 0.1076 0.712413472878 0.914213679203 0.315409970035 '700098908.may1'
3247 3833 66 448 75 0.2183 0.1269 0.521572200026 0.864243214551 -0.260957827111 '700099631.may1'
3248 3263 89 422 91 0.1899 0.1148 0.612978937095 0.908473315848 0.0810033132569 '700024371.may1'
3251 3327 20 2086 1 0.1147 1.0 0.665049980158 0.0 -6.99988905324 '700106565.may1'
3262 46 12 22 9 0.3104 0.4774 0.56038628482 0.510521071192 0.727336326104 '700109439.may1'
3264 6044 215 1211 240 0.0544 0.0566 0.909328864538 1.08666244046 0.605340088713 '700034926.may1'
3265 1905 74 300 72 0.1644 0.1369 0.63042719013 0.868900052224 0.309572175397 '700111469.may1'
3266 120 29 44 18 0.1887 0.3407 0.680672047455 0.663304370578 0.86372661573 '700107091.may1'
3278 3238 260 719 214 0.0379 0.067 1.04115605769 1.08682612998 0.735664000571 '700108151.may1'
3283 2789 98 333 88 0.155 0.1211 0.622648580187 0.913019741342 0.0552966548847 '700109413.may1'
3286 145 34 30 14 0.3323 0.4176 0.601958832269 0.658859665509 0.539110089619 '700105858.may1'
3289 2528 68 460 80 0.135 0.1199 0.63139142465 0.874790565919 0.345064796588 '700032099.may1'
3304 5555 158 599 148 0.1114 0.0837 0.739114770539 1.00745196571 0.0492266299376 '700099539.may1'
3305 1988 64 370 72 0.1726 0.1313 0.64396716392 0.85734535708 -0.410253477914 '700095872.may1'
3307 143 13 24 9 0.646 0.4943 0.102085885004 0.524713857672 -1.3605454607 '700024617.may1'
3316 4913 144 663 146 0.1334 0.0822 0.767358061934 0.999229785561 0.0563071331282 '700108143.may1'
3322 3089 143 310 102 0.145 0.1159 0.670160111323 0.955762064118 0.452579933711 '700100041.may1'
3323 264 24 40 15 0.5238 0.3755 0.365792851112 0.627175967196 -1.03737096345 '700023995.may1'
3325 3301 175 617 161 0.065 0.0792 0.885826413546 1.02541291081 0.690714123227 '700098451.may1'
3326 3717 142 501 129 0.111 0.0927 0.731724354165 0.984222102956 0.491818708476 '700035681.may1'
3327 4892 263 686 207 0.0656 0.0695 0.900471588422 1.08282487834 0.651759369202 '700101600.may1'
3334 2290 69 401 77 0.2254 0.1261 0.661438538445 0.870681966978 -0.181490546153 '700035202.may1'
3335 30 13 6 4 0.6657 0.733 0.318488468715 0.524412329191 0.247228725832 '700110211.may1'
3345 5194 88 581 99 0.2028 0.1055 0.586215579371 0.915203765157 -0.718666405466 '700037480.may1'
3351 1678 68 235 62 0.2781 0.15 0.674344975459 0.848373614294 -1.73815570465 '700113531.may1'
3357 2718 53 396 63 0.2271 0.1419 0.520660853992 0.828507036302 -0.284423311042 '700032351.may1'
3362 1010 37 110 31 0.4644 0.2395 0.393705449592 0.725260851019 -2.96577045387 '700037092.may1'
3374 860 38 119 33 0.3492 0.2281 0.444496397152 0.74130638056 -0.352285980397 '700111857.may1'
3375 3348 124 697 139 0.1325 0.0841 0.933155024249 0.979567732622 -0.123121898445 '700102704.may1'
3379 4785 108 668 121 0.1561 0.092 0.714165423029 0.95535548371 -0.429537099185 '700032154.may1'
3381 3560 101 405 97 0.1686 0.1106 0.633607474463 0.924740137182 -0.0595442508316 '700038243.may1'
3392 3009 132 414 114 0.1273 0.1017 0.712076009767 0.963910131654 0.42033861692 '700102629.may1'
3396 6528 137 943 159 0.0964 0.0755 0.752041800356 1.0042612018 0.489203648327 '700037718.may1'
3399 2859 119 624 131 0.1015 0.0877 0.837669042785 0.971952970754 0.396559390409 '700097611.may1'
3400 3036 112 356 97 0.1545 0.1148 0.629432932716 0.932707780675 0.285818104679 '700099472.may1'
3403 2295 154 433 127 0.0743 0.0963 0.83065911884 0.986556809149 0.686025397285 '700107540.may1'
3417 2328 115 353 99 0.1678 0.1118 0.738110999293 0.94009186378 0.225747254116 '700032145.may1'
3421 5072 99 655 113 0.2065 0.096 0.640322926416 0.940384824009 -0.175939848449 '700023843.may1'
3423 173 24 30 13 0.4839 0.4173 0.392768251233 0.628899421372 -0.293877368912 '700106617.may1'
3426 121 20 21 10 0.5004 0.4762 0.327731814136 0.586630930819 0.0157304420734 '700105741.may1'
3431 2889 113 392 102 0.1623 0.1088 0.732540346011 0.940217375228 -0.0207340209185 '700015900.may1'
3434 3616 162 767 171 0.1009 0.0731 0.99491007766 1.0256073933 0.109308114548 '700099934.may1'
3435 1433 138 130 58 0.1755 0.1867 0.669076848193 0.88457596863 0.458539985874 '700016973.may1'
3440 2665 99 447 101 0.1309 0.1073 0.722924232432 0.927843420029 0.361468046001 '700033830.may1'
3444 5004 155 681 155 0.1138 0.0799 0.797796334196 1.01121544682 0.2014098752 '700114747.may1'
3449 1503 79 283 73 0.1074 0.1348 0.711311055367 0.877157453347 0.299742579852 '700111801.may1'
3457 3180 178 626 164 0.0861 0.0781 0.920248587479 1.02810184114 0.631060770323 '700097773.may1'
3460 4107 129 686 139 0.0944 0.0841 0.762485038301 0.984522047279 0.499426337443 '700032001.may1'
3461 2622 100 280 82 0.1741 0.13 0.613554388762 0.907877618367 0.24066937727 '700100049.may1'
3463 2507 102 515 110 0.1518 0.0989 0.859267551481 0.940969924981 0.141292641873 '700097463.may1'
3465 855 72 214 63 0.1555 0.1514 0.828015041646 0.851899319202 0.19130839507 '700097891.may1'
3467 3070 80 542 94 0.1564 0.108 0.651208562052 0.903207558536 0.263112912218 '700100627.may1'
3469 5778 177 1047 199 0.0682 0.0642 0.81869341255 1.04973750065 0.629323407789 '700101243.may1'
3475 2950 111 359 97 0.1773 0.1143 0.67018823125 0.932976407621 0.0220096099187 '700114878.may1'
3477 5032 140 786 153 0.1001 0.0786 0.735715583771 1.00174442654 0.353896259599 '700108560.may1'
3480 4751 113 799 133 0.1157 0.0845 0.7627556698 0.969088094135 -0.00431509253201 '700038938.may1'
3481 6217 157 976 178 0.0836 0.0701 0.79159119271 1.02758470339 0.191029968259 '700102326.may1'
3493 428 49 64 26 0.2738 0.2852 0.551145828145 0.725346582856 0.322122405993 '700105648.may1'
3497 2748 113 493 114 0.1292 0.0978 0.818602968536 0.952599096625 0.216482863124 '700033408.may1'
3501 364 56 63 27 0.3254 0.2829 0.706508099651 0.745916668662 0.14322515415 '700096414.may1'
3509 4327 229 526 168 0.1085 0.0819 0.873696753421 1.04808412597 0.116211250362 '700098026.may1'
3514 3540 78 489 88 0.2139 0.1143 0.628535843608 0.893595266402 -0.408612949797 '700099426.may1'
3518 4667 80 611 95 0.1397 0.1069 0.576548439679 0.90472155276 0.33659947065 '700108882.may1'
3527 3462 141 627 143 0.1057 0.0839 0.836195517583 0.993754396569 0.383300372163 '700035773.may1'
3531 19097 322 2282 371 0.0604 0.0408 0.836952926148 1.17001315003 0.579793262063 '700021868.may1'
3540 864 51 131 40 0.2513 0.2052 0.532850244413 0.779484288258 0.206656534305 '700103637.may1'
3553 9865 148 1179 176 0.1238 0.0698 0.73797083763 1.02144398849 -0.645735504049 '700024109.may1'
3555 3730 111 529 114 0.1865 0.0983 0.731613243006 0.949076352491 -0.0854067438616 '700102159.may1'
3556 5086 122 756 137 0.1617 0.0839 0.737783501174 0.978385088891 0.130232426625 '700097216.may1'
3559 3039 89 515 99 0.164 0.1055 0.713573111297 0.917475819443 -0.0669542546739 '700106036.may1'
3568 2890 111 415 104 0.1316 0.1066 0.697411583898 0.940260756928 0.314406985517 '700098978.may1'
3570 3451 72 454 81 0.2182 0.121 0.575849725785 0.879659074715 -0.0766739509445 '700099635.may1'
3578 2387 118 425 110 0.1343 0.1026 0.809403348225 0.953429101833 0.0557846802531 '700099932.may1'
3585 3743 108 647 122 0.0836 0.0912 0.721545924951 0.956627789336 0.547693206433 '700034051.may1'
3587 4044 110 551 115 0.1269 0.0969 0.640974431059 0.950668116422 0.36163557657 '700108129.may1'
3595 1829 100 385 97 0.1043 0.1108 0.765393489227 0.924083411054 0.612055989293 '700102989.may1'
3611 1134 105 309 91 0.1032 0.1187 0.951416061092 0.922512007917 0.514566715557 '700109853.may1'
3620 4146 153 858 171 0.0871 0.0721 0.869892101559 1.02148707604 0.492474075928 '700016716.may1'
3628 1867 87 368 87 0.1168 0.1183 0.732186634376 0.904380664756 0.520638143534 '700108324.may1'
3634 4783 156 835 169 0.0724 0.0732 0.837357913189 1.02173025105 0.418282306669 '700114389.may1'
3638 2350 74 430 83 0.1466 0.12 0.701057572156 0.882577119453 -0.0349365188101 '700100516.may1'
3641 3098 113 488 113 0.1027 0.0987 0.732319727701 0.951092761363 0.310856417549 '700034649.may1'
3647 10367 471 2035 475 0.0322 0.0354 1.1173165182 1.22951972118 0.789797389032 '700037560.may1'
3649 5622 125 779 140 0.1385 0.0837 0.680427362021 0.981783685747 0.378537117928 '700113041.may1'
3654 3377 121 647 132 0.1446 0.0872 0.883802508027 0.972334585567 -0.0617301051375 '700102161.may1'
3663 2564 78 403 83 0.1682 0.1195 0.655251890755 0.890323769918 0.0632091589287 '700032653.may1'
3671 4291 163 764 169 0.1129 0.0742 0.900517367202 1.02463274598 0.290759567493 '700038247.may1'
3682 1227 70 229 62 0.1624 0.1515 0.688661758711 0.850203830411 0.32578906352 '700105822.may1'
3692 2526 61 338 66 0.1997 0.1403 0.570142721444 0.844156510782 -0.0109709331161 '700098244.may1'
3694 3373 123 481 117 0.1381 0.0979 0.739996224055 0.960418913827 0.153477638259 '700034108.may1'
3698 21 14 3 2 0.8077 0.9454 0.320770905277 0.636307438832 -0.103526609384 '700110038.may1'
3700 2137 67 405 76 0.1547 0.126 0.662917317176 0.864480650222 0.219911637483 '700100512.may1'
3704 4086 95 628 109 0.1644 0.0982 0.729651971383 0.93210437604 -0.518687946979 '700103307.may1'
3706 594 69 207 63 0.1086 0.149 0.931924836717 0.850362272521 0.0538157894054 '700034826.may1'
3708 5852 137 813 152 0.1067 0.0788 0.748403439625 1.00027730437 0.308709898886 '700024992.may1'
3710 4784 143 578 138 0.1064 0.0869 0.714269061806 0.992684165492 0.489624571956 '700024932.may1'
3711 2666 113 506 116 0.1144 0.0961 0.810950396666 0.955528583742 0.234824686178 '700032970.may1'
3716 49 22 11 7 0.4684 0.5926 0.554715529112 0.567233641138 0.775422485846 '700109500.may1'
3721 4304 131 709 142 0.1613 0.0826 0.850952091797 0.988003293051 -0.0736174569591 '700035559.may1'
3722 9991 459 1358 385 0.0403 0.0438 1.00053893063 1.20091592981 0.778106874496 '700024318.may1'
3727 2455 95 373 91 0.1573 0.1163 0.65644543646 0.913619793208 0.160663206787 '700097384.may1'
3732 4405 87 596 100 0.1798 0.105 0.616866415218 0.914527169022 0.0659732325037 '700100332.may1'
3743 2970 94 278 79 0.236 0.1314 0.563908544616 0.898098921409 -0.249432884267 '700098629.may1'
3749 1297 60 289 64 0.1499 0.1431 0.657837263668 0.839592695087 0.369132699969 '700109360.may1'
3758 1962 22 269 1 0.6181 1.0 0.324406742861 0.0 -15.2799581139 '700015280.may1'
3761 4103 186 837 191 0.0589 0.0684 0.885428701399 1.0492276708 0.710636980719 '700032414.may1'
3775 847 61 220 58 0.1492 0.1563 0.78602754089 0.831884222177 -0.347741789465 '700024707.may1'
3792 3302 64 412 72 0.2677 0.1313 0.565754809433 0.85734535708 -1.79575748084 '700105687.may1'
3794 227 42 47 21 0.3 0.3219 0.654821392783 0.712089957054 0.362976628869 '700101343.may1'
3799 4544 116 496 114 0.1455 0.0989 0.630809804886 0.954706209427 0.349392412209 '700114405.may1'
3804 8800 156 1054 178 0.1234 0.0697 0.693539273037 1.02664526579 0.387067092486 '700114139.may1'
3808 5122 266 1099 265 0.0414 0.0547 0.981014383052 1.11422126089 0.810449089457 '700095372.may1'
3813 1380 88 334 86 0.0882 0.1201 0.748971819897 0.902811121475 0.746049719596 '700103710.may1'
3819 7066 153 1077 179 0.1279 0.069 0.820997849524 1.02611044127 -0.135047709119 '700109278.may1'
3826 1382 74 198 59 0.2348 0.1617 0.636995739508 0.847594372868 -0.0955616239865 '700110335.may1'
3828 80 12 33 11 0.2846 0.4353 0.446543475147 0.539512415424 0.625117841781 '700105590.may1'
3832 9455 136 998 157 0.1675 0.0761 0.665600119624 1.00159140787 -0.13862499651 '700023473.may1'
3838 3135 160 610 153 0.1012 0.0812 0.909224047422 1.01243602243 0.524613210403 '700097279.may1'
3844 2816 117 401 106 0.1539 0.1062 0.773482988916 0.947737376258 0.215264913715 '700097954.may1'
3850 4598 136 742 148 0.1069 0.0808 0.76355145895 0.994513613305 0.363702103948 '700098581.may1'
3854 2264 94 499 104 0.128 0.1033 0.80091763998 0.926267420799 0.387952783962 '700100273.may1'
3857 2051 89 510 103 0.1026 0.1014 0.786164789645 0.923400989169 0.480481156284 '700033402.may1'
3861 2191 69 349 73 0.2012 0.131 0.62492897324 0.866463867568 0.0195467176348 '700032113.may1'
3876 7262 315 1417 323 0.045 0.0466 1.00924417532 1.15190155556 0.741678480046 '700110007.may1'
3877 6656 172 858 179 0.1079 0.0715 0.754691315708 1.03494848012 0.311692693992 '700038434.may1'
3881 708 36 185 40 0.2196 0.1944 0.601761786297 0.749062706131 0.296769813895 '700111536.may1'
3882 5937 141 774 152 0.1676 0.0789 0.738940502398 1.00205723666 0.0849864034477 '700107589.may1'
3891 4487 135 672 142 0.1445 0.0838 0.768335317781 0.990755974775 0.219621458073 '700112012.may1'
3904 835 49 173 46 0.2067 0.1812 0.629176011442 0.790979384535 0.0803542342697 '700107860.may1'
3907 4108 206 507 157 0.1095 0.0849 0.806759968972 1.03194805005 0.477290650958 '700101608.may1'
3913 1278 56 145 44 0.3469 0.1956 0.50283826163 0.7966359316 -0.959159803615 '700021697.may1'
3914 1320 63 187 53 0.1861 0.1717 0.553393166263 0.820061624476 0.39165800806 '700111053.may1'
3916 5750 131 524 125 0.1681 0.0929 0.617114906923 0.973292445261 -0.12264905548 '700024413.may1'
3933 1805 107 379 100 0.1005 0.1093 0.784263111874 0.935000467145 0.601840474982 '700110191.may1'
3945 2429 97 381 93 0.16 0.115 0.686840545251 0.918003229498 0.311890419091 '700102631.may1'
3946 5296 208 800 197 0.1063 0.0685 0.910276127296 1.06095341209 0.375372165277 '700095567.may1'
3949 8565 334 1872 376 0.0335 0.0407 1.02565702745 1.17421843818 0.75613516887 '700038158.may1'
3951 4436 137 764 151 0.1018 0.0794 0.783915204673 0.999218082368 0.321854243468 '700099789.may1'
3952 126 18 41 14 0.318 0.3841 0.504334322051 0.593274652519 0.478340023099 '700105598.may1'
3953 3912 95 579 106 0.1298 0.101 0.672143534623 0.929797301337 0.0668938917836 '700099986.may1'
3954 1251 43 209 45 0.2597 0.1812 0.469214179214 0.779173290747 0.208630180504 '700111855.may1'
3956 5718 112 807 131 0.1227 0.0854 0.683118450718 0.966650301063 0.348953551504 '700114367.may1'
3960 150 25 49 18 0.2027 0.3342 0.597204003294 0.644505127803 0.684143527688 '700035210.may1'
3963 470 50 51 23 0.4015 0.311 0.526828206226 0.723824822993 -0.550268118358 '700023662.may1'
3964 3206 113 471 111 0.1065 0.1005 0.719196142825 0.947993980758 0.47854922127 '700102399.may1'
3971 29 16 10 6 0.4139 0.6213 0.641656785826 0.552142687187 0.924233279556 '700114880.may1'
3975 1120 94 241 75 0.143 0.1375 0.821266640017 0.890451917789 0.56457636387 '700110201.may1'
3979 6088 147 807 158 0.1185 0.0772 0.714109995377 1.0080522038 0.337976808692 '700114321.may1'
3992 8746 413 1216 345 0.0384 0.0475 0.946469727411 1.17934923579 0.815320440775 '700023023.may1'
4000 4873 151 708 155 0.1218 0.0792 0.782536129073 1.00860464017 -0.0641057491982 '700102686.may1'
4014 1858 104 374 97 0.1319 0.1118 0.795598144417 0.930165292332 0.369949396126 '700034883.may1'
4017 6853 156 804 164 0.1286 0.0752 0.752413182861 1.01906104143 0.143303223134 '700113136.may1'
4018 5045 143 877 162 0.0964 0.0748 0.790346412209 1.00956396825 0.410415383987 '700108572.may1'
4020 3182 84 487 93 0.1194 0.11 0.637268856651 0.906218004456 0.49978201178 '700034814.may1'
4029 7753 175 671 164 0.1324 0.0779 0.666999182062 1.02637237666 0.316886011646 '700038432.may1'
4033 8331 165 894 176 0.0948 0.0715 0.709417403054 1.0303550102 0.435677006044 '700024417.may1'
4042 4969 114 681 126 0.1225 0.0895 0.701771458717 0.965047922276 0.057546834783 '700023898.may1'
4043 1258 77 338 81 0.1219 0.1215 0.827311225022 0.886592317467 0.231910322474 '700109796.may1'
4044 2462 89 502 100 0.1196 0.1045 0.736718695756 0.919007276972 0.330380010424 '700097335.may1'
4047 2963 84 444 90 0.1483 0.1137 0.626797336592 0.903459637411 0.302444836334 '700113031.may1'
4048 7687 191 1143 213 0.1347 0.0618 0.914427550855 1.06344771308 0.0930651560426 '700016374.may1'
4058 103 37 16 10 0.4969 0.5164 0.604136636512 0.636480338249 0.544719347071 '700033489.may1'
4074 1334 93 198 66 0.1767 0.1539 0.689879610957 0.874831376053 0.38053391957 '700109847.may1'
4093 8315 160 1074 183 0.1136 0.0682 0.734827373893 1.03318897124 0.256554971847 '700024539.may1'
4118 2713 109 502 113 0.1196 0.0989 0.737741255757 0.949212849324 0.437234024131 '700097321.may1'
4128 696 54 135 42 0.1869 0.2028 0.617014138061 0.78749871521 0.451968501098 '700110860.may1'
4142 954 66 155 50 0.182 0.1798 0.639905473196 0.821750014654 0.301325642358 '700110842.may1'
4145 1640 59 282 62 0.2832 0.1464 0.693798692861 0.83690644676 -1.73090858269 '700037999.may1'
4146 1582 74 130 47 0.3775 0.1943 0.548442118721 0.823883647893 -2.49805385099 '700032462.may1'
4148 8341 126 931 146 0.1374 0.08 0.653738331561 0.987634966427 0.235782254197 '700024373.may1'
4155 2765 82 484 92 0.1376 0.1118 0.658283781762 0.902116655167 0.288620063253 '700099830.may1'
4161 9829 157 1158 183 0.1293 0.0681 0.756731161231 1.02996369628 0.110018502846 '700113598.may1'
4171 69 11 23 9 0.5472 0.4675 0.499613240546 0.51089567259 -1.29561544955 '700035363.may1'
4178 6100 133 806 148 0.1345 0.0802 0.682067209115 0.992705413864 0.386984750188 '700113049.may1'
4183 1583 95 261 77 0.1869 0.1341 0.746104126845 0.895180085029 -0.00943497048987 '700096092.may1'
4192 3547 116 715 134 0.1284 0.0851 0.860407408633 0.971089002621 -0.0659810212487 '700033477.may1'
4198 5250 117 503 115 0.1807 0.0989 0.599275593827 0.9557146701 0.08536780075 '700023825.may1'
4199 3064 340 604 216 0.0361 0.0719 1.07302100372 1.10358886262 0.830878697855 '700108149.may1'
4202 2711 59 304 62 0.3627 0.1464 0.568070758185 0.83690644676 -4.27346434533 '700037278.may1'
4206 1573 92 272 78 0.1457 0.1337 0.727772919333 0.894006719052 0.287451691764 '700035979.may1'
4213 5378 127 638 132 0.1595 0.0886 0.666396979047 0.976768127527 0.20531899465 '700024229.may1'
4218 2359 105 359 95 0.1524 0.1142 0.707908625222 0.927832898997 0.243778850782 '700102977.may1'
4222 5113 318 968 273 0.0513 0.0556 1.04309974664 1.13113988019 0.753393706317 '700114419.may1'
4225 1938 60 287 62 0.2303 0.1454 0.542240687095 0.836659372459 -0.104351446161 '700096554.may1'
4230 127 20 62 20 0.1855 0.3059 0.66569234234 0.626520911576 0.759933557322 '700108584.may1'
4236 7732 494 1716 456 0.0221 0.0375 1.13775018584 1.22775580527 0.89246805914 '700023477.may1'
4238 2642 215 374 135 0.0852 0.099 0.85015318115 1.01654451427 0.739058307414 '700105372.may1'
4242 12580 438 1765 422 0.0326 0.0392 0.978221391528 1.20894846459 0.777739088273 '700108240.may1'
4246 2684 143 346 108 0.1564 0.1101 0.723073681601 0.962802816438 0.37855393156 '700033809.may1'
4247 1334 70 253 65 0.161 0.1452 0.681693924839 0.855838697059 0.331341095867 '700035321.may1'
4252 7599 183 961 194 0.1101 0.0672 0.744357514543 1.04894246944 0.486899695494 '700037206.may1'
4259 2376 100 428 100 0.1482 0.1078 0.775169043706 0.928096304444 0.200686513058 '700102993.may1'
4280 504 32 144 34 0.2616 0.2129 0.672325712153 0.726623536403 -0.883036798867 '700033975.may1'
4285 4010 101 687 118 0.1071 0.0921 0.750115762653 0.94802933082 0.248352431373 '700034126.may1'
4287 1758 66 355 73 0.1426 0.1303 0.664487125897 0.860270655219 0.196554557787 '700105904.may1'
4289 443 20 47 1 0.7309 1.0 0.121675016402 0.0 -13.746712504 '700023192.may1'
4297 5026 103 661 116 0.1634 0.0949 0.643361489309 0.944234281749 0.105964459855 '700024898.may1'
4302 470 54 69 29 0.3221 0.2665 0.592224159588 0.755383869161 0.238587325928 '700114068.may1'
4303 4844 196 596 166 0.0767 0.0793 0.764307059612 1.03627453428 0.670673556578 '700035861.may1'
4319 6966 144 963 165 0.1475 0.0733 0.738383125599 1.0125493685 0.21019168856 '700100583.may1'
4324 3655 89 523 98 0.1832 0.1066 0.627006363429 0.915909438044 -0.0840085462024 '700096149.may1'
4336 222 49 36 18 0.3582 0.3685 0.651158594751 0.68739956054 0.333569388864 '700111352.may1'
4347 42 14 13 7 0.4565 0.5615 0.475946043447 0.513881547208 0.723606591916 '700111278.may1'
4361 2877 120 289 91 0.1968 0.1232 0.628137371323 0.931493385807 0.039702946302 '700109272.may1'
4364 26 12 4 3 0.8048 0.8152 0.17247649645 0.50839156457 -0.53863818404 '700110040.may1'
4366 4286 93 505 99 0.193 0.1065 0.572707359857 0.919986814906 0.0379485962572 '700097220.may1'
4368 4182 83 601 97 0.1342 0.1061 0.633375942815 0.910166930126 0.19671110494 '700034210.may1'
4370 1590 21 967 1 0.1241 1.0 0.709993715659 0.0 -11.0913396591 '700038480.may1'
4373 2769 117 310 93 0.159 0.1192 0.649137565613 0.933121453114 0.333883889987 '700099773.may1'
4376 3963 107 639 120 0.091 0.0927 0.694277400822 0.9536251386 0.518765553772 '700102432.may1'
4381 39 14 14 7 0.41 0.5615 0.561596494635 0.513881547208 0.750974049676 '700110345.may1'
4384 88 19 49 18 0.1617 0.3118 0.690295502287 0.625929734139 0.738900455294 '700023319.may1'
4385 4806 166 811 174 0.1098 0.0724 0.867155425737 1.02955913065 0.269108793437 '700114407.may1'
4391 2883 100 551 111 0.1388 0.0972 0.809735154799 0.939591046875 0.155236992478 '700095455.may1'
4405 3578 80 539 92 0.1737 0.1103 0.642571084431 0.900066061157 -0.389484434794 '700114353.may1'
4414 5137 112 792 131 0.1322 0.0854 0.71860845887 0.966650301063 0.0805709475026 '700108576.may1'
4419 6730 315 964 269 0.0507 0.0564 0.923637801213 1.1290355848 0.750650404989 '700024752.may1'
4421 6167 402 617 232 0.0538 0.0701 0.897127286556 1.12260291391 0.810812013088 '700021824.may1'
4426 2544 83 404 87 0.1523 0.1172 0.650035817606 0.897432943204 0.198275753587 '700016730.may1'
4434 6909 162 1095 188 0.098 0.0668 0.781875086998 1.03520780148 0.407557416008 '700109851.may1'
4457 2160 83 267 73 0.2134 0.1366 0.587854229376 0.88145734184 -0.20485892485 '700108080.may1'
4467 2868 152 277 98 0.1825 0.1222 0.681397145944 0.953295287711 0.136692504384 '700034802.may1'
4470 47 13 25 10 0.2495 0.4588 0.603548242074 0.542603457203 0.819634654227 '700097962.may1'
4476 5576 119 735 133 0.1118 0.0863 0.651945731521 0.972765420325 0.295792431181 '700108200.may1'
4492 5066 183 936 196 0.0698 0.0665 0.884871708302 1.05070400321 0.560435079806 '700023902.may1'
4500 5744 129 588 130 0.1669 0.0896 0.669137044983 0.977182332981 -0.101088940149 '700109608.may1'
