0 1045 192 0.984842412083
1 1008 229 0.919979920197
2 1065 136 0.971631428033
3 737 222 0.927235441178
4 919 162 0.95132074557
5 1269 302 0.786712514542
6 37 12 0.83163336754
7 1188 296 0.861982791706
8 909 267 0.837524281187
9 982 202 0.945377199065
10 1142 316 0.897028757077
11 838 206 0.938087690881
12 1330 294 0.844851082712
13 1000 240 0.912518303777
14 800 128 0.95718705885
15 834 167 0.939169909872
16 662 245 0.905674092426
17 72 16 0.623129199617
18 1191 251 0.891111497454
20 993 262 0.775759146331
21 1004 126 0.955203189765
22 1046 284 0.899037204959
23 926 218 0.877140713569
24 1115 243 0.899265074654
25 780 250 0.903486291522
26 1246 267 0.867451006826
27 948 162 0.97708509652
28 961 229 0.888983791964
30 936 289 0.881281937905
31 1246 174 0.94171120132
32 1102 264 0.864974257382
33 1095 227 0.982166583678
34 36 17 0.725457143521
35 1029 296 0.861901468978
36 826 242 0.829129940714
37 1502 269 0.933545708224
38 985 180 0.890574163047
39 1163 153 0.927040224328
40 789 245 0.922609309869
42 61 14 0.948249934032
43 929 253 0.883143786962
44 1074 281 0.895416954218
45 943 202 0.908915918699
46 1105 177 0.939133002969
47 1575 322 0.849407342395
48 614 100 0.955107242402
49 828 207 0.83786700361
51 1205 311 0.830595695502
52 973 241 0.84198279915
53 12 10 0.848652392446
54 1060 241 0.91852361106
55 973 221 0.915698634658
56 1083 302 0.890898422604
57 401 75 0.951526394303
58 893 221 0.908515360554
59 940 260 0.880259159524
60 1149 170 0.961777277793
61 428 76 0.918880849024
62 755 161 0.897364205458
63 897 247 0.915200960362
64 1012 186 0.916740702515
65 939 224 0.785058989873
66 1137 282 0.910343034836
67 921 198 0.90543328686
69 1010 157 0.910737942847
70 779 150 0.901564093334
71 814 180 0.904769548513
72 1042 275 0.751348290846
73 1090 272 0.925622340834
74 918 162 0.97421959688
75 1041 259 0.897126238557
76 1044 246 0.738662312938
77 951 254 0.924116102005
78 850 146 0.879621345393
79 899 290 0.799086652151
80 1004 250 0.927403863844
81 1271 315 0.873466528287
82 921 127 0.809759914508
83 847 235 0.882057259114
84 1035 239 0.867590759912
85 961 223 0.870667819563
86 1046 138 0.943660711265
87 936 251 0.894717189212
88 930 278 0.798089328773
