0 1764 232 301 1.84044675416 0.986641929689
1 1348 288 212 1.83527872315 0.92117540592
2 1769 181 351 1.75595179345 0.969113089788
3 952 289 71 1.93016205469 0.910091355422
4 1272 200 186 1.77566315988 0.957043272296
5 1630 367 197 1.78778198176 0.791630025938
6 59 23 10 1.97874780605 0.849480808416
7 1528 348 119 1.78667743334 0.839487476162
8 1155 329 200 1.88662042941 0.750546689327
9 1365 236 206 1.79325428583 0.942641024288
10 1404 380 245 1.91572725928 0.858277470661
11 1086 255 113 1.86171906559 0.918322983123
12 1626 347 156 1.78198679588 0.808213866132
13 1342 298 120 1.82435507111 0.889783171276
14 1373 165 198 1.75953765052 0.952067842086
15 1028 195 139 1.79189417255 0.93207389565
16 850 305 156 2.07254980766 0.8770502371
17 86 24 15 1.79103216778 0.780502083935
18 1490 305 360 1.82246110696 0.879440963252
20 1159 302 145 1.82013393575 0.772749034845
21 1606 151 356 1.7164635356 0.937518289592
22 1323 336 170 1.88737415164 0.890929788609
23 1202 273 110 1.80761186258 0.874114505692
24 1378 287 132 1.80587400869 0.90277110099
25 1058 317 97 1.95407463886 0.886098118485
26 1616 321 218 1.7721793307 0.832162124672
27 1403 193 236 1.79489020465 0.976615814416
28 1327 266 147 1.79722967932 0.8730683376
29 58 14 35 2.01208445228 0.908185399278
30 1210 353 107 1.89261770273 0.847683113133
31 1740 214 440 1.71235592087 0.928544183963
32 1479 322 131 1.77214501439 0.828668095632
33 1401 271 157 1.87280707358 0.955477302738
34 62 29 10 2.15922029885 0.904467628818
35 1366 354 156 1.8386878847 0.811892643552
36 1083 297 44 1.83051554871 0.813252762669
37 2116 334 344 1.77295410499 0.920582913048
38 1448 224 192 1.7447209872 0.884224250237
39 1883 200 366 1.72451905873 0.931743516715
40 1098 307 67 1.86595706458 0.861798147823
41 31 17 5 2.19606959922 0.722030756465
42 89 25 39 2.03019499176 0.967027005956
43 1134 304 216 1.88908344278 0.854820370497
44 1318 343 129 1.85030297341 0.85892197273
45 1413 259 171 1.81267060273 0.932337250321
46 1614 219 243 1.74682636512 0.947089388948
47 1930 392 410 1.79925377954 0.842218073875
48 913 117 205 1.76605788135 0.954757321039
49 1045 260 116 1.82856064108 0.85877297859
50 47 16 17 2.06930850111 0.91190137117
52 1435 374 249 1.85191284953 0.805028863713
53 1181 298 115 1.82856787726 0.844026063818
54 35 21 4 2.33525514495 0.714685738415
55 1422 300 139 1.81686230837 0.889906915608
56 1304 273 123 1.81838386863 0.897656142033
57 1441 371 116 1.89091825553 0.895238355553
58 695 93 189 1.82266898391 0.968535784279
59 1332 266 240 1.88238490374 0.932304903781
60 1186 319 114 1.85681262531 0.851249500472
61 1645 201 239 1.77406129116 0.960032314119
62 732 103 151 1.79357235975 0.972647403171
63 1133 194 224 1.81851671619 0.931741675798
64 1097 295 138 1.87213025757 0.875870920333
65 1552 222 372 1.76731243028 0.888704922628
66 1174 276 116 1.76939553896 0.771065415187
67 1413 351 183 1.85646734859 0.892909477912
68 1080 234 233 1.8075518804 0.846806295389
69 29 20 4 2.5783809623 0.783666174465
70 1348 184 330 1.74509790476 0.897511005039
71 1307 185 294 1.77366967764 0.911007775058
72 1119 222 180 1.79047019738 0.909858206053
73 1282 332 147 1.82156960044 0.767539592401
74 1448 338 102 1.84046344665 0.906298329096
75 1311 205 275 1.80734114885 0.951154989681
76 1344 305 153 1.83146598712 0.895124393837
77 1355 300 94 1.73878471142 0.737247312487
78 1226 314 135 1.88183832075 0.904269001139
79 1234 183 243 1.7567815732 0.897567446824
80 1153 352 117 1.89270531049 0.805022549902
81 1378 306 163 1.83500058044 0.901233830297
82 1682 374 211 1.86246892931 0.886453682571
83 1169 155 211 1.65724415577 0.819435503498
84 1166 282 212 1.83848244643 0.851555353162
85 1272 299 117 1.77956652942 0.790196275464
86 1179 267 116 1.82380885802 0.868872141772
87 1698 172 384 1.71909820154 0.956157527386
88 1222 318 149 1.86749334931 0.889084972484
89 1156 336 91 1.85237931497 0.793320343209
