0 21459 157 7196 9206.0 0.672803213647
2 675 197 48 70.0 0.682489069205
3 5598 11 2626 3123.0 0.530240529897
4 32519 177 11332 12977.0 0.63971260093
5 94839 1193 13575 17138.0 0.514552662957
6 920 14 242 343.0 0.509480194153
7 9011 261 2453 3708.0 0.919853002478
8 6159 456 1087 1328.0 0.873613111674
9 278327 1803 51052 55517.0 0.472884310512
10 29773 947 2476 4312.0 0.595136840178
11 19838 464 2134 3876.0 0.623243763237
12 513 97 86 114.0 0.814203663359
13 99307 572 22114 30421.0 0.557531334664
14 1088 16 365 496.0 0.674872182331
15 199557 1102 42379 60095.0 0.497948661258
17 952 289 71 85.0 0.679648248749
18 29593 921 7561 7101.0 0.861466141262
19 57473 257 19396 20071.0 0.474109905358
20 28033 192 6016 11112.0 0.298974184741
21 1818 358 180 233.0 0.78660249155
22 127293 598 28966 38404.0 0.489149215868
23 16890 340 3026 4746.0 0.665382559131
24 1285 24 390 457.0 0.641893571431
25 30669 293 10008 12075.0 0.739499260966
26 1645 201 239 388.0 0.821143241453
27 144941 650 36286 43478.0 0.560933614001
28 132653 668 29591 41737.0 0.586412391065
31 13681 26 4143 6004.0 0.50607163824
32 84 27 14 18.0 0.653984281989
33 90100 578 23582 28221.0 0.649558218659
34 2687 357 271 410.0 0.795198444731
35 282104 812 62147 83399.0 0.396433979097
36 58984 275 17311 19836.0 0.470753407433
37 2380 319 460 403.0 0.82785115298
38 45667 248 8866 13383.0 0.331160382058
39 2461 101 193 327.0 0.574195261572
40 1630 367 197 183.0 0.774058757983
41 38031 453 4510 8238.0 0.440784864699
42 41770 749 5177 8699.0 0.641071538521
43 58274 876 15653 15925.0 0.76099163717
44 2231 180 747 678.0 0.892798993025
45 1058 317 97 115.0 0.787167702186
46 39152 285 13755 18308.0 0.819925659642
47 30485 494 6237 6910.0 0.72789685969
49 211820 1023 44707 63978.0 0.463896493032
50 4689 43 1854 2510.0 0.780802655067
51 97102 828 21177 29268.0 0.62412130166
52 1155 329 200 130.0 0.822058102447
53 118268 897 29683 35121.0 0.599538914341
54 32782 181 11868 14928.0 0.689972972418
55 97781 1008 12140 22286.0 0.550710326266
56 1053 37 256 348.0 0.732978772836
57 5668 30 1308 1811.0 0.526048284423
58 695 93 189 232.0 0.890782791659
59 27169 388 5714 7185.0 0.618554307035
60 7612 76 2973 4070.0 0.772132517758
61 1413 351 183 153.0 0.756836892877
62 47878 834 7948 10476.0 0.656341353515
63 11708 465 2754 3787.0 0.909478655424
64 100746 821 21736 28972.0 0.537902240868
65 4377 10 1620 2070.0 0.452168128848
66 70259 505 9823 21571.0 0.528014885674
67 3598 24 1230 1682.0 0.618838839842
68 1041678 1108 248938 318263.0 0.303619070526
69 28025 232 7715 12816.0 0.755221740839
70 9487 38 1911 3536.0 0.27184779527
71 1682 374 211 239.0 0.850089688544
72 1169 155 211 248.0 0.843088636271
73 7075 36 2888 3020.0 0.622851491093
74 1614 219 243 343.0 0.842339763981
75 6791 24 3555 3596.0 0.679308235256
76 7505 122 2662 2326.0 0.7056066191
77 1179 267 116 155.0 0.77585715856
78 3579 22 1682 1767.0 0.715533630343
79 4166 75 1325 1546.0 0.733471112518
80 1698 172 384 488.0 0.893496159171
81 25133 615 2075 4984.0 0.522481302684
82 4080 25 1860 1823.0 0.717996608702
83 6840 62 2500 3166.0 0.670943790446
84 2878 65 1173 1201.0 0.819746904628
85 1764 232 301 426.0 0.848512221106
86 7007 63 2758 2911.0 0.695384886707
87 12296 45 6202 6890.0 0.706502446772
88 1552 222 372 371.0 0.912464850539
89 97454 1185 14018 22192.0 0.500260427876
90 5984 80 2617 2723.0 0.846822028656
91 59 23 10 13.0 0.618039315282
92 3676 11 1590 1924.0 0.590024239184
93 2781 26 1160 1320.0 0.507179386169
94 1365 236 206 244.0 0.827205921888
95 1084 11 714 699.0 0.92392413711
96 1626 347 156 195.0 0.770919484056
97 6251 37 3078 3428.0 0.814588351375
98 9614 79 2551 4111.0 0.580598505919
99 10437 46 6798 6529.0 0.92763854144
100 2453 131 513 636.0 0.795832219626
101 145852 744 31051 54343.0 0.661015249439
102 26758 468 3582 6098.0 0.590327659225
103 1226 314 135 144.0 0.786559682775
105 3134 92 481 791.0 0.608586042957
106 3262 231 1154 1058.0 0.942192407186
107 6159 153 1538 1963.0 0.835295382683
109 9910 65 4905 5229.0 0.688145997671
110 2017 20 818 950.0 0.706900221414
111 4134 18 1356 1763.0 0.670179557574
112 4693 133 478 907.0 0.570832511185
113 1941 41 560 813.0 0.645120494093
114 25490 448 5209 7963.0 0.732058929319
115 1606 151 356 496.0 0.891537162459
116 1323 336 170 164.0 0.809913189505
117 3055 411 425 484.0 0.832931432324
118 3335 53 1022 1270.0 0.707354189607
119 9335 579 1242 1762.0 0.786882930195
120 6673 342 409 1088.0 0.677067468547
121 18583 52 9265 10014.0 0.509364858692
122 42021 539 6122 12621.0 0.609711664933
123 1378 287 132 182.0 0.768365180537
124 2789 14 921 1203.0 0.373761759993
125 2284 34 1134 1205.0 0.778932643626
126 3256 52 570 641.0 0.35344009035
127 2580 368 373 412.0 0.825518949371
128 1616 321 218 221.0 0.795192924802
129 148246 948 26099 41151.0 0.457718426066
130 9184 93 1121 1831.0 0.499064022185
131 1327 266 147 196.0 0.80668045047
132 9362 274 1300 2766.0 0.692282908023
133 62675 489 14432 18649.0 0.579177540066
134 43636 634 12066 10310.0 0.746924017978
135 1210 353 107 108.0 0.727954090438
136 1479 322 131 157.0 0.75581404222
137 1401 271 157 245.0 0.830886425815
138 1366 354 156 138.0 0.75808164337
139 5001 111 1475 2003.0 0.843272159703
140 1083 297 44 84.0 0.68819510337
141 26 10 14 13.0 0.791929743275
142 2116 334 344 374.0 0.849809811808
143 4895 77 1066 1308.0 0.588322834341
144 1448 224 192 280.0 0.83868004136
145 32550 666 3548 7380.0 0.548160779963
146 6467 56 3486 3736.0 0.947291157826
147 1187 140 289 336.0 0.903752055799
148 6197 53 1964 2714.0 0.582500694471
149 1098 307 67 96.0 0.675403459259
150 5629 60 2776 2883.0 0.870793509902
151 31 17 5 6.0 0.353841401182
152 1134 304 216 139.0 0.81585815451
153 239 46 53 57.0 0.810484516283
154 3722 123 650 815.0 0.590107107126
155 5094 38 1006 1689.0 0.526654964333
156 156754 618 26295 48306.0 0.467649252518
157 1413 259 171 235.0 0.815415191405
158 362915 1441 60933 98773.0 0.351730370931
159 85806 882 17631 24649.0 0.591661967847
160 11431 35 4098 5589.0 0.473056299557
161 22843 176 7131 9905.0 0.713479392785
162 1142 210 211 195.0 0.852364307473
163 1304 273 123 185.0 0.794422794326
164 240899 1036 23743 49601.0 0.270332438091
165 126206 623 19718 39419.0 0.515530005727
166 7962 374 1213 1875.0 0.784141131239
167 1332 266 240 254.0 0.88004587192
168 115161 582 39924 42680.0 0.720828917876
169 1177 27 314 398.0 0.65495206744
170 732 103 151 210.0 0.86663631154
171 154734 871 32390 42944.0 0.546749549092
172 806 18 144 233.0 0.593470198393
173 860 185 124 156.0 0.849589623192
174 435 76 95 110.0 0.860356048153
175 130624 607 27033 38229.0 0.508323365846
176 8566 26 3278 3376.0 0.387382684243
177 875298 816 130493 174386.0 0.0981936905523
178 4599 23 1092 1603.0 0.557874368141
179 301689 1093 107079 94113.0 0.76307822877
180 6670 557 1033 1068.0 0.802415800264
181 4791 21 1397 2016.0 0.51822825356
182 4294 45 1027 1700.0 0.631322986805
183 25783 374 4219 6421.0 0.551948070555
184 1282 332 147 127.0 0.731307391607
185 248552 722 51498 76654.0 0.383251686693
186 1423 304 102 149.0 0.753842577296
187 4763 34 808 1268.0 0.434381378225
188 1166 282 212 150.0 0.806430287144
189 1348 11 681 849.0 0.784819689197
190 724 170 70 91.0 0.743810748955
192 146367 1033 26443 43615.0 0.502530599976
194 1092 243 107 147.0 0.770939879848
195 219 48 59 62.0 0.871521204063
196 2982 19 1213 1573.0 0.669737125507
197 3026 26 924 1101.0 0.595795535654
198 1875 196 326 423.0 0.84653828249
199 3813 535 335 421.0 0.788386874371
200 1321 194 233 261.0 0.825545233906
201 1348 288 212 195.0 0.813449200574
202 20286 118 13309 12427.0 0.939422212061
203 327 13 132 160.0 0.680745704452
204 251 22 81 82.0 0.816297852077
205 1184698 1483 338911 449563.0 0.511722063625
206 1272 200 186 245.0 0.806819582258
207 693 183 58 80.0 0.708626635289
208 1422 300 139 194.0 0.795429799992
209 3755 25 1104 1338.0 0.503632488303
210 1086 255 113 147.0 0.790923149119
211 6418 83 4789 4226.0 0.955301327639
212 24 11 9 9.0 0.750883379278
213 394132 826 91313 113160.0 0.381524937974
214 13624 236 4426 5684.0 0.873471371357
215 41821 406 9473 12286.0 0.563682835938
216 14992 331 3535 4040.0 0.690567055368
217 1441 371 116 161.0 0.781669283078
218 2875 275 561 653.0 0.839588454891
219 2350 11 670 958.0 0.492736732698
220 1370 318 198 158.0 0.76040187387
221 2076 325 287 362.0 0.82863789394
222 9991 267 4473 4156.0 0.93643902508
223 1492 11 775 852.0 0.757464507519
224 530 92 120 136.0 0.885487089706
225 972 10 604 601.0 0.947829532447
226 58906 699 11950 14340.0 0.739403221391
227 11343 177 4809 4832.0 0.867331771041
228 45452 505 9339 12959.0 0.614564126587
229 27798 135 22031 19246.0 0.84827586758
230 46522 612 12162 12197.0 0.763629101787
231 120908 757 22391 31183.0 0.619717308101
232 44166 523 6904 9838.0 0.522612703454
233 18335 677 4428 4398.0 0.831089109282
234 6946 12 2317 3002.0 0.459646184234
235 1133 194 224 253.0 0.881535061181
237 63665 626 10678 17348.0 0.583704881247
238 33291 350 6842 11476.0 0.530076234266
239 58 14 35 32.0 0.823993249844
240 1814 10 1658 1621.0 0.874172931274
241 246038 987 39676 59185.0 0.364611184518
242 1528 348 119 149.0 0.739423547918
243 47220 540 9784 10011.0 0.657697655841
244 60466 849 15978 13633.0 0.65055461031
245 14216 193 6993 6388.0 0.893860019241
246 22963 480 4887 6519.0 0.713519533897
247 62230 1026 10454 11938.0 0.625005607295
248 43639 344 10582 13373.0 0.721409528531
249 128738 573 35798 41043.0 0.563371852584
250 7260 533 826 1369.0 0.819306795296
251 5374 88 789 1499.0 0.619894056184
252 21945 800 3600 3930.0 0.73041493496
253 913 117 205 273.0 0.890054324613
254 521 138 82 84.0 0.807940575959
255 4629 181 1812 1671.0 0.904146496006
256 1404 380 245 173.0 0.849828334876
257 81767 717 13799 23149.0 0.640200006588
258 6818 73 1812 2444.0 0.632265279975
259 1080 234 233 170.0 0.848002911791
260 1129764 1046 173729 314506.0 0.1280880789
261 6061 380 1703 1774.0 0.897772600907
262 5639 21 1715 2418.0 0.559016864852
263 6148 151 1350 1519.0 0.70291326694
264 5309 24 2238 3023.0 0.662070651586
265 29 20 4 4.0 0.0384180863853
266 92494 472 11025 24725.0 0.269940883147
267 9361 37 3000 4100.0 0.680127906982
268 1311 205 275 293.0 0.875083098721
269 5253 294 1510 1469.0 0.853362754616
270 81959 471 8185 18344.0 0.517901954746
271 1467 19 724 696.0 0.795822535887
272 11562 94 3316 4383.0 0.638665178551
273 2990 27 976 1112.0 0.544756766915
274 2553 48 448 803.0 0.620115611752
275 1119 222 180 171.0 0.789174472847
276 2303 19 1135 1319.0 0.775962646467
277 14986 178 4557 6234.0 0.778017004902
278 1156 336 91 88.0 0.671836142587
279 10536 33 2488 4402.0 0.266495941321
280 10923 52 6071 5967.0 0.868658292903
281 1769 181 351 512.0 0.880399388689
282 7670 23 3752 4136.0 0.527294451159
283 5230 22 2146 2712.0 0.541637836345
284 7739 162 1771 2513.0 0.682718067288
285 62 29 10 12.0 0.592113007107
286 39979 385 11020 13112.0 0.734320153461
287 3435 27 701 1224.0 0.413991015942
288 9123 55 5852 5575.0 0.910329354212
289 23757 333 4392 5454.0 0.625394761589
290 1344 305 153 170.0 0.779177573752
291 620269 864 114646 185212.0 0.323825763809
292 25317 395 4572 6076.0 0.679677475489
293 1342 298 120 170.0 0.775463372801
294 14270 145 6006 6586.0 0.850031721286
295 3036 89 1024 924.0 0.793604722288
296 3659 72 511 1044.0 0.456565266351
297 1373 165 198 338.0 0.8143606459
298 3154 104 365 621.0 0.566981748819
299 103 10 24 35.0 0.506106472658
300 4804 150 1567 1387.0 0.825433665993
301 5843 46 2091 2396.0 0.423000007775
302 1028 195 139 160.0 0.749790859982
303 5515 28 1013 1681.0 0.281624663685
304 328 12 191 187.0 0.892889721807
305 5377 24 4090 3903.0 0.944358762779
306 850 305 156 92.0 0.801326587243
307 4158 19 1463 1915.0 0.647424216447
308 86 24 15 20.0 0.675678584552
309 5320 32 1992 2663.0 0.519159998085
310 5073 31 2462 2710.0 0.751559549753
311 3554 116 648 940.0 0.645630750443
312 2996 45 712 1045.0 0.508243278316
313 1378 306 163 183.0 0.798280478494
314 1490 305 360 244.0 0.870776399986
315 7432 34 2137 2426.0 0.750554353295
316 4487 253 922 1044.0 0.850501374698
317 3606 33 1677 1810.0 0.832077949393
318 6698 51 1882 2234.0 0.700192324403
319 5581 35 2624 3163.0 0.833234532757
320 4317 26 1348 1621.0 0.515952092259
321 13094 81 5020 5239.0 0.548658504277
322 8489 31 3140 4564.0 0.601209873402
323 5328 68 1836 2244.0 0.75514157581
324 1159 302 145 116.0 0.713171250761
325 4695 88 1174 1592.0 0.661670633841
326 9407 29 4339 5562.0 0.611729013132
327 45512 482 12821 13296.0 0.830615751128
328 1202 273 110 141.0 0.735566030554
329 859184 1053 190477 249702.0 0.280863472076
330 15732 517 3322 4041.0 0.792260177533
331 9991 50 3884 4219.0 0.575028133717
332 1132 220 118 154.0 0.765229155345
333 5053 97 1218 1607.0 0.55443913965
334 1403 193 236 332.0 0.855316423479
335 7402 92 2000 2746.0 0.611092339868
336 965835 1141 206613 287919.0 0.391857189945
337 5369 310 643 956.0 0.794174881971
338 1740 214 440 406.0 0.872741830632
339 2020 76 305 522.0 0.654451159557
340 207503 783 90541 81074.0 0.867436068767
341 3258 26 938 1312.0 0.598606443192
342 3029 468 186 272.0 0.756073622285
343 6610 140 1254 1817.0 0.702067617263
344 44224 472 14751 18462.0 0.952656822761
345 4029 33 1316 1606.0 0.637831833104
346 6549 66 2190 2542.0 0.619052666608
347 5371 515 648 935.0 0.852305134104
348 5673 71 2507 2638.0 0.723640238668
349 33332 546 4027 7759.0 0.672521636274
350 1883 200 366 498.0 0.867756225689
351 89 25 39 35.0 0.841497455651
352 41226 586 8975 10619.0 0.789097475098
353 1318 343 129 130.0 0.731741114765
354 64 22 19 19.0 0.784790873966
355 1930 392 410 276.0 0.855845574316
356 36929 319 6797 11472.0 0.537900851658
357 88575 858 31746 30976.0 0.831176847297
358 1045 260 116 118.0 0.736457293052
359 1541 294 163 209.0 0.778578730858
360 47 16 17 18.0 0.758290849256
361 1435 374 249 153.0 0.778265205715
362 1181 298 115 121.0 0.718966847751
363 35 21 4 6.0 0.223318985647
364 26244 111 18651 19256.0 0.961242662781
365 504917 802 185877 185624.0 0.633432737738
366 1542 309 120 174.0 0.769638003148
367 6393 51 2392 2691.0 0.637444167112
368 72363 626 9629 16274.0 0.575319924022
369 263720 1129 47712 76580.0 0.368600773933
370 1500 171 278 360.0 0.833435050578
371 1186 319 114 114.0 0.712637912245
372 1097 295 138 117.0 0.748138530669
373 1099 97 301 289.0 0.835190532479
374 1174 276 116 114.0 0.739577483003
376 3779 34 1413 1745.0 0.69252641315
377 3011 464 482 422.0 0.810426998368
378 1348 184 330 344.0 0.896765043309
379 1307 185 294 329.0 0.909571993827
380 198979 968 27568 46284.0 0.404662543443
381 24 11 9 9.0 0.697070497553
382 1924 347 263 262.0 0.788304216862
383 1448 338 102 158.0 0.731178433988
384 1355 300 94 128.0 0.765635212731
385 6176 417 711 1045.0 0.76113910817
386 1234 183 243 290.0 0.896861441938
387 1153 352 117 95.0 0.705275377235
388 1222 318 149 130.0 0.745649809935
389 144004 1373 10060 25265.0 0.347707458755
390 40183 898 3642 8726.0 0.63976233887
391 939 233 99 107.0 0.733763673327
392 17002 452 4258 3581.0 0.802774003714
393 1596 242 304 318.0 0.861488171091
394 1272 299 117 128.0 0.743521526826
395 90029 942 33736 28938.0 0.830569892948
396 45302 732 17883 14696.0 0.868391541462
398 107819 921 4446 16367.0 0.28205183157
399 15869 21 6196 5579.0 0.50567014113
400 52 19 16 16.0 0.727098187903
