2 513 158 35 366 1.89840787798 0.848870024695
6 616 13 233 23841 1.30652486077 0.130528360401
7 8787 229 2450 12915 1.61320147547 0.977531298187
8 4415 388 800 26412 1.62151154877 0.851627702409
12 378 81 71 227 1.85786384856 0.936226919639
14 852 15 365 40266 1.30494735297 0.251762276742
17 737 222 71 401 1.93848351036 0.927235441178
21 1416 299 157 1763 1.80053629959 0.869536614502
26 1149 170 158 700 1.82553004049 0.961777277793
32 48 22 7 26 2.00407218385 0.595658134942
34 1888 303 208 3657 1.73466767144 0.900728149333
37 1736 272 230 4173 1.7113880898 0.86917782456
40 1269 302 197 1720 1.8043153242 0.786712514542
44 1847 152 746 2450 1.68682332856 0.962775808922
45 780 250 95 340 1.98204765321 0.903486291522
52 909 267 200 454 1.94877770486 0.837524281187
56 771 34 146 25374 1.39493229356 0.428021221793
58 401 75 134 149 1.90919040239 0.951526394303
60 7416 71 2973 18287 1.4788308964 0.948796455054
61 1137 282 183 888 1.86826037895 0.910343034836
71 1271 315 211 822 1.8931015621 0.873466528287
72 921 127 211 2862 1.65284811929 0.809759914508
74 1105 177 243 1211 1.77092884296 0.939133002969
77 961 223 116 934 1.8300411511 0.870667819563
80 1046 138 259 1149 1.74317623138 0.943660711265
84 2796 61 1173 39558 1.43181447018 0.867296772795
85 1045 192 154 401 1.91576637005 0.984842412083
88 1012 186 185 672 1.84336357239 0.916740702515
91 37 12 10 23 1.8679892999 0.83163336754
93 1595 23 580 16623 1.37305319811 0.827913688545
94 982 202 113 734 1.84447002649 0.945377199065
95 1056 11 714 34350 1.28109326291 0.215917063386
96 1330 294 156 1492 1.81557791712 0.844851082712
100 2089 109 513 26414 1.50248807888 0.820743026389
103 951 254 135 584 1.90643094995 0.924116102005
106 3064 209 1154 6485 1.6489789558 0.929510234568
113 1829 36 560 13688 1.4249268368 0.9032136318
115 1004 126 254 885 1.75745358298 0.955203189765
116 1046 284 170 622 1.91434910424 0.899037204959
117 2487 350 425 6295 1.70700823143 0.864240191982
123 1115 243 109 1248 1.80964907463 0.899265074654
125 2230 31 1134 18988 1.39706643971 0.901799239155
127 2032 306 320 6220 1.69332821877 0.78848001984
128 1246 267 218 1418 1.80852447923 0.867451006826
131 961 229 147 766 1.85706723993 0.888983791964
132 9049 244 1300 38433 1.55837345956 0.946239385822
135 936 289 107 571 1.92843054629 0.881281937905
136 1102 264 64 1322 1.81446690724 0.864974257382
137 1095 227 157 468 1.91992307343 0.982166583678
138 1029 296 156 670 1.9104114536 0.861901468978
140 826 242 42 792 1.86080445203 0.829129940714
142 1502 269 174 1529 1.80161483804 0.933545708224
144 985 180 173 1149 1.77863300739 0.890574163047
147 856 120 289 797 1.76171008377 0.915449388867
149 789 245 67 410 1.95047152853 0.922609309869
152 929 253 216 529 1.919263644 0.883143786962
153 164 38 53 175 1.76283409902 0.75644920227
157 943 202 106 786 1.836311065 0.908915918699
162 785 174 107 891 1.80127065937 0.826922549435
163 973 221 122 790 1.84827238846 0.915698634658
166 5525 312 1033 37006 1.58263485161 0.925054873131
167 893 221 131 477 1.91307406169 0.908515360554
170 428 76 127 349 1.78906415101 0.918880849024
173 684 162 115 402 1.88914516554 0.92265481583
174 333 59 95 332 1.75482732457 0.911509341353
184 1042 275 147 1343 1.81811792162 0.751348290846
186 1088 254 86 1826 1.77656107004 0.809997128834
188 847 235 106 630 1.88513350812 0.882057259114
189 1058 11 681 18253 1.2982826264 0.485870913343
190 560 144 37 818 1.7844258389 0.769779698483
193 845 197 107 1008 1.80464439789 0.847158272089
194 154 37 59 63 1.92499338276 0.97433407052
197 1350 160 292 2621 1.68743577931 0.902510915341
198 3155 438 335 16611 1.66168326075 0.828079534282
199 929 161 233 902 1.78920215226 0.932190983099
200 1008 229 212 724 1.86395109656 0.919979920197
202 214 12 69 832 1.43756242696 0.694871462496
203 206 19 81 1699 1.45610355367 0.0510730770244
205 919 162 153 916 1.78838527055 0.95132074557
206 524 146 52 506 1.84286914488 0.812237017447
207 1060 241 139 857 1.8508264809 0.91852361106
209 838 206 113 466 1.90566891147 0.938087690881
210 6169 72 4789 13525 1.4946589585 0.958861000864
216 1083 302 109 661 1.9151330675 0.890898422604
217 2535 238 561 4453 1.69112521971 0.961015012352
219 1114 269 118 1591 1.79754121315 0.796450558177
220 1475 275 287 1178 1.83238503015 0.948838150729
221 9452 231 4474 25720 1.57430633441 0.979836277461
223 374 73 120 258 1.82215253105 0.92463212858
234 755 161 178 532 1.85106616774 0.897364205458
241 1188 296 83 1403 1.82299296182 0.861982791706
249 5680 449 688 37238 1.61537993141 0.885057684887
252 614 100 197 399 1.81506574561 0.955107242402
253 389 114 41 217 1.92304816395 0.896859931168
254 4117 162 1812 22222 1.54849681557 0.917389231007
255 1142 316 245 487 1.96422257884 0.897028757077
258 921 198 233 739 1.84073834955 0.90543328686
260 5613 328 1703 6666 1.69563962026 0.975572019367
267 918 162 142 493 1.86184871333 0.97421959688
268 4131 252 1510 12512 1.62481809819 0.940936379287
274 814 180 90 868 1.80884437818 0.904769548513
275 795 16 327 19629 1.3322031195 0.488981063251
277 930 278 91 887 1.86645854483 0.798089328773
280 1065 136 298 800 1.77880300847 0.971631428033
284 36 17 7 16 2.09023041352 0.725457143521
289 1041 259 153 838 1.86344817348 0.897126238557
292 1000 240 120 733 1.86904112882 0.912518303777
296 800 128 151 636 1.79596595489 0.95718705885
298 80 10 22 294 1.48173179323 0.0886495181227
301 834 167 139 738 1.81678022402 0.939169909872
303 106 11 28 399 1.47375426617 0.443116226146
305 662 245 156 145 2.13365235744 0.905674092426
307 72 16 15 102 1.67325917501 0.623129199617
312 1004 250 120 678 1.88462659744 0.927403863844
313 1191 251 360 847 1.85789181006 0.891111497454
323 993 262 145 1213 1.82271961411 0.775759146331
327 926 218 110 935 1.82684845957 0.877140713569
331 872 181 70 1427 1.75749499027 0.854324188334
333 948 162 194 526 1.85342337228 0.97708509652
337 1246 174 218 1631 1.73956784222 0.94171120132
341 2445 398 186 17119 1.65036367917 0.727124238892
346 4111 444 648 16064 1.6652049079 0.862554952611
349 1163 153 223 1211 1.75168937067 0.927040224328
350 61 14 39 20 1.9500587886 0.948249934032
352 1074 281 129 811 1.87889891813 0.895416954218
353 57 19 19 27 1.95617314236 0.943119810538
354 1575 322 410 1796 1.80803526104 0.849407342395
357 828 207 116 965 1.81627464954 0.83786700361
358 1215 245 163 1760 1.77559150134 0.845114351119
360 1205 311 249 996 1.86804533688 0.830595695502
361 973 241 115 1115 1.82084403034 0.84198279915
362 12 10 3 2 3.40547049554 0.848652392446
363 26182 100 18651 20853 1.50561038545 0.991211975603
365 1214 253 83 2740 1.73844430104 0.781559896602
369 1015 142 278 1070 1.75415360483 0.95638611374
370 940 260 114 653 1.89517789372 0.880259159524
371 897 247 138 550 1.91038398106 0.915200960362
372 858 79 301 2544 1.60501413168 0.883663352893
373 939 224 116 1520 1.77869167714 0.785058989873
376 2412 379 279 6897 1.70862369701 0.85479139881
377 1010 157 330 783 1.80133570172 0.910737942847
378 779 150 148 538 1.83927693837 0.901564093334
381 1606 294 161 3364 1.73829854047 0.846226350244
382 1090 272 102 860 1.8671860926 0.925622340834
383 1044 246 76 2136 1.75761147469 0.738662312938
385 850 146 222 870 1.7796197682 0.879621345393
386 899 290 117 611 1.91967213341 0.799086652151
387 936 251 149 683 1.88433492663 0.894717189212
390 717 187 61 751 1.83077166486 0.845074832796
392 1241 202 304 1185 1.79072368769 0.919491138545
393 1035 239 117 1280 1.80479066132 0.867590759912
399 20 12 4 6 2.35386866015 0.783651820992
