2 645 185 48 512 0.2508 0.0337 0.752063770494 1.09557047142 1.87681346966 -348.040768633 0.862414367696
7 8930 245 2453 15371 0.0224 0.0085 1.00228742404 1.19963136352 1.60932604332 -657.990785406 0.973584843393
8 6045 439 1087 44670 0.0362 0.0047 1.10435700772 1.32110341821 1.60335539844 -1189.82691348 0.869047552382
12 511 96 86 417 0.1563 0.0434 0.763504325828 0.979793201074 1.80328596434 -197.414197428 0.943144376351
14 701 12 365 30033 0.2636 0.0884 0.544134864134 0.603389517466 1.29260535611 -61.5285702106 0.00493463051011
17 905 274 71 537 0.221 0.031 0.874879794289 1.16216936583 1.92897566008 -485.340338152 0.906892376448
21 1766 339 180 3212 0.0997 0.0114 0.973997472183 1.24287355061 1.75899889909 -737.571708623 0.825891168083
26 1597 191 239 1132 0.0784 0.0221 0.82096020395 1.12005530728 1.78809115372 -400.348237545 0.964949706194
32 79 25 14 68 0.4737 0.1452 0.458403780489 0.713607922786 1.82815561145 -49.8581781331 0.696258801939
34 2577 339 271 6328 0.094 0.0089 0.92129469395 1.25287560675 1.70314456318 -794.677143894 0.916196501226
37 2263 307 460 7003 0.0608 0.0091 1.14404192928 1.2353856173 1.68485822818 -738.211157043 0.859700631099
40 1574 354 197 2419 0.0996 0.0127 1.08147021936 1.24551169823 1.79032067426 -739.899725854 0.793617026098
44 2196 174 747 4361 0.0418 0.0141 1.06517543857 1.12308476459 1.65736081235 -435.063083713 0.952291774227
45 1033 307 97 516 0.1279 0.0316 0.976328171506 1.17942125692 1.95160981791 -530.184702044 0.887331753597
52 1097 311 200 915 0.0789 0.0219 1.18634342634 1.19988572298 1.87818657357 -584.10209129 0.734322647798
56 935 34 256 24423 0.1912 0.0355 0.598438077967 0.815264983278 1.39635396553 -134.342625293 0.537248810452
58 687 90 189 331 0.0809 0.0498 0.814084226632 0.963258928084 1.82272487557 -180.677147361 0.97186162414
60 7610 75 2973 26799 0.0519 0.0184 0.804354180053 0.971357563041 1.46684475939 -256.628490578 0.942662430379
61 1293 328 183 1011 0.1049 0.0204 1.1194532595 1.21186641652 1.87357966 -619.404042489 0.899299192822
63 11495 438 2754 47806 0.0185 0.0046 1.10752758108 1.32110496193 1.59951601455 -1194.24035878 0.931962186228
71 1581 352 211 1147 0.0709 0.0187 1.03319611847 1.22729459718 1.86821355556 -668.972264901 0.881188610171
72 1122 143 211 3277 0.0992 0.017 0.88506016138 1.08328322357 1.65637972531 -358.064822246 0.839698110379
74 1579 211 243 1843 0.0786 0.0173 0.914807269374 1.14700147554 1.75241055819 -463.061942663 0.955328572982
77 1130 256 116 1097 0.118 0.0207 0.924383448146 1.17100666166 1.83066671312 -508.942600747 0.876213547417
80 1675 164 384 2021 0.0603 0.0186 0.911796367224 1.10257627939 1.7126121096 -379.510301477 0.956365434597
85 1749 229 301 858 0.0647 0.0242 0.904427717774 1.14575381158 1.84356564654 -448.230488609 0.984304829712
88 1504 210 372 1489 0.0538 0.019 1.02204148388 1.14233587535 1.77244446109 -449.028270192 0.899584778337
91 59 23 10 30 0.493 0.2291 0.471752512996 0.676063051244 1.97874780605 -38.5454610915 0.849480808416
93 2276 24 1160 16456 0.1307 0.0488 0.654547615226 0.74547396449 1.37758581125 -98.9087072554 0.892481394269
94 1335 226 206 1458 0.094 0.0186 0.940285661393 1.15510364787 1.78401689288 -476.15565195 0.937772796507
96 1532 328 156 2178 0.1053 0.0137 0.961808390573 1.22972800847 1.79112612389 -684.864420352 0.811028331614
100 2373 122 513 36848 0.0995 0.0122 0.854106897692 1.06794772455 1.4975272374 -394.36315444 0.810687772171
103 1177 299 135 872 0.1241 0.0227 0.992454695799 1.1916336287 1.87855233181 -561.368647096 0.898253549531
106 3185 218 1146 7698 0.0289 0.0107 1.1021571626 1.17139876045 1.64163885296 -557.743003865 0.925510410386
113 1820 38 560 8538 0.1394 0.0351 0.6070475823 0.835323072355 1.45157004299 -133.903417378 0.925564855037
115 1562 146 356 1788 0.0629 0.0204 0.873128953266 1.07958015806 1.70895768744 -339.56026113 0.94077681647
116 1289 324 170 903 0.0918 0.0219 1.05625973482 1.20649378936 1.88543529605 -603.382259277 0.892371749093
117 2960 396 425 10317 0.0611 0.007 1.06590817869 1.2881925056 1.68374917915 -953.650124444 0.833925456521
123 1341 277 132 1600 0.1282 0.0167 0.905735405406 1.19319208206 1.80074361789 -571.47164871 0.897104185823
124 1244 11 921 12589 0.161 0.0978 0.573339754804 0.584555736676 1.30940343426 -53.7850240227 0.719373505602
125 2284 34 1134 21874 0.1019 0.0357 0.746162483289 0.815126896837 1.4005120995 -133.117604347 0.887596501698
127 2468 350 373 8179 0.0572 0.0081 1.06359615178 1.26202114204 1.68747300361 -838.465108219 0.791905077318
128 1541 306 218 2205 0.0819 0.0139 1.0551301816 1.21735690221 1.78143721137 -646.861864729 0.849804270244
131 1189 250 147 1295 0.107 0.0191 0.926370461948 1.17059122894 1.80947214743 -510.150483829 0.857642530664
132 8638 261 1300 48992 0.0445 0.0066 0.858499172717 1.21907152664 1.55233223245 -767.466697854 0.925946631325
135 1105 323 107 749 0.1564 0.0245 0.999259886367 1.20063736786 1.90851877931 -585.636272988 0.869271414553
136 1452 309 131 2707 0.1644 0.0127 0.918537051098 1.2229229336 1.76342584524 -668.472854989 0.826317299653
137 1363 260 157 714 0.0866 0.0262 0.894914654463 1.16225402305 1.88368722773 -485.184913457 0.963914850992
138 1296 332 156 1444 0.125 0.0167 1.07260575644 1.22303587812 1.83480345828 -656.737667832 0.807553023554
140 1034 281 44 1268 0.2832 0.0187 0.717309789061 1.19059101612 1.82714574571 -561.085168796 0.814290436159
142 2023 318 344 2579 0.064 0.0129 1.04826616885 1.22728849715 1.7713380015 -680.922510149 0.918622032652
144 1384 217 192 1902 0.0835 0.0169 0.899528078062 1.15265697609 1.75296184975 -475.890115088 0.885985115035
147 1171 135 289 1669 0.0613 0.0217 0.9290185032 1.06433598501 1.70519650033 -315.580287394 0.911403572477
149 1046 289 67 960 0.2227 0.0217 0.835074258392 1.18830837751 1.86240207559 -553.028464794 0.861184625326
151 31 17 5 12 0.6979 0.4006 0.373664269592 0.599013242759 2.19606959922 -22.7845881896 0.722030756465
152 1098 284 216 879 0.0769 0.0228 1.18094554196 1.18324441788 1.87058021072 -538.203782438 0.847311941505
153 232 45 53 434 0.2357 0.0558 0.700331377894 0.848018662894 1.68242254103 -108.576652637 0.714111016511
157 1329 248 171 1077 0.0956 0.021 0.897947835477 1.16493522948 1.82843633609 -494.418524371 0.934951252368
162 1121 204 211 2268 0.0909 0.0162 1.01205408711 1.14420028694 1.72920323235 -461.650696769 0.769580632425
163 1235 262 123 1170 0.1192 0.0199 0.904045002085 1.17644665052 1.82666879958 -523.437969666 0.905307163747
167 1272 248 240 758 0.0657 0.0256 1.00340463532 1.15593560026 1.8695666853 -470.54413883 0.91321935171
170 728 101 151 495 0.0986 0.0395 0.786616288128 0.991946610919 1.79017779515 -211.155631427 0.973448786555
173 839 178 124 564 0.1024 0.0322 0.898607135349 1.09160278456 1.85862314008 -342.145395004 0.928563984405
174 435 76 95 526 0.1487 0.0424 0.781043791218 0.943815462208 1.74085770826 -169.332238895 0.890944263808
184 1242 315 147 1711 0.1267 0.0156 1.06767897451 1.21745313513 1.8101692294 -642.270632867 0.752962068973
186 1354 292 102 2323 0.1653 0.0139 0.884173541498 1.20987119708 1.77075368825 -625.728730654 0.835091000824
188 1135 270 212 1089 0.0857 0.0205 1.14873285944 1.17999233004 1.8387138858 -531.565756456 0.863618288399
190 695 158 70 1072 0.2207 0.0241 0.768498841262 1.08544971804 1.76828605759 -339.649653948 0.806342721534
194 1076 235 107 1218 0.1355 0.0201 0.891459775077 1.1581386413 1.80787697531 -480.4900561 0.877253454082
195 219 48 59 162 0.1803 0.0821 0.734824970668 0.841994044095 1.81558495052 -97.2112982549 0.925578773414
198 1858 187 326 6518 0.0765 0.0122 0.93084120114 1.14067836306 1.63660588207 -481.968013902 0.88776700847
199 3627 505 335 20484 0.1005 0.0051 1.03784473788 1.34212241179 1.66203419575 -1254.2377485 0.823605061359
200 1287 189 233 2142 0.0846 0.0171 0.961791563968 1.12937938843 1.72495723325 -430.12160894 0.911958161901
201 1277 271 212 1107 0.0894 0.0203 1.06139525605 1.18107108337 1.83732833799 -534.456535336 0.918129153114
202 20163 112 13309 54271 0.0198 0.0125 1.04010780012 1.05222348371 1.47312446484 -378.71234712 0.984421943141
204 128 19 20 907 0.5874 0.0766 0.343450990011 0.692761462706 1.49528513544 -61.6625119973 -0.52802015166
206 1189 190 186 1185 0.0974 0.0217 0.917404282662 1.12001822133 1.78261110831 -401.030847886 0.955731979337
207 682 179 58 771 0.2216 0.0272 0.807506027767 1.1005475538 1.82162911981 -359.838481597 0.811621777162
208 1297 287 139 1244 0.1105 0.0188 0.94784697405 1.1938380471 1.83199576035 -569.642762575 0.888101673347
210 1016 243 113 771 0.1284 0.0254 0.935790345204 1.15296224048 1.86470545462 -463.729720955 0.90993335152
211 6395 80 4778 13196 0.0221 0.019 0.984131424573 0.981719934873 1.50643405233 -254.492699231 0.964682722478
217 1326 350 116 865 0.1161 0.0222 0.974974781047 1.21826286701 1.90149132937 -639.798113584 0.894462486421
218 2797 260 561 5622 0.0569 0.0106 1.01410780233 1.20144484641 1.68312670689 -626.68425125 0.958737815691
220 1332 303 198 1887 0.1025 0.015 1.11156913146 1.21265001915 1.79543641281 -629.251640382 0.819420130717
221 2019 308 287 2327 0.0725 0.0136 0.986978029283 1.21964379515 1.77709112447 -654.687351649 0.947705370553
222 9866 255 4464 34761 0.0168 0.0071 1.16202782991 1.21270535508 1.56752736334 -731.394633234 0.972202341007
224 526 90 120 533 0.1167 0.0397 0.826908093425 0.973315973086 1.76457028199 -194.410255879 0.9140390852
235 1116 186 224 914 0.0677 0.0247 0.951514924499 1.11084621778 1.80757014351 -380.456012579 0.930026900469
239 53 11 35 15 0.1987 0.3448 0.570004807896 0.535876348881 1.95472139688 -18.9308225804 0.903716396253
242 1430 329 119 1961 0.1629 0.0144 0.935006578854 1.22814318666 1.80185398482 -677.797852863 0.862098441202
250 7104 508 826 47787 0.0469 0.0042 1.0269441135 1.35033047473 1.6127104396 -1357.2687062 0.905376004708
253 867 113 205 704 0.0722 0.0326 0.866501349182 1.01843719202 1.76661598036 -243.43727973 0.953363076456
254 477 132 82 253 0.1514 0.0541 0.892296088635 1.01886713265 1.9235771242 -235.259967223 0.911027967678
255 4591 172 1812 34503 0.0325 0.0095 1.07826280672 1.13527292238 1.53190996145 -523.419187909 0.911272130751
256 1339 361 245 777 0.0648 0.0237 1.19275188058 1.22018814873 1.91950193539 -646.368561952 0.857930882478
259 1027 220 233 1101 0.074 0.0215 1.12101797766 1.14434515448 1.81000187735 -448.638538999 0.8558738691
261 5962 359 1700 11044 0.0258 0.0073 1.15965585406 1.27020484684 1.66895944229 -882.811529536 0.961164309349
265 26 19 4 5 0.7735 0.6731 0.531632168775 0.563287728457 2.73766657675 -15.8306287047 0.763184847543
268 1298 198 275 1067 0.0711 0.0225 0.986708530329 1.12525113737 1.79916149921 -409.290420051 0.951564101208
269 5126 282 1510 21244 0.0324 0.0073 1.13340955308 1.22928599306 1.60391405086 -763.689451494 0.946041637136
275 1074 212 180 1310 0.1108 0.02 1.01513282712 1.141653013 1.78669079368 -445.162245979 0.905555617047
276 1102 15 654 25966 0.1739 0.0724 0.616046758952 0.65017487948 1.31746456627 -71.7521012322 0.558413116706
278 1091 325 91 1138 0.221 0.0191 1.00847965343 1.21335787519 1.85854226029 -624.793089914 0.779090561856
281 1726 167 351 1486 0.0591 0.0207 0.881417754518 1.10118378596 1.74314166912 -370.965673219 0.973296846208
285 53 27 10 14 0.4708 0.3699 0.569506991432 0.673012193498 2.27162043118 -33.6685481781 0.940769607631
290 1243 290 153 1056 0.1051 0.0204 1.01071767073 1.19163503262 1.85183846054 -562.00503046 0.902329616891
293 1298 282 120 1400 0.1335 0.0178 0.885328197678 1.19349306304 1.81690899997 -570.185095757 0.88937610721
297 1348 158 198 1239 0.0883 0.0227 0.786749855831 1.08822279158 1.75363276559 -346.178231712 0.953396803297
302 987 187 139 1033 0.1381 0.0233 0.907034395728 1.1146917553 1.79494822561 -388.577102415 0.934647056205
306 826 290 156 246 0.0823 0.055 1.19140852444 1.13965654432 2.06046107123 -445.424993112 0.877998032584
308 79 22 15 61 0.4467 0.1576 0.416566138741 0.68897499785 1.81879200091 -44.378754879 0.832224956528
313 1268 289 163 1167 0.1016 0.0194 1.00727966091 1.19368354802 1.84003392369 -568.057292545 0.88593600766
314 1417 290 360 1267 0.0472 0.0186 1.19742735206 1.19608545705 1.83139052055 -576.048184315 0.884446570014
324 1088 286 145 1291 0.1294 0.0184 1.08364784541 1.19411770053 1.82749076654 -570.801816835 0.76883098811
328 1133 264 110 1304 0.1557 0.0187 0.927891602813 1.18038793906 1.81587314523 -534.46528519 0.873231581412
332 1101 215 118 1790 0.1644 0.0174 0.858773934948 1.14985047017 1.75752442071 -468.695674777 0.877802309556
334 1366 183 236 967 0.0755 0.0241 0.879723943163 1.10923725828 1.79912906411 -378.305596797 0.981224590789
338 1690 201 440 2787 0.0565 0.0151 1.05917984133 1.14448880819 1.70955439504 -467.095453235 0.931557291247
342 2756 443 186 16814 0.154 0.0058 0.943010926226 1.31486349028 1.66200668138 -1100.30977423 0.757130503163
347 5240 487 648 29571 0.051 0.0048 1.05204726904 1.33836027625 1.63609194887 -1256.24256766 0.875020841681
348 5205 68 2507 49791 0.0553 0.0189 0.892883672268 0.95339424314 1.43263497559 -248.854879287 0.931587453658
350 1846 196 366 2174 0.0582 0.0167 0.896722047824 1.13628739197 1.72809752373 -444.191102832 0.931889617995
351 88 24 39 29 0.1831 0.2319 0.69755284096 0.680481783304 2.00361901436 -39.1510477978 0.994202515251
353 1241 323 129 1169 0.1448 0.0189 1.00941919222 1.21301145955 1.85465170267 -623.85703542 0.861906953486
354 64 22 19 33 0.3435 0.2154 0.613453063312 0.677311989538 1.94478740586 -38.2823372056 0.898731429453
355 1796 365 410 2096 0.0456 0.0135 1.2352329222 1.248169546 1.80807185434 -746.142062312 0.842491692764
358 998 246 116 1061 0.1558 0.0212 0.964732994347 1.16323387261 1.82909584166 -489.99954998 0.861826034288
359 1483 279 163 2698 0.1156 0.0133 0.927787234297 1.20424217497 1.75152801005 -613.012870018 0.840647530559
360 37 14 17 10 0.2851 0.4527 0.588477915597 0.558008390527 2.19331216203 -18.8125734402 0.886577100273
361 1361 356 249 1250 0.0715 0.0178 1.23095781043 1.23170775319 1.85991412651 -683.233721205 0.811878132054
362 1154 284 115 1550 0.1723 0.0168 0.958081367496 1.19702663484 1.80721278989 -581.198029891 0.811702612538
363 30 19 4 8 0.7401 0.5164 0.364123287318 0.581124074794 2.41813825673 -20.7285095772 0.735383958561
364 25890 104 18651 21278 0.0171 0.0147 1.00377209769 1.03468985204 1.50838584423 -329.699170928 0.979579869784
366 1527 302 120 3449 0.1591 0.0116 0.85990984689 1.22275562492 1.73928547499 -674.321624401 0.809867861088
370 1477 165 278 2370 0.0835 0.0175 0.895407128492 1.10595907291 1.69955567653 -388.704180262 0.951344347913
371 1089 293 114 935 0.154 0.0219 0.994702103571 1.19037922075 1.86743733122 -557.360164754 0.864767951525
372 1040 281 138 794 0.1323 0.0242 1.0710667182 1.1786425466 1.881458433 -525.734369374 0.881043352257
373 1068 93 301 5393 0.105 0.0196 0.911075049799 1.00622759079 1.57291012685 -264.432121857 0.84268416951
374 1146 267 116 2195 0.1867 0.0147 0.976303148941 1.19266011901 1.76513241515 -576.3306267 0.766373379854
377 2875 436 482 8559 0.0572 0.0071 1.18163709921 1.3042312064 1.70727346128 -1016.31668172 0.838229242407
378 1331 180 330 1717 0.0536 0.0189 0.991219813036 1.11709147243 1.73907129377 -402.012670095 0.892750342033
379 1290 179 294 1170 0.0634 0.0223 0.948899726819 1.10932634152 1.77599409203 -381.016346052 0.925223285986
382 1879 336 263 3714 0.0908 0.0108 1.06673856449 1.24358866172 1.74526457781 -744.350161254 0.856298597235
383 1311 308 102 1068 0.1506 0.0201 0.852546894838 1.2023305517 1.85865687357 -591.991522755 0.920756375952
384 1310 290 94 3159 0.202 0.0123 0.862336605619 1.21386607359 1.74213982085 -645.091666515 0.744648432597
386 1215 175 243 1501 0.0672 0.0202 0.945929077452 1.10969023238 1.74821580034 -386.160597672 0.895133620893
387 1102 333 117 862 0.1584 0.0224 1.08184782121 1.20988596924 1.89504519679 -613.283500333 0.818383078761
388 1153 305 149 1013 0.1337 0.0207 1.10475111799 1.1992740781 1.86346190303 -582.897659641 0.871749192991
391 893 221 99 1150 0.167 0.021 0.916998112743 1.1462270176 1.80590518382 -452.998810328 0.792745671609
393 1573 234 304 2165 0.0709 0.0155 1.01126999326 1.16844296372 1.75024848888 -514.965349192 0.921796964012
394 1191 279 117 1944 0.169 0.0152 0.947147458439 1.19839055784 1.78220481327 -589.22782718 0.795314583129
400 46 16 16 22 0.3736 0.2713 0.569939017556 0.613755965405 1.96467540183 -27.2329399482 0.933157388184
