2 513 158 35 1.89840787798 0.848870024695
7 2643 288 1281 1.7487495866 0.89412620545
17 4702 174 1770 1.60772768642 0.95810757044
19 929 161 233 1.78920215226 0.932190983099
21 616 13 233 1.30652486077 0.130528360401
22 7125 176 1654 1.57614951427 0.956985112934
24 1269 302 197 1.8043153242 0.786712514542
26 4415 388 800 1.62151154877 0.851627702409
28 909 267 200 1.94877770486 0.837524281187
32 3699 102 1264 1.52852701595 0.915100479164
34 378 81 71 1.85786384856 0.936226919639
59 206 19 81 1.45610355367 0.0510730770244
62 3002 123 1077 1.6112431921 0.926745589072
69 3352 318 1555 1.73179024549 0.918124181866
77 1529 91 344 1.57024401973 0.922494499734
82 5159 355 2216 1.62796393538 0.896805659968
85 5660 389 2650 1.63094913221 0.862925176746
88 1088 254 86 1.77656107004 0.809997128834
89 1149 170 158 1.82553004049 0.961777277793
96 3154 121 962 1.51102617263 0.870613923372
98 2680 277 1256 1.7393862613 0.91726148516
102 164 38 53 1.76283409902 0.75644920227
108 8593 611 3774 1.68913643292 0.937867250835
109 48 22 7 2.00407218385 0.595658134942
119 1736 272 230 1.7113880898 0.86917782456
128 8787 229 2450 1.61320147547 0.977531298187
137 1847 152 746 1.68682332856 0.962775808922
139 780 250 95 1.98204765321 0.903486291522
177 1012 186 185 1.84336357239 0.916740702515
187 771 34 146 1.39493229356 0.428021221793
194 401 75 134 1.90919040239 0.951526394303
200 1888 303 208 1.73466767144 0.900728149333
207 2851 11 2344 1.30548226729 0.901357063675
208 2435 109 587 1.53027520512 0.92568535848
209 2943 295 1439 1.77509750828 0.947573441988
212 1137 282 183 1.86826037895 0.910343034836
218 7898 227 4653 1.65486934495 0.944854563078
228 2412 379 279 1.70862369701 0.85479139881
234 2882 278 1277 1.6770256874 0.860438064529
238 1053 55 188 1.50615795559 0.858296124878
247 1271 315 211 1.8931015621 0.873466528287
248 921 127 211 1.65284811929 0.809759914508
259 961 223 116 1.8300411511 0.870667819563
270 1046 138 259 1.74317623138 0.943660711265
283 1045 192 154 1.91576637005 0.984842412083
287 6137 127 3579 1.52024715268 0.939620291407
301 2445 398 186 1.65036367917 0.727124238892
308 37 12 10 1.8679892999 0.83163336754
309 1188 296 83 1.82299296182 0.861982791706
310 1595 23 580 1.37305319811 0.827913688545
316 4125 314 1773 1.63323237233 0.87653411746
317 982 202 113 1.84447002649 0.945377199065
318 1142 316 245 1.96422257884 0.897028757077
323 1330 294 156 1.81557791712 0.844851082712
340 2089 109 513 1.50248807888 0.820743026389
348 951 254 135 1.90643094995 0.924116102005
350 1451 47 781 1.54160359031 0.950147275019
368 6781 199 2494 1.62913591154 0.966325971424
384 4540 354 1366 1.62282875077 0.879460176261
388 1829 36 560 1.4249268368 0.9032136318
391 1004 126 254 1.75745358298 0.955203189765
393 1046 284 170 1.91434910424 0.899037204959
394 2487 350 425 1.70700823143 0.864240191982
404 1115 243 109 1.80964907463 0.899265074654
407 2230 31 1134 1.39706643971 0.901799239155
411 1246 267 218 1.80852447923 0.867451006826
414 4276 376 1851 1.71663561743 0.939342893179
419 961 229 147 1.85706723993 0.888983791964
421 7416 71 2973 1.4788308964 0.948796455054
423 4111 444 648 1.6652049079 0.862554952611
424 4860 477 2217 1.77686274089 0.953131489583
426 936 289 107 1.92843054629 0.881281937905
430 1102 264 64 1.81446690724 0.864974257382
432 1095 227 157 1.91992307343 0.982166583678
436 1029 296 156 1.9104114536 0.861901468978
439 826 242 42 1.86080445203 0.829129940714
442 1502 269 174 1.80161483804 0.933545708224
444 4599 109 2465 1.53063446936 0.945757713282
446 985 180 173 1.77863300739 0.890574163047
447 57 19 19 1.95617314236 0.943119810538
451 7040 477 3658 1.69232655104 0.899261515806
457 4254 147 1258 1.52376174466 0.921267136829
458 789 245 67 1.95047152853 0.922609309869
463 2925 307 1447 1.78064379726 0.93925302634
464 929 253 216 1.919263644 0.883143786962
471 943 202 106 1.836311065 0.908915918699
472 1105 177 243 1.77092884296 0.939133002969
473 5007 115 2939 1.52675452557 0.933754026938
475 6052 132 2333 1.62069292268 0.986432419736
484 1060 241 139 1.8508264809 0.91852361106
485 973 221 122 1.84827238846 0.915698634658
491 1083 302 109 1.9151330675 0.890898422604
496 893 221 131 1.91307406169 0.908515360554
503 428 76 127 1.78906415101 0.918880849024
504 755 161 178 1.85106616774 0.897364205458
510 6136 459 2711 1.65666627324 0.898782215548
513 333 59 95 1.75482732457 0.911509341353
522 6075 425 3210 1.72206333974 0.932441423237
531 2786 260 1287 1.6838089051 0.878828721152
533 1042 275 147 1.81811792162 0.751348290846
534 4453 396 2227 1.7451363441 0.904182919042
536 5599 356 2452 1.60989039776 0.882038351367
539 1041 259 153 1.86344817348 0.897126238557
543 6159 448 3100 1.71413665908 0.928949572667
544 5866 365 2983 1.65139702725 0.908310050988
555 6154 235 2790 1.62599845126 0.91015751272
557 847 235 106 1.88513350812 0.882057259114
560 1058 11 681 1.2982826264 0.485870913343
561 560 144 37 1.7844258389 0.769779698483
573 845 197 107 1.80464439789 0.847158272089
581 1350 160 292 1.68743577931 0.902510915341
582 3155 438 335 1.66168326075 0.828079534282
584 5032 344 2074 1.61589999501 0.89002054783
590 3938 122 1653 1.51658041357 0.919418772973
591 1008 229 212 1.86395109656 0.919979920197
596 214 12 69 1.43756242696 0.694871462496
598 737 222 71 1.93848351036 0.927235441178
600 941 38 654 1.68075431495 0.95576026045
603 4136 170 1263 1.5422527777 0.896550568997
606 919 162 153 1.78838527055 0.95132074557
609 524 146 52 1.84286914488 0.812237017447
619 838 206 113 1.90566891147 0.938087690881
621 6169 72 4789 1.4946589585 0.958861000864
630 6216 409 2724 1.64318040942 0.909227392324
635 5907 163 2530 1.61181736021 0.975828995054
639 6040 116 2363 1.54654662049 0.933156817989
649 2535 238 561 1.69112521971 0.961015012352
654 1114 269 118 1.79754121315 0.796450558177
656 5462 197 2828 1.58349743957 0.861082048704
659 1475 275 287 1.83238503015 0.948838150729
665 9452 231 4474 1.57430633441 0.979836277461
670 374 73 120 1.82215253105 0.92463212858
679 3245 183 1347 1.61417557102 0.91901337708
682 6959 392 3349 1.61616303254 0.899157326462
689 3573 209 2250 1.60645053188 0.722601956209
690 1015 142 278 1.75415360483 0.95638611374
701 5910 467 2426 1.71898246154 0.956071054984
704 7105 424 3292 1.63793778493 0.914563046808
705 2866 250 886 1.5774787296 0.731096229603
709 5043 159 2578 1.6733483878 0.99144812815
726 6750 259 2737 1.61344992062 0.964976730831
734 684 162 115 1.88914516554 0.92265481583
754 7253 298 2600 1.63887981075 0.953197083256
761 614 100 197 1.81506574561 0.955107242402
765 4117 162 1812 1.54849681557 0.917389231007
782 921 198 233 1.84073834955 0.90543328686
787 5613 328 1703 1.69563962026 0.975572019367
789 4178 394 1549 1.68942186341 0.908433368985
796 1606 294 161 1.73829854047 0.846226350244
797 8419 176 4963 1.55824573708 0.959674368061
817 918 162 142 1.86184871333 0.97421959688
821 4131 252 1510 1.62481809819 0.940936379287
843 5213 357 2800 1.71630397524 0.943622154501
854 795 16 327 1.3322031195 0.488981063251
861 930 278 91 1.86645854483 0.798089328773
868 1065 136 298 1.77880300847 0.971631428033
881 36 17 7 2.09023041352 0.725457143521
890 1416 299 157 1.80053629959 0.869536614502
904 1000 240 120 1.86904112882 0.912518303777
918 800 128 151 1.79596595489 0.95718705885
920 80 10 22 1.48173179323 0.0886495181227
930 834 167 139 1.81678022402 0.939169909872
932 1139 45 606 1.50713737813 0.894901028359
935 106 11 28 1.47375426617 0.443116226146
939 662 245 156 2.13365235744 0.905674092426
941 72 16 15 1.67325917501 0.623129199617
943 5467 179 3406 1.60865624808 0.964746282402
945 785 174 107 1.80127065937 0.826922549435
953 1191 251 360 1.85789181006 0.891111497454
976 993 262 145 1.82271961411 0.775759146331
981 3064 209 1154 1.6489789558 0.929510234568
984 3412 358 1776 1.79726336807 0.936153473384
987 1241 202 304 1.79072368769 0.919491138545
988 926 218 110 1.82684845957 0.877140713569
991 7138 163 4163 1.54909934463 0.950766444098
995 4540 141 2208 1.52837376851 0.919018296217
998 872 181 70 1.75749499027 0.854324188334
1000 948 162 194 1.85342337228 0.97708509652
1002 4480 135 2660 1.55954636096 0.926476219225
1005 7592 356 1923 1.61048932076 0.934210636874
1008 5944 223 2244 1.58245846349 0.96007497226
1013 3128 118 934 1.50206004194 0.862379556426
1015 1246 174 218 1.73956784222 0.94171120132
1044 1163 153 223 1.75168937067 0.927040224328
1049 61 14 39 1.9500587886 0.948249934032
1052 5379 412 2408 1.68456057564 0.92806929349
1054 1074 281 129 1.87889891813 0.895416954218
1055 2032 306 320 1.69332821877 0.78848001984
1058 1575 322 410 1.80803526104 0.849407342395
1060 5304 406 2304 1.70748583709 0.952789180288
1062 828 207 116 1.81627464954 0.83786700361
1063 1215 245 163 1.77559150134 0.845114351119
1066 1205 311 249 1.86804533688 0.830595695502
1069 973 241 115 1.82084403034 0.84198279915
1070 12 10 3 3.40547049554 0.848652392446
1072 1286 78 521 1.57437192256 0.916273331698
1076 1214 253 83 1.73844430104 0.781559896602
1091 940 260 114 1.89517789372 0.880259159524
1094 9993 123 7605 1.5605756367 0.953754556019
1096 897 247 138 1.91038398106 0.915200960362
1097 858 79 301 1.60501413168 0.883663352893
1100 2496 44 1210 1.4553204583 0.928376836425
1102 1646 60 336 1.47532205988 0.885695241136
1106 939 224 116 1.77869167714 0.785058989873
1107 154 37 59 1.92499338276 0.97433407052
1116 856 120 289 1.76171008377 0.915449388867
1122 1010 157 330 1.80133570172 0.910737942847
1123 779 150 148 1.83927693837 0.901564093334
1124 814 180 90 1.80884437818 0.904769548513
1125 26182 100 18651 1.50561038545 0.991211975603
1130 1090 272 102 1.8671860926 0.925622340834
1134 1044 246 76 1.75761147469 0.738662312938
1137 5945 513 2158 1.65248196029 0.879968978147
1138 850 146 222 1.7796197682 0.879621345393
1139 899 290 117 1.91967213341 0.799086652151
1143 1004 250 120 1.88462659744 0.927403863844
1146 717 187 61 1.83077166486 0.845074832796
1152 1035 239 117 1.80479066132 0.867590759912
1165 2279 286 540 1.7203038304 0.93068663948
1167 389 114 41 1.92304816395 0.896859931168
1168 936 251 149 1.88433492663 0.894717189212
1172 8505 483 4135 1.63548245824 0.898125474976
1173 20 12 4 2.35386866015 0.783651820992
