0 20141 130 6760 8919.0 0.0437 0.0336 0.899464248803 1.0119195418 0.628441906098
2 513 158 35 56.0 0.2773 0.3134 0.73022429528 0.862198718269 0.676894607341
3 3839 10 1479 1928.0 0.3513 0.332 0.367712449396 0.504970335992 0.473354745182
4 27046 152 10969 11960.0 0.0327 0.0288 1.02160700217 1.04350231137 0.740361416291
5 86371 1055 13575 16739.0 0.0247 0.0176 1.30004289079 1.34793425299 0.517652241829
6 616 13 233 270.0 0.3532 0.3241 0.455074028098 0.545285049357 0.608104431384
7 8787 229 2450 3765.0 0.0233 0.0206 0.988708597617 1.12346424627 0.906715159202
8 4415 388 800 928.0 0.0406 0.0438 1.08529064177 1.14524207477 0.862656443505
9 235882 1618 51052 49481.0 0.0104 0.01 1.48896362934 1.44945361454 0.513445245924
10 27283 846 2476 4258.0 0.048 0.0319 1.10903622931 1.27273248626 0.600739892979
11 18000 401 2134 3827.0 0.0587 0.0389 0.944582342681 1.15363485831 0.641209472579
12 378 81 71 88.0 0.1675 0.1782 0.737316193743 0.833888350289 0.812482232741
13 81207 513 22114 26672.0 0.0177 0.0144 1.19617574555 1.25903799368 0.631183845576
14 852 15 365 407.0 0.2686 0.2463 0.532701179592 0.585211904285 0.726052225692
15 165909 985 42379 53706.0 0.01 0.0077 1.31308921768 1.39443976137 0.583036005307
17 737 222 71 76.0 0.2211 0.2527 0.88745914162 0.924255323194 0.693911927685
18 26304 828 7561 6870.0 0.0112 0.0136 1.35403883252 1.33243568245 0.887749516053
19 52258 221 18503 19144.0 0.0304 0.0274 1.10803715268 1.09759083287 0.489678529143
20 27728 171 6016 11049.0 0.0463 0.0306 0.826477129428 1.05516111593 0.212177637045
21 1416 299 157 190.0 0.1114 0.1274 0.963206680352 1.02758478782 0.79440639977
22 108148 532 28966 34392.0 0.0179 0.0147 1.20787755885 1.26280865959 0.55046847616
23 14946 284 2961 4652.0 0.0354 0.0286 1.0024875046 1.12952203676 0.718982444195
24 900 21 195 296.0 0.348 0.3155 0.429335540447 0.608100177342 0.601665612673
25 28256 246 9916 12016.0 0.0235 0.0191 1.06288400608 1.13730628764 0.755987931133
26 1149 170 158 269.0 0.0897 0.0845 0.809707904467 0.985908090063 0.828054303106
27 121930 582 36286 38278.0 0.0147 0.0137 1.27043688323 1.28009652937 0.602230565389
28 110190 572 29591 36884.0 0.0154 0.0125 1.20317832257 1.28406048129 0.646808492601
31 9028 22 3990 4402.0 0.1828 0.1637 0.627774709942 0.666573222754 0.663806124816
32 48 22 7 9.0 0.6386 0.7259 0.428282889897 0.538070023624 0.43539419407
33 84389 498 23581 28159.0 0.0177 0.0144 1.19521392436 1.25471602363 0.674572298945
34 1888 303 208 284.0 0.1042 0.1018 0.929626966952 1.04796129399 0.793657322742
35 243717 708 62147 74526.0 0.0152 0.0118 1.2679461422 1.3181587272 0.421519772163
36 52235 237 17081 18557.0 0.0317 0.027 1.10066352143 1.10825701233 0.490627679248
37 1736 272 230 270.0 0.1035 0.1057 0.967617372982 1.02957433886 0.808801197465
38 40870 213 8031 12752.0 0.0564 0.0373 0.907270551549 1.0704330187 0.322307993956
39 2063 92 193 273.0 0.3582 0.3062 0.577544759769 0.780203631733 0.552004775558
40 1269 302 197 149.0 0.0992 0.1562 1.12766465426 1.0088710795 0.779901127238
41 30772 395 4510 6616.0 0.0594 0.0384 1.01237760456 1.1519510388 0.44262391943
42 38644 655 5177 8684.0 0.0305 0.0219 1.12201852897 1.26449231409 0.636267897603
43 53939 781 15650 15966.0 0.0122 0.0114 1.34610179214 1.33498375457 0.78774930322
44 1847 152 746 650.0 0.0357 0.0454 1.06130425228 1.0159561928 0.931943984631
45 780 250 95 88.0 0.1494 0.2001 0.996109975835 0.961546621138 0.782970844095
46 35419 249 13754 17918.0 0.0172 0.014 1.04940099071 1.15995587729 0.859666507594
47 27675 431 6237 6728.0 0.0321 0.0288 1.17191260694 1.18589079784 0.742950121923
49 174597 910 44706 56170.0 0.0108 0.0084 1.30326221083 1.37700708642 0.529131467161
50 3904 38 1854 2137.0 0.0918 0.0793 0.73404541484 0.789400910752 0.811832217105
51 79337 745 21177 25731.0 0.0124 0.0102 1.26688433131 1.33580692241 0.697854566297
52 909 267 200 124.0 0.0672 0.1407 1.17898838492 1.00445450471 0.852530789052
53 102547 796 29683 33261.0 0.0111 0.0095 1.31802233676 1.34974280172 0.670423364564
54 29536 154 11868 14305.0 0.0294 0.0243 0.98588553103 1.05675449954 0.742648737096
55 86901 882 12140 20938.0 0.0221 0.0144 1.15280442755 1.33622051427 0.570860741648
56 771 34 146 220.0 0.2913 0.2554 0.518267215622 0.687381553562 0.62272215633
57 4232 26 1186 1480.0 0.2762 0.2351 0.542480635538 0.659604243417 0.517596598538
58 401 75 134 134.0 0.0776 0.1064 0.845702085891 0.866112633094 0.891339166032
59 23279 342 5714 6665.0 0.0341 0.0274 1.11691582834 1.15785402597 0.672148477814
60 7416 71 2973 4067.0 0.0523 0.0425 0.794886301019 0.914654308949 0.756310988497
61 1137 282 183 139.0 0.104 0.1565 1.13271833482 1.00188594255 0.763226568294
62 43361 743 7948 10320.0 0.0226 0.0175 1.22221386284 1.29830440589 0.689318243369
63 11140 401 2754 3856.0 0.019 0.0173 1.09051595366 1.21392618329 0.911335915556
64 84430 729 21736 26288.0 0.0144 0.0112 1.26933448917 1.32644271635 0.611180870113
65 3281 10 1256 1526.0 0.4077 0.3719 0.358934918429 0.49587719421 0.48853134038
66 67892 448 9784 21664.0 0.0275 0.0173 0.954692994044 1.22729471601 0.480839255813
67 2396 23 615 923.0 0.2712 0.2287 0.452749403826 0.647078397616 0.509819594746
68 888135 975 248938 285188.0 0.0096 0.0079 1.3582281435 1.39135213177 0.353421988013
69 26315 197 7715 12666.0 0.0239 0.0192 0.943264378948 1.1062420691 0.761302090859
70 8379 32 1911 3394.0 0.1897 0.1537 0.499409369593 0.719849866462 0.303485138213
71 1271 315 211 182.0 0.0719 0.11 1.09189035067 1.04884533075 0.854023269574
72 921 127 211 202.0 0.1062 0.1239 0.940312249774 0.918626234827 0.847896142497
73 5377 34 1444 1919.0 0.2166 0.1775 0.568490700485 0.716229378633 0.51700358196
74 1105 177 243 239.0 0.0801 0.0934 0.99281189892 0.98423046525 0.864802491926
75 4606 23 1705 2039.0 0.2007 0.1836 0.585499886216 0.664219898262 0.604922991902
76 6470 115 2662 2181.0 0.0477 0.0609 1.02952749065 0.954113000292 0.737352898657
77 961 223 116 136.0 0.1245 0.1537 0.935684478036 0.972833960992 0.794674833094
78 2495 20 841 1022.0 0.2645 0.2376 0.530985580901 0.626350687199 0.578593082105
79 3801 70 1325 1428.0 0.0916 0.0824 0.848911953572 0.867233716202 0.701738422604
80 1046 138 259 286.0 0.0691 0.0794 0.930678262296 0.964142208305 0.898183329484
81 22911 532 2075 4868.0 0.0492 0.0296 0.946387100044 1.21331268377 0.524633807711
82 2927 23 930 1093.0 0.2693 0.2392 0.554509980235 0.643075866105 0.608387013674
83 6350 55 2500 2965.0 0.0863 0.072 0.781174257318 0.845113487364 0.661073147043
84 2796 61 1173 1217.0 0.0779 0.074 0.853075086783 0.857552358184 0.803924630011
85 1045 192 154 227.0 0.084 0.0865 0.885745490803 1.00129203837 0.843221624839
86 6220 49 2758 2934.0 0.0842 0.0792 0.798988646568 0.823263422764 0.746427444957
87 7147 41 3101 3656.0 0.0938 0.0822 0.733111419829 0.796977652956 0.663444385516
88 1012 186 185 224.0 0.0721 0.0864 0.924947379123 0.997446293106 0.887574400662
89 85268 1060 14018 20642.0 0.0188 0.012 1.23165489943 1.37591507823 0.526676987666
90 5734 67 2617 2791.0 0.0577 0.0553 0.862906454691 0.889500465834 0.81663038032
91 37 12 10 13.0 0.4773 0.5563 0.398463517313 0.493985717259 0.682667035826
92 2825 11 1122 1385.0 0.3463 0.3154 0.401064143218 0.52285845829 0.57397863068
93 1595 23 580 736.0 0.2066 0.1732 0.545117040549 0.66928907643 0.518856029371
94 982 202 113 166.0 0.1138 0.1246 0.878448521256 0.977880605184 0.813383588084
95 1056 11 714 707.0 0.1879 0.1912 0.561912105738 0.557252349653 0.899182465025
96 1330 294 156 181.0 0.0997 0.1257 0.979873251946 1.02590515843 0.812606463371
97 5206 30 3078 3121.0 0.0872 0.0854 0.750849979176 0.752034825528 0.813763232192
98 9162 68 2551 4098.0 0.0807 0.0628 0.729813308944 0.882543991139 0.578448809819
99 10209 43 6798 6630.0 0.0496 0.0518 0.837438820063 0.832555514796 0.937932618679
100 2089 109 513 609.0 0.0933 0.084 0.864424917509 0.924774422409 0.81582067165
101 141900 663 31051 54641.0 0.0125 0.0084 1.13743193946 1.33137070338 0.619247791593
102 24610 413 3582 5961.0 0.0432 0.0302 1.03163579062 1.17652876231 0.594919642469
103 951 254 135 119.0 0.1271 0.166 1.0449596784 0.98167816458 0.787127425699
105 2918 84 481 766.0 0.1634 0.1241 0.678691305807 0.858472499796 0.561171038333
106 3064 209 1154 1061.0 0.0278 0.0338 1.09842381399 1.07913879722 0.957023558846
107 5512 138 1538 1924.0 0.0481 0.0483 0.932463250139 0.995474794633 0.868275378346
109 8912 57 4905 4748.0 0.0538 0.0554 0.886205731953 0.86740870266 0.673008116506
110 1486 17 409 629.0 0.2933 0.2635 0.387155558714 0.596964866843 0.508512254891
111 3805 16 1356 1771.0 0.2742 0.24 0.467509367813 0.596081454681 0.615356303427
112 3724 121 352 749.0 0.1769 0.1335 0.645328953971 0.896927723664 0.594269400119
113 1829 36 560 799.0 0.1529 0.1231 0.604959188252 0.752433596128 0.622203195308
114 23011 393 5208 7823.0 0.0232 0.0179 1.05859017899 1.20756887348 0.764731208668
115 1004 126 254 295.0 0.0719 0.0761 0.897184462444 0.955454870199 0.903193474523
116 1046 284 170 132.0 0.0964 0.1479 1.11352824322 1.00633154204 0.806373538987
117 2487 350 425 432.0 0.0599 0.0696 1.0925850795 1.09816784664 0.838288082752
118 3229 47 1022 1274.0 0.1338 0.1118 0.697940698224 0.793514069773 0.692906324378
119 8538 500 1242 1753.0 0.0429 0.0344 1.06732688233 1.19577111963 0.793533490217
120 5859 305 409 1005.0 0.1054 0.0736 0.788050844852 1.06734472526 0.677299234937
121 17663 45 9265 9841.0 0.0709 0.0646 0.81254054263 0.825202326954 0.508834292183
122 36976 472 6121 11965.0 0.0235 0.0161 1.03466972546 1.23985633013 0.648258737956
123 1115 243 109 146.0 0.1515 0.1608 0.869325613278 0.980839367864 0.75264350335
124 2011 13 921 1082.0 0.2624 0.2333 0.484726419778 0.569449793246 0.511451178488
125 2230 31 1134 1211.0 0.1068 0.0988 0.728852593338 0.747934156485 0.770040165967
126 3147 47 570 631.0 0.3227 0.3048 0.605898945701 0.704415274374 0.315268849197
127 2032 306 320 339.0 0.0689 0.0851 1.03616304526 1.06441116459 0.826563243504
128 1246 267 218 181.0 0.0863 0.1237 1.09078469525 1.01481582148 0.810914100274
129 128084 851 26099 38732.0 0.0149 0.0101 1.20749584351 1.3556197173 0.530996396291
130 7412 85 888 1502.0 0.2352 0.1789 0.588245250062 0.825651596179 0.487481943109
131 961 229 147 141.0 0.112 0.1417 0.996162724234 0.983821211753 0.820308963126
132 9049 244 1300 2789.0 0.0491 0.0341 0.823776881406 1.09689575706 0.644152549725
133 54003 420 14432 16981.0 0.0237 0.0189 1.16754591851 1.21206800358 0.597294075862
134 38708 551 12066 10191.0 0.0162 0.0198 1.31574766163 1.24744340246 0.788297835868
135 936 289 107 88.0 0.1641 0.2296 1.06357693788 0.965601823908 0.72315463751
136 1102 264 64 116.0 0.2045 0.2065 0.782006896602 0.965791783592 0.720913227078
137 1095 227 157 203.0 0.0932 0.0967 0.910396977795 1.01444548133 0.837330048803
138 1029 296 156 115.0 0.1093 0.1734 1.13517729896 0.996416659574 0.791054878162
139 4815 99 1475 2018.0 0.0581 0.0489 0.843652811694 0.950317007944 0.841590867888
140 826 242 42 66.0 0.3197 0.3232 0.681395288245 0.905083401518 0.658254704774
142 1502 269 174 251.0 0.0945 0.0968 0.924591553077 1.03655677144 0.820216409401
143 3851 69 1066 1153.0 0.1349 0.1206 0.814705662105 0.835730498513 0.613549251239
144 985 180 173 189.0 0.0955 0.1131 0.931345556456 0.971062231199 0.849242557898
145 28141 587 3546 6831.0 0.0339 0.0215 1.04412879325 1.25084459816 0.570113403959
146 6371 51 3486 3763.0 0.0559 0.0518 0.827076213827 0.8566355908 0.920435017422
147 856 120 289 259.0 0.0575 0.0769 0.975309609444 0.948625286596 0.945160906413
148 5921 50 1964 2696.0 0.1033 0.0825 0.704681592457 0.823191858795 0.597487593559
149 789 245 67 79.0 0.2161 0.2432 0.868784000778 0.938471451177 0.712297495001
150 5391 52 2776 2881.0 0.0629 0.0605 0.838048715764 0.849408957599 0.874776711988
152 929 253 216 128.0 0.066 0.1441 1.18748811105 0.995446189309 0.810673866405
153 164 38 53 45.0 0.2012 0.2777 0.769460562945 0.702787120965 0.839824695859
154 3439 115 650 812.0 0.1357 0.1095 0.821535087305 0.908240763231 0.586040147711
155 3888 34 710 1192.0 0.2713 0.2239 0.466496986432 0.696752379301 0.449307320292
156 135245 546 26295 44818.0 0.0184 0.0133 1.11566208805 1.27313322951 0.520181719891
157 943 202 106 154.0 0.1219 0.1335 0.862698047131 0.973084681678 0.814313864227
158 302045 1278 60933 85754.0 0.0105 0.0075 1.32111283536 1.43440472494 0.411333578281
159 71635 791 17631 22153.0 0.0135 0.0104 1.26602834187 1.34283757697 0.656825226992
160 10483 33 4098 5399.0 0.1245 0.1005 0.640211958275 0.754412610274 0.50033533201
161 21082 148 7131 9994.0 0.0298 0.0263 0.952465779379 1.04621510196 0.747065879168
162 785 174 107 126.0 0.1215 0.1577 0.915040563705 0.938767050774 0.814922419617
163 973 221 122 144.0 0.1305 0.1441 0.91391063017 0.977607471493 0.798801991048
164 212739 915 23743 45655.0 0.0308 0.0168 1.08104438966 1.32998975875 0.285874358411
165 103365 550 19718 33944.0 0.0182 0.0134 1.10902389806 1.27358870665 0.573843671919
166 5525 312 1033 1343.0 0.0496 0.041 1.02066099041 1.11810569818 0.812808777902
167 893 221 131 147.0 0.0911 0.1221 0.96989110534 0.992170812286 0.855914147644
168 103906 509 39924 41333.0 0.0106 0.0104 1.26486890635 1.27994839728 0.77129296766
169 758 24 157 222.0 0.3722 0.3319 0.401622952229 0.619992343566 0.554564706289
170 428 76 127 125.0 0.1029 0.1296 0.849925096072 0.851765672874 0.911066023301
171 131712 760 32390 38586.0 0.0149 0.0119 1.2761260958 1.32802711883 0.593392837411
172 557 17 138 188.0 0.4 0.37 0.369879795053 0.567480627431 0.724286290359
173 684 162 115 125.0 0.1144 0.1388 0.901719997936 0.941647383503 0.845996926474
174 333 59 95 95.0 0.151 0.1721 0.800791502975 0.796781113324 0.87125697453
175 110364 528 27033 34782.0 0.0196 0.015 1.17484944248 1.26015672704 0.578556311644
176 5787 24 1639 1998.0 0.2971 0.2578 0.520522958637 0.641934413847 0.270421680567
177 803770 723 130493 168303.0 0.0313 0.022 1.21158859866 1.27669947455 0.122384438707
178 2996 21 790 1095.0 0.3107 0.2689 0.442825629672 0.621853041577 0.53203370094
179 273156 961 107079 92852.0 0.0059 0.0072 1.43065482303 1.39490073457 0.793472509124
180 5160 469 512 766.0 0.073 0.0637 1.03713520447 1.13885711031 0.771456138421
181 4008 18 1065 1605.0 0.3013 0.2701 0.433527319516 0.602072634094 0.516557438346
182 3914 43 1027 1625.0 0.1364 0.1117 0.624173342611 0.781896804463 0.617447883808
183 21856 319 4219 5720.0 0.0466 0.0341 1.02747306747 1.1321705062 0.598224991756
184 1042 275 147 106.0 0.1319 0.2139 1.11693391591 0.969659921076 0.708650901784
185 200522 633 51498 65227.0 0.015 0.0118 1.22577505527 1.30192041436 0.45909362348
186 1088 254 86 111.0 0.209 0.2189 0.858416445721 0.950727031736 0.736300955515
187 4049 27 808 1203.0 0.3394 0.2879 0.442680668779 0.646300691018 0.44278892428
188 847 235 106 97.0 0.1578 0.2047 1.00023860309 0.950782556883 0.754356793313
189 1058 11 681 729.0 0.1909 0.1819 0.522246264769 0.560026767559 0.917783676275
190 560 144 37 62.0 0.3085 0.3141 0.673092342046 0.846656293548 0.721615865921
192 119064 913 26443 37937.0 0.0121 0.0086 1.25127873332 1.37658054797 0.583938870879
193 845 197 107 114.0 0.1591 0.1867 0.911959112441 0.941906366968 0.759967806066
194 154 37 59 53.0 0.1518 0.2046 0.762646284782 0.725816228001 0.873564502709
195 2820 17 1213 1563.0 0.1748 0.171 0.525581224625 0.628469828935 0.62111852403
196 1954 22 462 687.0 0.3114 0.2737 0.435072924302 0.626534846113 0.609543907283
197 1350 160 292 337.0 0.0751 0.0794 0.920871377681 0.983505697085 0.86827069965
198 3155 438 335 383.0 0.1041 0.0969 1.04463671279 1.09500673015 0.798010893306
199 929 161 233 206.0 0.0749 0.0988 1.01518546966 0.967519463324 0.875632103674
200 1008 229 212 166.0 0.0776 0.1169 1.10075261484 1.00045854204 0.853077934803
201 19143 97 13309 12540.0 0.0207 0.0227 1.01403229121 0.996796324544 0.959882647446
202 214 12 69 98.0 0.3462 0.3366 0.361503128175 0.534652219949 0.666949245893
203 206 19 81 75.0 0.2774 0.3162 0.638742811759 0.601839153812 0.777278211384
204 1085887 1326 338481 441921.0 0.0046 0.0038 1.39258002159 1.48357160895 0.594853707538
205 919 162 153 176.0 0.1195 0.1258 0.899621874072 0.949425961704 0.806125580235
206 524 146 52 65.0 0.2355 0.2758 0.796157644891 0.863985129525 0.721709646422
207 1060 241 139 154.0 0.121 0.1366 0.947425992153 0.99191171749 0.807515330086
208 3421 23 1104 1316.0 0.2613 0.2288 0.547215509261 0.647021813403 0.536712380207
209 838 206 113 133.0 0.1122 0.138 0.938815469992 0.97227030435 0.827881342684
210 6169 72 4789 4280.0 0.0228 0.0277 0.964004897133 0.942682441773 0.928284017218
212 350651 715 91313 108320.0 0.0147 0.0115 1.27678306035 1.32142683841 0.438312216535
213 12274 201 4426 5625.0 0.0212 0.0207 1.02584514671 1.10464051193 0.892372885196
214 35836 360 9473 11137.0 0.0277 0.0225 1.13125115939 1.1785498906 0.614626940936
215 14094 294 3535 4038.0 0.0386 0.0319 1.09516048475 1.12646717366 0.69558302057
216 1083 302 109 123.0 0.1279 0.1657 0.974731444828 1.00446149901 0.781564397267
217 2535 238 561 638.0 0.0533 0.0524 1.01481573188 1.06627787595 0.857186439378
218 1532 10 670 810.0 0.3246 0.3077 0.402986371277 0.510806962127 0.716651892365
219 1114 269 118 123.0 0.1511 0.1926 0.980452661948 0.978364069928 0.733055409259
220 1475 275 287 265.0 0.0668 0.0839 1.08216733603 1.05123795037 0.856524704147
221 9452 231 4474 4232.0 0.017 0.0189 1.14357018512 1.13044738478 0.943916401349
222 1335 11 775 842.0 0.226 0.2115 0.509100155931 0.551214236123 0.826330691348
223 374 73 120 108.0 0.1055 0.1378 0.878390933265 0.842326793338 0.912830593395
224 581 10 302 295.0 0.3182 0.3298 0.512739761291 0.506419201141 0.844063316766
225 53888 617 11950 13976.0 0.0185 0.0181 1.22840940481 1.26944995229 0.763789195913
226 10829 151 4809 4914.0 0.0287 0.0279 1.04172787291 1.04518721649 0.874660865454
227 39193 443 9339 11816.0 0.0251 0.0194 1.13454585767 1.21813739564 0.649893214564
228 27174 118 22031 19517.0 0.0128 0.0158 1.06614944287 1.04596637166 0.825653426913
229 41454 537 12162 12041.0 0.0171 0.0171 1.26413636006 1.25391702597 0.801062387581
230 114682 655 22391 31579.0 0.0217 0.0153 1.17020672271 1.28928182159 0.615653400413
231 38296 468 6904 8848.0 0.0399 0.0289 1.11893203932 1.19684567941 0.544650644649
232 16758 600 4428 4359.0 0.0174 0.0189 1.2706578358 1.26383312104 0.850403714998
233 5993 11 2317 2895.0 0.3581 0.3219 0.3645456382 0.52124230749 0.463146876902
234 755 161 178 155.0 0.0747 0.1135 0.995906391269 0.95802166082 0.876285496253
236 62387 555 10678 17422.0 0.0267 0.0176 1.09595747716 1.25609702985 0.552497647278
237 32212 308 6783 11465.0 0.0319 0.0208 0.953915556447 1.16251997231 0.478969136392
240 215474 872 39676 53837.0 0.0198 0.0136 1.24030527046 1.33815938495 0.380327248604
241 1188 296 83 114.0 0.1984 0.2134 0.875853710181 0.974928161878 0.708975359134
242 41085 475 9784 9569.0 0.0291 0.028 1.23208160254 1.2010019333 0.704782798752
243 54143 755 15978 13280.0 0.0137 0.0164 1.3936794097 1.30535601051 0.681950551642
244 13330 165 6993 6423.0 0.0203 0.023 1.09560495728 1.07018137629 0.893444804817
245 19768 419 4887 6015.0 0.0257 0.0203 1.13354894676 1.20760224325 0.745416134511
246 55219 908 10454 11493.0 0.0215 0.0181 1.3137019877 1.32458742582 0.652269774456
247 40855 300 10582 13319.0 0.0298 0.0248 1.05968094891 1.14652485205 0.729837089244
248 110820 505 35798 38097.0 0.0148 0.0135 1.24687146019 1.26115850558 0.617430651367
249 5680 449 688 1110.0 0.049 0.0422 1.02065319913 1.16656302813 0.845308191823
250 4978 79 789 1489.0 0.1387 0.106 0.652435939198 0.863121619461 0.63673226616
251 19835 700 3600 3835.0 0.0298 0.0269 1.2558505217 1.25976021475 0.746728612714
252 614 100 197 184.0 0.0723 0.0947 0.923196089557 0.910197390791 0.908978255939
253 389 114 41 59.0 0.2189 0.2554 0.73374319192 0.84143844132 0.765345162836
254 4117 162 1812 1613.0 0.0285 0.0344 1.07962777959 1.04204850954 0.915647236982
255 1142 316 245 163.0 0.0567 0.1114 1.18934865381 1.0469975806 0.863891409896
256 77482 633 13799 23119.0 0.0204 0.0138 1.1243992558 1.29169549126 0.639065797291
257 5975 66 1812 2218.0 0.101 0.0885 0.78496674091 0.854096741845 0.64313463073
258 921 198 233 167.0 0.0683 0.1152 1.11351193581 0.983611101595 0.858460217792
259 971014 920 173729 286986.0 0.0154 0.0096 1.18855394315 1.36940913287 0.204510366212
260 5613 328 1703 1804.0 0.0251 0.0244 1.14413140076 1.16325958455 0.904647080536
261 5260 18 1689 2326.0 0.2491 0.2319 0.505012481255 0.614015777587 0.486558120449
262 5798 139 1350 1509.0 0.09 0.0777 0.928260458388 0.959810107233 0.694295898536
263 3128 20 1119 1572.0 0.1995 0.1716 0.517418460459 0.650684807634 0.480049304009
265 84314 415 11025 23692.0 0.0396 0.0231 0.920460948225 1.19591812031 0.285424320661
266 6783 33 2748 3166.0 0.1307 0.1187 0.680954486618 0.743012175383 0.725767612484
267 918 162 142 205.0 0.0929 0.097 0.866989820915 0.970784824332 0.846443295287
268 4131 252 1510 1324.0 0.0256 0.0319 1.15188873748 1.10834047587 0.908799028548
269 77504 419 8185 18115.0 0.05 0.0313 0.919968533857 1.17502935908 0.537833897314
270 1309 18 724 716.0 0.164 0.1665 0.647273575405 0.638931962199 0.847817646473
271 10545 85 3316 4378.0 0.0692 0.0571 0.826181630243 0.918452962859 0.701662505889
272 1949 24 488 636.0 0.3265 0.2816 0.468752521978 0.634175376235 0.465195161726
273 1840 43 448 570.0 0.2155 0.1791 0.632156524599 0.745006234415 0.629280192098
274 814 180 90 117.0 0.1698 0.1831 0.851003953034 0.931327163603 0.753581938187
275 795 16 327 366.0 0.2693 0.2472 0.529750463888 0.594206844716 0.661387086222
276 13604 150 4557 6094.0 0.0296 0.0287 0.963223737416 1.04232831675 0.81519760151
277 930 278 91 77.0 0.2139 0.2863 1.03011447226 0.939207371527 0.655510240758
278 5221 29 1997 2914.0 0.1109 0.0999 0.612852272102 0.73747340655 0.761558661961
279 10452 46 6071 5987.0 0.0593 0.0604 0.837858034753 0.832630090086 0.868892615769
280 1065 136 298 315.0 0.0611 0.0702 0.938080950625 0.970870422377 0.894112759224
281 4936 22 1876 2207.0 0.2192 0.1885 0.573377466382 0.656299474932 0.371967111471
282 3353 19 1073 1427.0 0.2747 0.2345 0.479175500845 0.620638070995 0.440949844752
283 6824 141 1771 2474.0 0.0547 0.0442 0.887977579533 1.00451337675 0.727478323955
284 36 17 7 9.0 0.5606 0.6471 0.472919153082 0.507079391896 0.571362595137
285 37311 340 10178 12673.0 0.0261 0.0205 1.09718195641 1.1773890183 0.724498780098
286 2882 24 701 1117.0 0.2569 0.2179 0.447598495736 0.656523346218 0.463778638027
287 5378 48 2926 3084.0 0.0621 0.058 0.828035404666 0.841219715498 0.847739318023
288 21511 287 4392 5307.0 0.0532 0.0417 1.04312922869 1.10268887696 0.638161691564
289 1041 259 153 134.0 0.1142 0.1557 1.04882615563 0.989748126222 0.783992398619
290 514486 755 114646 160572.0 0.0147 0.0107 1.21946837463 1.33409777289 0.37815818142
291 22176 353 4572 5868.0 0.04 0.0304 1.0671036664 1.15465153318 0.722553996483
292 1000 240 120 140.0 0.1306 0.1452 0.920412706496 0.985606982381 0.806668742673
293 10844 134 3884 4812.0 0.0369 0.0327 0.939501084375 1.01829604757 0.8395608411
294 2794 80 1024 941.0 0.0787 0.0877 0.917456546174 0.880687877889 0.818562203682
295 3353 64 511 976.0 0.1806 0.1356 0.579399158233 0.816956605079 0.43079840813
296 800 128 151 192.0 0.1026 0.1075 0.843195099578 0.931207875959 0.846246172235
297 3022 97 365 621.0 0.2078 0.1584 0.636405768608 0.854132887871 0.562069850193
298 80 10 22 27.0 0.5861 0.6016 0.210565311933 0.451358330642 0.57702414191
299 4448 135 1567 1384.0 0.0512 0.06 1.02622418971 0.976638480865 0.853644694099
300 5366 40 2091 2369.0 0.1261 0.1081 0.732258931734 0.774885887686 0.479632454405
301 834 167 139 150.0 0.1209 0.1365 0.92476511457 0.946712802371 0.814615355095
302 4500 26 1013 1511.0 0.2964 0.2498 0.464128047459 0.654373008388 0.371238836744
303 106 11 28 39.0 0.4949 0.5007 0.277474099972 0.488385235537 0.638086968824
304 3268 22 2045 2072.0 0.1063 0.1055 0.690103571167 0.695549173381 0.888574240924
305 662 245 156 84.0 0.0673 0.1755 1.18983801719 0.977288257932 0.790080839641
306 3967 19 1463 1927.0 0.2175 0.1901 0.506344616613 0.636416665472 0.608632217598
307 72 16 15 20.0 0.5176 0.545 0.33338308392 0.513322249911 0.656736151702
308 4230 27 1073 1871.0 0.1862 0.1576 0.478819108146 0.696378176589 0.276242039452
309 4934 25 2462 2725.0 0.1323 0.1177 0.6689737732 0.70652900244 0.689986262061
310 3339 105 648 930.0 0.1212 0.0916 0.762713100225 0.911315726531 0.653694557141
311 2808 43 712 1017.0 0.1737 0.1397 0.624754203733 0.765151563509 0.522808254866
312 1004 250 120 134.0 0.1285 0.152 0.950619188651 0.988302231895 0.789278886462
313 1191 251 360 226.0 0.0406 0.0846 1.1927548935 1.03979279962 0.898216510978
314 6781 31 2137 2411.0 0.2179 0.1945 0.639539157828 0.697278528108 0.743900645352
315 4047 220 922 1025.0 0.0577 0.0536 1.00991727722 1.05069751362 0.865581357053
316 3456 26 1677 1827.0 0.1331 0.1219 0.67743449823 0.709548374866 0.845887103042
317 5359 45 1387 1701.0 0.1869 0.1636 0.67990365083 0.757586635372 0.655901061686
318 5442 32 2624 3195.0 0.0927 0.083 0.676183402362 0.762736916181 0.809104936139
319 3226 24 718 1130.0 0.2979 0.2534 0.446918965855 0.643657885776 0.415766923159
320 9681 73 3566 3962.0 0.0786 0.068 0.855190742764 0.886182176108 0.556761365983
321 4886 29 1570 2323.0 0.157 0.1308 0.577984002159 0.719250664796 0.548226695162
322 5301 62 1836 2242.0 0.0887 0.0759 0.774808447441 0.857382603348 0.736492697575
323 993 262 145 103.0 0.1335 0.2178 1.120623163 0.96280842845 0.705538337888
324 4220 80 1174 1433.0 0.0997 0.0856 0.814752465057 0.88169620388 0.636459230307
325 9395 26 4339 5546.0 0.1168 0.1008 0.618786944995 0.721723356907 0.589736216296
326 42075 424 12821 13345.0 0.0165 0.0185 1.18401699506 1.21508866419 0.843142445943
327 926 218 110 125.0 0.1403 0.1689 0.936133866327 0.961352364584 0.779836816165
328 745803 928 190477 229172.0 0.0116 0.0089 1.32518347283 1.37579235787 0.329863128569
329 14720 447 3322 4073.0 0.0285 0.0226 1.13856155444 1.20957433741 0.797042192184
330 7176 45 1942 2744.0 0.1373 0.1217 0.687534314554 0.78102074995 0.502789969537
331 872 181 70 111.0 0.2165 0.2097 0.752365475588 0.913212063095 0.753587626934
332 4285 87 1218 1496.0 0.0929 0.0754 0.8298801419 0.901958263164 0.603912244023
333 948 162 194 226.0 0.0783 0.0869 0.912686204336 0.978184677036 0.874066641879
334 6355 87 2000 2566.0 0.074 0.0588 0.826274118805 0.919826720246 0.679455013678
335 867615 1001 206613 278656.0 0.0099 0.0077 1.29444120449 1.39693567082 0.449837486537
336 4982 279 643 939.0 0.0853 0.0692 0.930479846132 1.0613028866 0.795365827584
337 1246 174 218 274.0 0.0914 0.0918 0.907855234827 0.983169446195 0.839274249764
338 1885 68 305 509.0 0.1738 0.1465 0.66330711972 0.819571220364 0.627390663288
339 196919 695 90541 82255.0 0.0057 0.007 1.35479753148 1.35067962588 0.880401591976
340 2109 22 469 744.0 0.3029 0.2719 0.415928088581 0.626975658718 0.514434527854
341 2445 398 186 218.0 0.1813 0.1675 0.963473865604 1.02676371794 0.740037342297
342 6088 120 1254 1821.0 0.0894 0.0711 0.816538930232 0.947758396165 0.695927498341
343 37489 407 14751 16266.0 0.0118 0.0112 1.19113238727 1.24357736391 0.95780819363
344 2599 29 658 872.0 0.2659 0.2276 0.534361900935 0.676388327052 0.567767313892
345 6401 59 2190 2529.0 0.1052 0.0888 0.788874172981 0.839185810429 0.611899007122
346 4111 444 648 777.0 0.0444 0.047 1.09585200329 1.16000077608 0.847799485639
347 5124 62 2507 2588.0 0.0588 0.0562 0.874571976852 0.878123568769 0.781392528917
348 30182 488 4027 7429.0 0.0378 0.025 0.98455768511 1.21359898154 0.686884383851
349 1163 153 223 305.0 0.0671 0.0767 0.88462651489 0.979916767814 0.873806308949
350 61 14 39 34.0 0.1692 0.2513 0.63068244907 0.582261560166 0.832001711594
351 35652 519 8975 9823.0 0.0194 0.0194 1.20858939041 1.2403838175 0.819176172119
352 1074 281 129 126.0 0.1342 0.1675 1.008598384 0.993386350677 0.777776720049
353 57 19 19 19.0 0.3282 0.4109 0.591038289531 0.578872161676 0.802815259159
354 1575 322 410 246.0 0.0424 0.092 1.24276792979 1.06522857618 0.849045214084
355 34678 275 6797 11327.0 0.0414 0.027 0.921107802109 1.12874838068 0.519975452928
356 84814 746 31746 31435.0 0.0082 0.0081 1.3678276325 1.35165761902 0.833152793885
357 828 207 116 97.0 0.163 0.2226 1.02098552593 0.93092450371 0.715102550272
358 1215 245 163 178.0 0.1144 0.1323 0.955811837257 0.998459957062 0.802586680015
360 1205 311 249 150.0 0.066 0.1389 1.21539378311 1.02430267815 0.807998559428
361 973 241 115 113.0 0.162 0.1967 0.971557132801 0.961973712493 0.744918064841
362 12 10 3 3.0 0.8 0.8533 0.564271430439 0.219543382492 -0.769210461963
363 26182 100 18651 19324.0 0.0182 0.0177 0.99567729204 1.01510786462 0.972122783433
364 489002 691 185877 187581.0 0.0086 0.0081 1.35098896151 1.33959175595 0.627096880644
365 1214 253 83 136.0 0.1885 0.1888 0.816700800459 0.96522149884 0.771126913014
366 6160 48 2392 2703.0 0.1058 0.0913 0.76944356518 0.810585328395 0.636904337285
367 66325 554 9629 15985.0 0.0352 0.0227 1.05172844041 1.23773477076 0.598741156954
368 220232 1003 47712 67809.0 0.012 0.0083 1.27155521798 1.39245138085 0.431593331382
369 1015 142 278 258.0 0.0724 0.0874 0.99319878245 0.960637121513 0.870096964611
370 940 260 114 110.0 0.1378 0.1809 0.996845141528 0.978618746655 0.774711261859
371 897 247 138 108.0 0.1242 0.1816 1.08917629475 0.969742252969 0.76684323789
372 858 79 301 275.0 0.0867 0.1026 0.91415305094 0.871611232173 0.868382627889
373 939 224 116 103.0 0.1765 0.2229 1.00273662001 0.938908433699 0.7358407231
375 3236 31 1413 1718.0 0.1123 0.1021 0.666281545809 0.745312346877 0.751963695961
376 2412 379 279 330.0 0.0893 0.0952 1.03758564275 1.081649446 0.805488098847
377 1010 157 330 278.0 0.0488 0.0701 1.03887638078 0.991846928222 0.919174285418
378 779 150 148 177.0 0.0807 0.1027 0.919173806686 0.955520975554 0.892227605158
379 173664 849 27568 42176.0 0.022 0.0147 1.17694253722 1.32906792988 0.417785538451
381 1606 294 161 214.0 0.1251 0.1281 0.923160766439 1.02464431708 0.787250405447
382 1090 272 102 124.0 0.1669 0.1815 0.907026595795 0.982214152948 0.73201315313
383 1044 246 76 101.0 0.234 0.2397 0.807687673489 0.937765330743 0.748937625851
384 4655 350 711 873.0 0.0623 0.0571 1.04176331167 1.10830288847 0.820844775176
385 850 146 222 205.0 0.0703 0.0945 0.976960189252 0.959037213758 0.910914062181
386 899 290 117 78.0 0.1497 0.2582 1.1423564488 0.955567100655 0.69639994305
387 936 251 149 111.0 0.1189 0.1828 1.11145667815 0.971674849159 0.757790549202
388 134387 1210 10060 24864.0 0.0336 0.0166 1.05258863409 1.37171993489 0.339093130538
389 37416 801 3640 8639.0 0.0287 0.0172 1.0342935755 1.31055370716 0.644348905065
390 717 187 61 84.0 0.2187 0.2444 0.807107508228 0.911553239421 0.709552911249
391 14827 404 4258 3393.0 0.0262 0.0344 1.25424870488 1.16468975007 0.812125366988
392 1241 202 304 281.0 0.0593 0.0765 1.03870961098 1.01732459201 0.896679298856
393 1035 239 117 126.0 0.1593 0.1838 0.939422517016 0.966604479856 0.738599091231
394 85211 815 33736 29354.0 0.007 0.0084 1.4064710925 1.36173771713 0.844653355096
395 41753 650 17883 14799.0 0.0074 0.0101 1.36162995337 1.31755587176 0.895545571467
397 94829 823 4446 15281.0 0.0603 0.0304 0.888209063544 1.27099988722 0.30285922218
398 8885 18 3098 3102.0 0.3334 0.3285 0.584981397692 0.584576387605 0.546449414799
399 20 12 4 5.0 0.6944 0.7774 0.384770186301 0.357663009077 0.340275006952
