0 3839 10 1479 1927.76835982 0.475354240409
2 513 158 35 55.034265481 0.940991114122
3 2986675 362 754104 950611.317962 -0.411017808042
4 2857800 353 793915 890210.201831 -0.33847500767
5 3109993 506 845860 1057584.5483 -0.189173282619
6 2003269 355 297868 554613.463457 -0.396228185261
7 2643 288 1281 824.995129679 0.814994504551
8 2316547 530 380415 664095.80281 -0.518407349892
9 20141 130 6760 8918.99723381 0.660454338887
10 1999626 475 408505 692221.916185 -0.275913930129
11 1101270 259 202694 368146.219964 -0.269882915681
12 2720624 564 394001 764649.339199 -0.530700296537
13 6442 319 2862 2052.64214296 0.966801911692
14 5701 147 2255 2117.81776156 0.90592533371
15 2876693 563 674837 860283.381259 -0.395878891183
16 1644619 376 213248 399056.332837 -0.391449710304
17 4702 174 1770 2025.50744835 0.978827632919
19 929 161 233 205.600086516 0.966370704222
20 86371 1055 13575 16738.9566063 0.547393139757
21 616 13 233 269.318268408 0.636447369063
22 7125 176 1654 2757.76129228 0.838874971524
23 1655048 510 376600 558987.27654 -0.179510448099
24 1269 302 197 148.99720071 0.957873500685
25 2939735 469 586830 771453.481507 -0.427393206995
26 4415 388 800 927.38156519 0.956816546408
27 2062264 466 384109 630743.322192 -0.466560506876
28 909 267 200 123.003036332 0.914977214982
29 27283 846 2476 4257.75751535 0.652589862487
30 18000 401 2134 3826.69859542 0.683073846102
31 28334 288 12205 8766.34385141 0.810567378691
32 3699 102 1264 1682.32680487 0.959304778129
33 3523886 740 516927 781877.181247 -0.596911026761
34 378 81 71 87.6803632756 0.945058173291
35 4915 133 1353 1688.23409561 0.850158672156
36 1784119 318 245014 478624.42598 -0.430389526386
37 215474 872 39676 53836.9743931 0.395166492114
38 4137 139 1349 1626.41443991 0.965585379868
39 2407831 374 673411 722842.929456 -0.262257636743
40 296215 400 176780 140286.12718 0.715296165885
41 1533454 303 259530 463029.989325 -0.48342177635
42 3522280 422 734806 1098044.52895 -0.412051777217
43 4606 23 1705 2038.92000774 0.611900968029
44 852 15 365 406.830032268 0.736310473019
45 10145 115 1189 2971.98505261 0.36190317191
46 1324137 334 240180 406771.656019 -0.291011204435
47 3087547 398 1181981 1183394.84749 -0.227385114351
48 1676186 568 265227 492139.035162 -0.317469698503
49 165909 985 42379 53705.2212606 0.61978594867
51 120194 182 20706 34775.6821536 0.184674430046
52 6582515 1184 1521991 2082456.77182 -0.733331596236
53 5855 334 2525 1714.18246151 0.955638182326
54 173664 849 27568 42175.2680925 0.434343833091
55 2630794 538 651335 892826.126109 -0.327134647452
56 1652395 542 321726 429453.205426 -0.349666786748
57 3108748 363 340541 805242.244517 -0.668802369958
58 1528431 314 326499 449911.960371 -0.420205497126
59 206 19 81 74.395444173 0.853607723269
60 26304 828 7561 6869.94230225 0.932672445241
61 6370 129 1538 2077.28930905 0.721213974177
62 3002 123 1077 1381.00186516 0.950791242884
63 3805 16 1356 1770.85814198 0.622722336321
64 2555 16 641 994.76949104 0.36267828968
65 1388238 370 261394 484663.742817 -0.112878882614
66 1407767 707 163939 333433.456036 -0.621941924011
67 27728 171 6016 11048.7570342 0.246609370975
68 6986 320 2248 1711.22935685 0.896406858317
69 3352 318 1555 1067.94907627 0.858965197983
70 4452773 443 1099269 1395961.20835 -0.524637345237
71 2916907 479 679042 902156.464239 -0.297047474359
72 3072622 426 416854 699793.286243 -0.535980483315
73 2602121 407 457349 690448.528436 -0.367314579909
74 4237806 1092 495723 998396.140394 -0.448670230693
75 108148 532 28966 34391.2356236 0.57257934292
76 2622732 575 427111 759436.425817 -0.442901446213
77 1529 91 344 470.121815211 0.856712718194
78 3367301 437 829592 1099713.76152 -0.42730948764
79 14946 284 2961 4651.07756306 0.76886066722
80 900 21 195 295.934707809 0.620446431688
81 2376427 575 540171 706461.758223 -0.389708920661
82 5159 355 2216 1510.86262302 0.965071226189
83 2313196 594 422103 696429.484202 -0.37544990822
84 3501560 380 827271 990280.190487 -0.473760999008
85 5660 389 2650 1764.88855431 0.91893889605
86 28256 246 9916 12015.3638755 0.800412714566
87 3067465 760 508424 779879.94443 -0.448210334501
88 1088 254 86 110.145044912 0.916070167304
89 1149 170 158 268.744507572 0.946534887862
90 23279 342 5714 6664.47570426 0.712958888991
91 121930 582 36286 38277.7135935 0.622437538631
92 2180946 430 521537 821888.958118 -0.3570980209
93 6877 401 3110 2093.73618016 0.965676922362
94 2731263 493 769375 1156793.42412 -0.0972626723106
95 5403 156 2842 2331.4256322 0.977357837923
96 3154 121 962 1137.42186379 0.940574507651
97 3472994 822 381300 825546.567023 -0.589691678963
98 2680 277 1256 843.72927782 0.861081919884
99 2519980 473 348206 695429.3248 -0.677676892991
100 22368 238 11342 11311.314394 0.987250279745
101 3613878 456 904983 1192569.51175 -0.440350657835
102 164 38 53 44.9557484117 0.93557442181
103 1817841 348 385828 693019.936478 -0.420759601131
104 1925705 297 658142 663304.903356 -0.125994968721
106 9028 22 3990 4401.66073861 0.668315369591
107 2318218 434 304550 558936.296765 -0.535345409944
108 8593 611 3774 2510.71991167 0.939228615159
109 48 22 7 8.23886801809 0.916939872927
110 5246 245 1809 1567.50374963 0.961855463737
111 84389 498 23581 28158.0929593 0.699817993525
112 2515958 469 567500 751063.019131 -0.427779075741
113 35587 135 23200 23438.142057 0.974392981551
114 2051600 458 324448 471531.090132 -0.463083800772
115 243717 708 62147 74525.3305507 0.436312420641
116 52235 237 17081 18556.4520864 0.508718205234
117 982 35 267 295.730219081 0.69413927999
118 2299623 411 290811 537169.097028 -0.538632288627
119 1736 272 230 269.682782308 0.950973381677
120 2137 53 684 618.193347404 0.701610833221
121 514486 755 114646 160571.199391 0.386354498701
122 6830 142 1249 2210.2469486 0.7884613707
123 2377255 300 495722 880616.446045 -0.531785601297
124 1191789 426 205253 328532.03535 -0.210447613785
125 1991892 463 627992 680839.395144 -0.271130525186
126 1576770 464 337124 462982.551192 -0.315779024994
127 2380384 314 741435 855272.723141 -0.352407076478
128 8787 229 2450 3764.24402133 0.967140641707
129 27675 431 6237 6727.78903179 0.772660700388
130 30772 395 4510 6615.12757205 0.47001943369
131 38644 655 5177 8683.55759076 0.676773405811
132 2603480 462 684441 1166820.65117 -0.533285082836
133 734238 778 114919 187270.86621 -0.0688256299885
134 6419 170 2952 2755.0461639 0.972088140315
135 7430 365 1931 2317.93069676 0.972997756031
136 53939 781 15650 15965.529665 0.834936524218
137 1847 152 746 649.691076002 0.961865468999
138 5206 127 1083 1689.08377913 0.698527568208
139 780 250 95 87.2031494856 0.958715675278
140 1612212 284 230940 500723.373102 -0.488219410146
141 3472453 425 1100848 1175921.06691 -0.405133539837
142 2194738 523 353097 649567.921942 -0.359675449615
143 745803 928 190477 229171.121157 0.337283676626
144 2537081 400 489816 812633.44207 -0.3723672712
145 2102287 481 353355 580088.917583 -0.435017189693
146 1903485 520 292051 504416.085233 -0.417779632327
147 2423201 475 318984 686177.249323 -0.467931325162
149 2274658 936 258772 464424.684637 -0.375413758144
151 8123 302 2495 2251.33917395 0.911772723198
152 174597 910 44706 56169.2149156 0.562032954919
153 2005551 497 349646 633625.38603 -0.568797834708
154 2519 80 1017 910.039949306 0.890101857962
155 2324964 520 763157 1147442.82326 0.255207767223
156 3904 38 1854 2136.42685545 0.843019023044
157 994197 289 413257 384045.212514 -0.00576273779769
158 1562655 450 350550 491661.270107 -0.258043897393
159 2610856 389 615884 796931.300302 -0.398528046982
160 2492714 350 696346 813876.931955 -0.363978996071
161 7352 418 3376 2299.94081868 0.95838512376
162 2245806 521 470284 730270.706439 -0.439352093091
163 2694915 381 923521 909698.857039 -0.227904822446
164 2802564 529 672856 914788.859522 -0.543521741337
165 1860 58 740 634.033664719 0.859197623947
166 2237349 682 273929 665780.184916 -0.448337106661
167 2328569 356 390841 737398.504315 -0.579904056299
168 102547 796 29683 33260.5393684 0.709283918791
169 2071352 425 273632 511338.37485 -0.370420060054
170 128084 851 26099 38731.2863979 0.567168710735
171 2099890 372 485646 620583.750339 -0.385849754999
172 2357249 374 587965 714762.51512 -0.375043610062
173 4842 252 1975 1574.68480512 0.968636182339
174 3402129 553 838306 861526.773669 -0.457982220555
175 2914560 614 1070951 1506260.72343 0.277361203405
176 2814362 504 862190 1121025.54918 -0.219680510175
177 1012 186 185 223.838299649 0.944884358852
178 86901 882 12140 20937.3426071 0.602867553131
179 3228844 538 684179 939482.994765 -0.522277288175
180 74509634 1555 10620353 17957074.3078 -0.62023886217
181 2976 150 1010 958.143673757 0.940664361786
182 1667268 370 335579 399518.957676 -0.408015993223
183 235882 1618 51052 49480.4181326 0.53410808055
184 1967938 341 754168 812877.960984 -0.0936358045554
185 1878103 296 199182 434159.093289 -0.539509700946
186 2409903 542 553808 767613.157262 -0.249299837015
187 771 34 146 219.390903397 0.664365086108
188 7412 85 888 1501.88549725 0.498367234637
189 2001096 386 387383 525712.354162 -0.340388154478
190 2312743 359 457041 754852.593541 -0.470085952355
191 1359162 370 390571 652004.672656 0.0857645266075
192 4232 26 1186 1479.90676749 0.522400851482
193 2143671 353 386270 653828.209517 -0.457101287109
194 401 75 134 133.543024206 0.844793830496
195 2561936 469 490028 650533.514218 -0.395088713118
196 4561087 648 1340224 1511928.82578 -0.353660872241
197 1121503 322 254833 477793.805536 -0.401039644706
198 9463 120 2201 3019.0752588 0.557003797441
199 3896075 440 918934 1432974.32196 -0.330312975502
200 1888 303 208 283.146430418 0.938126759429
201 1865696 525 393956 548618.676033 -0.328508047753
202 3213790 413 681832 1481745.34847 -0.582402634777
203 9049 244 1300 2788.72118696 0.726897583577
204 2927864 514 616969 968402.177331 -0.321852239053
205 2246373 327 519962 834359.500702 -0.650881387727
206 2143587 492 357160 631276.223842 -0.300151476311
207 2851 11 2344 2336.1852586 0.927502919192
208 2435 109 587 726.95518376 0.784968343764
209 2943 295 1439 982.508297496 0.811395183518
210 2344365 393 486720 750913.987294 -0.518659983395
211 18639 261 9736 8466.62197698 0.950723447504
212 1137 282 183 138.161964632 0.94585288325
213 2133337 472 277945 584269.921774 -0.500656710039
214 1860207 494 931013 960770.422121 0.542885498211
215 1888435 415 228813 510354.963205 -0.538721685233
216 1253204 312 651361 691044.685449 0.457714265719
217 10050053 2011 1448271 3586384.0892 -1.00954126112
218 7898 227 4653 4339.55915191 0.431068191897
219 43361 743 7948 10319.7886545 0.731485034915
220 2637298 476 409637 705038.502757 -0.501544063208
221 2859752 526 727411 938709.050723 -0.340452195576
222 1884250 414 298377 491819.791495 -0.287120104354
223 2223439 299 274511 647252.698743 -0.394886409703
224 11140 401 2754 3855.37983195 0.978900932385
225 3034117 630 776418 1069393.83492 -0.264631775547
226 84430 729 21736 26287.2456856 0.652186986845
227 2563732 704 802389 1134298.97148 -0.00591596190657
228 2412 379 279 329.327996643 0.943689126446
229 2858715 339 332813 746662.834994 -0.771597357387
230 3109894 413 370984 819739.121312 -0.749986941607
231 3281 10 1256 1525.18783876 0.489624974047
232 94829 823 4446 15280.1561019 0.321137654844
233 18785 201 10365 9846.74262424 0.985673198844
234 2882 278 1277 841.602299204 0.922467141525
235 2058906 595 318947 595378.509606 -0.387267071257
236 2396 23 615 922.984853129 0.518406983365
237 10631 437 2272 2857.69029432 0.927588851897
238 1053 55 188 297.0130968 0.659141664411
239 10580 44 2342 3845.40989866 0.320545382484
240 888135 975 248938 285187.258557 0.360685739424
241 2405950 476 680313 1000370.58484 -0.255973245544
242 7237 152 1384 2229.87532313 0.68693043838
243 2327039 389 826888 913478.837992 -0.156882430933
244 1801420 425 488861 598427.862486 -0.232252325652
245 26315 197 7715 12665.0004457 0.815715779643
246 8379 32 1911 3393.99200517 0.309071046367
247 1271 315 211 181.056868567 0.946670009256
248 921 127 211 201.621149165 0.962965875448
249 2210574 497 183997 474497.240059 -0.627935019193
250 5377 34 1444 1918.86919003 0.524159331793
251 12526 261 4236 4363.06932247 0.933376032694
252 3813818 563 982050 1137686.08811 -0.502035581516
253 1864319 380 364308 559381.619705 -0.476879380333
254 2175845 516 535342 704918.172472 -0.252863135175
255 6470 115 2662 2180.50192516 0.77155070952
256 2666001 365 838122 902339.470091 -0.349169399491
257 1494205 569 374605 466435.76254 -0.242583695836
258 103906 509 39924 41332.7327556 0.79957318909
259 961 223 116 135.400178858 0.958437450618
260 3003966 436 515709 921392.378455 -0.374620243625
261 2495 20 841 1021.37951964 0.589645786412
262 2041929 351 159754 441333.228747 -0.594056903141
263 3801 70 1325 1427.95859726 0.736849629947
264 2266760 353 502668 765390.780361 -0.334015666372
265 2867462 506 373288 818294.462761 -0.467847141693
266 1132868 308 234548 413533.799651 -0.339203485637
267 16992 221 9631 8845.74143637 0.944610012408
268 830969 401 121478 223435.371025 -0.196588865138
269 302045 1278 60933 85753.8708675 0.435271094022
270 1046 138 259 285.27665649 0.975173064324
271 2049180 408 374275 552893.574937 -0.379630355026
272 3193092 494 901478 859923.330954 -0.465422006933
273 2368169 458 516096 796178.195744 -0.429258492819
274 2280501 551 350716 659879.56198 -0.494390869977
275 22911 532 2075 4867.87790838 0.576228816651
276 2927 23 930 1092.48804834 0.614885252793
277 3249446 503 1211513 1063359.7308 -0.2564254237
278 1955788 411 309757 429336.983975 -0.402110291448
279 6350 55 2500 2964.57783872 0.686528072575
280 1522917 360 387477 482510.833411 -0.222061194875
281 2478899 590 450855 717472.463221 -0.433114774667
282 2796 61 1173 1216.28157277 0.848673975898
283 1045 192 154 226.695376517 0.946902049741
284 4385246 964 263630 906638.984266 -0.770222589993
285 2105600 411 426716 654202.676917 -0.474447270839
286 1703922 525 572591 777794.978182 0.149687903708
287 6137 127 3579 3213.67498931 0.965604196091
288 34678 275 6797 11326.0773624 0.550360470316
289 2564849 346 408595 834543.771007 -0.555010620644
290 1781442 330 551774 556884.45208 -0.237780972584
291 3985888 667 884552 1719277.34758 -0.276621955654
292 6220 49 2758 2933.86347078 0.763443947763
293 2486125 387 560403 902970.430262 -0.309429090163
294 2527076 601 417128 795902.776003 -0.439007240996
295 1771555 425 917359 896019.475082 0.202140267593
296 7147 41 3101 3655.88634284 0.681661116959
297 5450 21 3304 3784.81281041 0.850003772356
298 2874158 506 735282 829670.445864 -0.385830067868
299 1615877 368 307072 399825.249215 -0.399132423689
300 2260016 414 734061 888478.945611 -0.237428452095
301 2445 398 186 217.793844842 0.846783605921
302 5734 67 2617 2790.41379067 0.848003282867
303 3322792 478 615951 994467.672073 -0.395226354921
304 5342912 1070 427304 1345465.72485 -0.699758510317
305 1614001 683 288573 406521.307625 -0.322572906961
306 1600284 512 372740 495129.464857 -0.243601618697
307 4065417 495 1225958 1285655.34272 -0.388906451883
308 37 12 10 12.5941276833 0.91545886843
309 1188 296 83 113.993646594 0.922552301589
310 1595 23 580 735.169541695 0.543555706593
311 2769446 453 513423 754832.877947 -0.482077371625
312 2998229 387 341116 765426.650267 -0.688708464699
313 67892 448 9784 21663.4803539 0.512373831649
314 35836 360 9473 11136.8432332 0.646190890099
315 6135 137 1605 2122.50031617 0.8063711983
316 4125 314 1773 1207.39024149 0.959277721588
317 982 202 113 165.928789354 0.96109150946
318 1142 316 245 162.863739372 0.920221573885
319 1760526 399 181746 381448.978911 -0.426667857248
320 3107563 541 747892 1072479.64821 -0.349553266329
321 71635 791 17631 22152.982748 0.709554404667
322 29095 168 20296 19418.8381309 0.682665825738
323 1330 294 156 180.831717952 0.965176479923
324 2680909 438 618093 820748.646467 -0.417673093128
325 3063 271 885 651.909809002 0.954640339691
326 2517880 672 703350 1211671.89753 0.0541992622651
327 8326 137 4838 4348.52547279 0.980622443262
328 1930348 425 506495 531945.709048 -0.231908706483
329 4041828 529 673509 1104392.72318 -0.497401012495
330 5206 30 3078 3120.0694441 0.830228185284
331 9162 68 2551 4097.99903575 0.60384283476
332 13604 150 4557 6093.16098974 0.861270665953
333 2896860 515 871638 1001918.09817 -0.114787701559
334 1873896 488 325907 475540.870512 -0.417280491457
335 1852005 412 233000 442340.087373 -0.474653679677
336 10209 43 6798 6629.01511954 0.940430798848
337 7288 169 3975 3424.7033796 0.967013591862
338 2007014 583 278048 524611.287387 -0.391959110391
339 8627 141 3577 2859.56141544 0.758117111119
340 2089 109 513 608.469615768 0.884779926122
341 3094940 431 1028763 1127574.70181 -0.255573924946
342 1709820 446 190814 416380.685708 -0.452669116294
343 3353 64 511 975.183466793 0.459811567874
344 2144675 375 511785 719700.741188 -0.200442385407
345 1747036 568 292539 434817.227457 -0.329674067189
346 2548320 472 388792 750275.985958 -0.467873310806
347 24610 413 3582 5960.08821598 0.63315049202
348 951 254 135 118.832742797 0.963180339948
349 3967 19 1463 1926.97776038 0.617213131536
350 1451 47 781 826.890630425 0.956815951939
351 1719309 388 319429 486672.886713 -0.319344996701
352 2918 84 481 765.677502906 0.600803532756
353 3557541 425 816048 1129884.66604 -0.659076846409
354 2492533 559 573229 839523.672237 -0.368657652405
355 2590925 444 738805 911217.216851 -0.1811627913
356 4220 80 1174 1432.49449072 0.668414898857
357 2742348 548 559095 878492.394789 -0.315949022355
358 2641365 498 685767 829946.396516 -0.444612813389
359 2058988 329 339504 557851.498242 -0.478287217705
360 663318 452 122623 187990.445444 -0.119712224119
361 5512 138 1538 1923.2701449 0.90616195021
363 1491863 510 202357 397772.653683 -0.49895099241
364 1778469 545 1095835 994323.189472 0.755382388082
365 5288 205 2434 2110.61031663 0.966145089347
366 2546368 389 464520 722009.21111 -0.429424344593
367 1997750 315 358266 598370.594293 -0.350539652905
368 6781 199 2494 3099.93597609 0.968112994563
369 2675666 629 356453 679361.097291 -0.539513133148
370 1449891 476 236222 412836.725819 -0.414713478841
371 20573 155 11886 12101.2415396 0.982610358587
372 8912 57 4905 4747.87977238 0.701277791091
373 1817389 459 616562 625911.331343 -0.0419399052417
374 2141 31 648 959.088371547 0.63326675151
375 1486 17 409 628.079873339 0.5210396238
376 2317861 418 291738 649858.146516 -0.643554816236
377 37416 801 3640 8638.27323768 0.709804374147
378 2334548 559 651994 891588.433784 -0.176405181418
379 22984 246 12691 11799.2035896 0.96062390793
380 1336264 333 565629 751303.443925 0.251639715843
381 1673380 633 427779 620345.11861 -0.131662409607
382 2334757 450 418616 912495.915864 -0.552926828793
383 2336 14 801 983.607341128 0.382777585551
384 4540 354 1366 1136.79955704 0.972467044149
385 4055750 758 548772 1218167.43466 -0.811808475137
386 3724 121 352 748.194732714 0.631754159206
387 1976329 721 269978 477969.737719 -0.308162461716
388 1829 36 560 798.321100156 0.657791798386
389 3027149 341 577987 790729.070707 -0.465073634125
390 23011 393 5208 7822.58057523 0.832686400723
391 1004 126 254 294.77429508 0.971693596086
392 2386587 375 524053 832249.685196 -0.352876444755
393 1046 284 170 131.868889105 0.954764660337
394 2487 350 425 431.313594837 0.969568434825
395 3229 47 1022 1273.92108821 0.719349069411
396 440298 255 75222 135323.662101 -0.215440423267
397 2313800 470 353691 636626.688894 -0.609438330333
398 3112463 521 472190 829162.751353 -0.518603582757
399 8538 500 1242 1752.0610393 0.874865837984
400 2063 92 193 272.178672683 0.584041721227
401 9270 503 4219 2891.62132636 0.958892077254
402 17663 45 9265 9840.88797705 0.520192520465
403 36976 472 6121 11964.8056229 0.702446641656
404 1115 243 109 145.657725191 0.946454121656
405 2011 13 921 1081.50833488 0.522595508353
406 7289 387 3234 2250.57110232 0.964888399442
407 2230 31 1134 1210.72745698 0.806188949039
408 3147 47 570 630.816267917 0.325662053166
409 3037670 465 440241 799007.661183 -0.46621827714
410 983725 523 122668 238092.793152 -0.33071528253
411 1246 267 218 180.507107362 0.9583618948
412 1485365 392 257730 438860.682673 -0.269351244307
413 2082310 429 391229 637706.383149 -0.508420264013
414 4276 376 1851 1269.74174395 0.935667027546
415 11902 420 5421 3631.81800583 0.937834905393
416 10759 150 6492 6061.90041291 0.845160290136
417 2253223 299 568322 704146.755806 -0.405056636805
418 1708664 487 383398 473454.579927 -0.155437803319
419 961 229 147 140.749232993 0.966216387
420 2448410 504 326126 666715.910613 -0.604489181196
421 7416 71 2973 4066.28076909 0.802271164685
422 54003 420 14432 16980.6320196 0.627242364218
423 4111 444 648 776.406893476 0.970220000994
424 4860 477 2217 1455.05933326 0.844362120529
425 2242006 449 698637 790864.134915 -0.108992845561
426 936 289 107 87.7806270477 0.949266343425
427 14070 210 6836 6577.9745065 0.986652394569
428 6458 147 1469 2217.79321138 0.80034361634
429 2378235 381 358167 670126.439977 -0.513290944955
430 1102 264 64 115.557894425 0.93104380421
431 1953562 358 617460 631991.73763 -0.0489040490665
432 1095 227 157 202.487844349 0.955010287444
433 2044884 360 325900 599966.770646 -0.348970827657
434 2626 55 1154 1099.87905984 0.897423429662
435 6651 127 1462 2228.52212924 0.759721614873
436 1029 296 156 114.027368162 0.960565261427
437 4815 99 1475 2017.85356106 0.895118814261
438 2938295 407 949490 1179145.14073 -0.244842444843
439 826 242 42 65.2421711428 0.897007088593
440 2081964 530 585812 734645.912258 -0.120612327888
441 1714236 517 402774 627478.769367 -0.307946151438
442 1502 269 174 250.512555646 0.967926323398
443 2797128 453 212886 669899.403113 -0.662365658976
444 4599 109 2465 2352.60892788 0.986043048245
445 3851 69 1066 1152.28020284 0.638754538933
446 985 180 173 188.812228934 0.968085181616
447 57 19 19 18.5969596149 0.933645374596
448 28141 587 3546 6830.74711042 0.63279247051
449 1907045 379 303575 518527.732846 -0.45067213765
450 7511 396 3097 2164.63470766 0.965892054202
451 7040 477 3658 2458.52636617 0.774343319279
452 6371 51 3486 3762.68061583 0.94973611393
453 2002431 479 652665 869508.505034 -0.0708695769119
454 2289943 339 596827 786176.141132 -0.290045475349
455 5563 160 1900 2212.37990219 0.96477505434
456 8652 499 3973 2718.52473294 0.95314892737
457 4254 147 1258 1394.05909181 0.838733312416
458 789 245 67 78.1429640964 0.946651453038
459 5391 52 2776 2880.38912247 0.900062223523
461 1969809 570 235429 500068.801135 -0.576904031231
462 5400 263 2307 1675.54919466 0.953042344914
463 2925 307 1447 951.311172886 0.799462772239
464 929 253 216 127.50211482 0.936802132656
465 1984444 502 449498 547876.877583 -0.34234541277
466 3439 115 650 811.411031518 0.63269942777
467 3001944 413 1032471 1154400.47469 -0.30515195012
468 3888 34 710 1191.68966701 0.458618374657
469 1034402 423 131686 255912.744451 -0.312282924722
470 1442679 523 484381 506748.673499 -0.0428141856893
471 943 202 106 153.182637408 0.966468736786
472 1105 177 243 238.840774231 0.974940354366
473 5007 115 2939 2594.06928148 0.974903832237
474 1946228 356 282911 523002.56444 -0.342441283275
475 6052 132 2333 3162.28722465 0.961560717607
476 2967760 524 533567 1113139.42952 -0.25424253529
477 2055715 318 507833 642926.347807 -0.301830314051
478 2122789 301 445427 719385.396653 -0.348853501176
479 19397 118 6097 6639.21248678 0.678475652087
480 2189119 485 320962 674233.344105 -0.490268134236
481 10822 362 1894 3408.45374775 0.898964131589
482 10483 33 4098 5398.79588903 0.512228889575
483 21082 148 7131 9993.48423273 0.786339061185
484 1060 241 139 153.404628794 0.968354673705
485 973 221 122 143.058186421 0.964295617656
486 2512294 537 773658 1085530.80631 -0.06605599378
487 5341 138 2824 2298.42043693 0.95854657275
488 5689 133 3236 2774.04034939 0.976767620421
489 2546970 560 546486 760418.805444 -0.349596374896
490 2359873 550 282089 649051.105953 -0.5590207017
491 1083 302 109 122.845516842 0.958184393964
492 2066565 607 300427 557136.301148 -0.429215047809
493 4562 70 1164 1714.04261126 0.655629576985
494 1616017 381 417796 594427.565704 -0.43031795877
495 2459102 456 598605 847983.109979 -0.480624394602
496 893 221 131 146.405004073 0.948971986341
497 2304425 286 436192 718945.134776 -0.343071520255
498 1490853 315 631487 904448.791084 0.452992696685
499 10955 612 4854 3322.76767007 0.954584003647
500 1066347 545 133589 262236.179148 -0.22631890614
501 758 24 157 221.749207877 0.580093996662
502 4982 279 643 938.379096469 0.852405939731
503 428 76 127 124.296081362 0.955736986011
504 755 161 178 154.97320875 0.93768136539
505 2061518 393 326722 569646.791059 -0.488832840312
506 5523 202 2245 2141.66328813 0.979782639728
507 557 17 138 187.941250522 0.749714743699
508 2458345 409 374975 666308.242739 -0.598293422422
509 2890560 454 434876 804222.827928 -0.579727590336
510 6136 459 2711 1749.72814776 0.948315956372
511 2788 106 868 884.096528679 0.870306506899
512 1844002 348 348357 502253.348111 -0.370622429329
513 333 59 95 94.0351770118 0.969845155709
514 2683046 372 774788 993898.711035 -0.465430347734
515 110364 528 27033 34781.1671432 0.598742020487
516 1669492 343 357873 475945.534591 -0.291233899707
517 5787 24 1639 1997.01932903 0.274972378764
518 2378076 470 289283 689521.071541 -0.426501693546
519 803770 723 130493 168302.426697 0.124648093037
520 2347270 575 360194 771648.936558 -0.350811763326
521 1645308 356 258564 415495.675522 -0.410696580706
522 6075 425 3210 2232.51143154 0.726539385045
523 5930 133 2823 2477.69348469 0.939179209479
524 273156 961 107079 92851.7015513 0.809260019026
525 2406231 384 358552 656845.201972 -0.468290265541
526 5160 469 512 765.656456392 0.861206070025
527 4008 18 1065 1604.19963219 0.522443290239
528 3914 43 1027 1624.97893236 0.639249399849
529 1352159 366 201886 316427.360763 -0.349720152457
530 796966 411 253036 282204.747647 0.000538769400467
531 2786 260 1287 866.800785051 0.903860822551
532 21856 319 4219 5719.70955154 0.634277918873
533 1042 275 147 105.307453898 0.936383849985
534 4453 396 2227 1497.83275308 0.727679197485
535 7218 412 3487 2405.94900195 0.915874989905
536 5599 356 2452 1674.2193436 0.965181497792
537 1038522 510 124363 240122.276756 -0.400440981411
538 52258 221 18503 19143.0954526 0.507779103527
539 1041 259 153 133.833702169 0.953159040548
540 2277824 468 531391 840327.664565 -0.398630530964
541 9090 500 3563 3059.7128683 0.910816070667
542 6375 131 2062 2704.86867406 0.94495360224
543 6159 448 3100 2128.71384539 0.800859688103
544 5866 365 2983 2065.49309953 0.883966469006
545 2289599 391 275829 553177.242436 -0.471621160583
546 2387068 331 569165 796068.793386 -0.374627282964
547 4049 27 808 1202.34928038 0.449598300789
548 6645 408 3039 2058.86350455 0.953700736263
549 5270 317 2314 1574.0463264 0.961608101912
550 1877380 408 277830 490792.395682 -0.287263403974
551 5525 312 1033 1342.01337127 0.891248526315
552 1990796 364 340528 565812.255724 -0.426040311922
553 5247 150 1634 1856.45741894 0.841116000275
554 2633722 359 374764 741581.041925 -0.515738230996
555 6154 235 2790 2821.36757942 0.815830454492
556 2723767 354 450659 890622.967888 -0.441626079899
557 847 235 106 96.6513864408 0.957827487814
558 53888 617 11950 13975.4588697 0.791789913463
559 40870 213 8031 12751.8532362 0.338307590474
560 1058 11 681 728.735237272 0.925472727929
561 560 144 37 61.0794677593 0.910634436774
562 2116203 401 523495 684563.094898 -0.277719761042
563 7890 255 3273 2862.05033938 0.955903419914
564 12442 268 2849 4567.01579467 0.908707901698
565 1742165 336 330514 493639.186393 -0.495464449183
566 2316812 572 546461 687569.898643 -0.417548085633
567 2587057 546 1004387 1255880.7112 0.200351760803
568 1316933 519 204568 373287.53524 -0.379066948008
569 1275579 393 154027 340802.338886 -0.252158383284
570 7878 338 1717 2087.8906013 0.906678393832
571 119064 913 26443 37936.6400084 0.62723564869
572 2643603 420 765478 859124.642751 -0.32916878322
573 845 197 107 113.165739636 0.953714404432
574 3419284 400 740811 1059584.46348 -0.342116163537
575 2350114 440 528143 808715.568557 -0.429431346618
576 2820 17 1213 1562.2772339 0.632781471974
577 8342 95 3591 3450.52931201 0.837918253006
578 2252744 493 1056146 977418.852544 -0.044885292063
579 3336679 449 575228 1262582.97949 -0.456427942761
580 1954 22 462 686.111523212 0.61676377205
581 1350 160 292 336.486855421 0.970615511828
582 3155 438 335 382.730726789 0.90036406094
583 18001 245 8550 7903.5681306 0.956440664159
584 5032 344 2074 1418.78479298 0.965937449246
585 3288696 429 527534 878144.751037 -0.485582976232
586 6260 239 2685 2222.25551524 0.966212488008
587 5859 305 409 1004.52714929 0.744148418753
588 2560147 661 453452 750268.31597 -0.325813367175
589 1852916 445 407162 558893.098781 -0.27399616451
590 3938 122 1653 1647.27070723 0.955151102216
591 1008 229 212 165.657958334 0.963522691926
592 2750908 441 402836 790475.297996 -0.640756633826
593 2505190 400 592081 777986.154714 -0.318257816717
594 19143 97 13309 12539.3351885 0.983739662445
595 2500396 487 759303 1073667.37124 -0.139872490171
596 214 12 69 97.2972008532 0.730088455411
597 1528475 400 249171 410161.5757 -0.296167001976
598 737 222 71 75.4584103453 0.931369195772
599 6132 312 2357 1718.58290877 0.95612771681
600 941 38 654 614.336468504 0.854749010529
601 381091 317 68587 96465.2046862 -0.0527970470245
602 1898645 323 309941 535485.82325 -0.413343746786
603 4136 170 1263 1490.33595358 0.973556784251
604 2765066 581 408372 710976.401894 -0.536575044305
605 3232980 367 1350177 1219702.28837 -0.167977193019
606 919 162 153 175.332698787 0.951709721767
607 2158634 327 294820 543841.717322 -0.494509234758
608 1076557 222 905938 889269.516053 0.586577733083
609 524 146 52 64.7501456078 0.954337454642
610 6434 390 2782 1888.69238398 0.968235741667
611 7431 278 1877 1848.82828662 0.82943078782
612 1954736 455 458629 615727.830259 -0.307468302585
613 3421 23 1104 1315.30843804 0.545541047232
614 2734827 467 1187942 1073173.13726 -0.0569040018306
615 2488228 596 197228 570737.246735 -0.597649080575
616 2261399 384 276992 616048.31876 -0.348696730654
617 2407679 444 642455 682105.626577 -0.432962406117
618 5543 290 2232 1765.80920978 0.973580699298
619 838 206 113 132.8179341 0.963051591804
620 3403221 439 899486 1053730.95203 -0.324325662091
621 6169 72 4789 4279.07852696 0.756050340112
622 5766 170 1938 1862.50295375 0.866356946284
623 13020 245 3336 4102.64994398 0.775640708499
625 2644120 363 867085 854108.848913 -0.286794464811
626 350651 715 91313 108319.998932 0.448717142454
627 6346 129 3177 2756.07110789 0.946472353912
628 2072800 378 417477 775032.194604 -0.334041850885
629 2616584 498 495529 751029.447547 -0.43357419372
630 6216 409 2724 1933.4614002 0.947996142821
631 2368963 586 276589 598840.265449 -0.560251324793
632 2863718 468 380669 710362.317444 -0.609961223112
633 3219922 406 393458 866501.08069 -0.768993004127
634 2631736 326 814638 938862.554906 -0.247229608907
635 5907 163 2530 2935.69355923 0.951624169396
636 1315875 634 228390 323928.810034 -0.455068140588
637 2049079 591 613364 618929.006961 -0.305598113801
638 2759270 549 295602 656000.272367 -0.48024504155
639 6040 116 2363 3169.75597833 0.953629818292
640 12274 201 4426 5624.72824817 0.953496598762
641 8055 331 2052 2315.8687132 0.915282267492
642 14094 294 3535 4037.60174858 0.75027127131
643 1576356 362 542270 778867.838717 -0.183638422558
644 3837852 743 546068 1070317.60079 -0.576066755096
645 8433 108 1254 2782.72428593 0.492610075469
646 2305308 356 539804 704067.13625 -0.288641535673
647 2617684 437 778277 830834.465326 -0.380745348533
648 212739 915 23743 45654.3511834 0.299285202038
649 2535 238 561 637.497378345 0.961970915029
650 1532 10 670 809.154599173 0.71825785686
651 7111 414 1963 1720.05923454 0.953540004169
652 66325 554 9629 15984.1611054 0.622109734587
653 2553253 429 284257 662362.984671 -0.669405597193
654 1114 269 118 122.952807483 0.953456136616
655 38296 468 6904 8847.8266629 0.572917608566
656 5462 197 2828 2604.10957174 0.771335465746
658 2427268 410 628668 779986.202852 -0.198877296193
659 1475 275 287 264.199554844 0.967482783925
660 5580 118 2366 2146.46837787 0.853611358219
661 1085887 1326 338481 441920.796955 0.613088380022
662 2186204 628 546588 895284.232321 -0.292791197694
663 2726184 561 440727 832698.770516 -0.376635818655
664 1643439 510 460030 599761.781838 -0.166168705311
665 9452 231 4474 4231.07783383 0.981067996561
666 1335 11 775 841.853257395 0.839495215866
667 5094 145 2277 2314.70571268 0.952400924473
668 2960041 414 266667 762307.147911 -0.724646411987
669 3464639 536 680067 1031920.56387 -0.345655164709
670 374 73 120 107.489426694 0.941495920559
671 421862 479 38500 96534.0211806 -0.156197089316
672 3094 50 1113 1174.221545 0.718377736878
673 581 10 302 294.661699501 0.854654240136
674 2589299 362 416935 752910.842756 -0.460267659198
675 2275839 584 417405 758202.179751 -0.37256142485
676 2498006 774 350376 639992.747006 -0.661640257923
677 55219 908 10454 11492.3717543 0.688265075867
678 2636270 371 559744 837884.130828 -0.309680359212
679 3245 183 1347 1231.57026115 0.969073854994
680 10829 151 4809 4913.87430814 0.917977079391
681 39193 443 9339 11815.4216701 0.690253493661
682 6959 392 3349 2286.40771178 0.938891499641
683 27174 118 22031 19516.5412001 0.628943325145
684 6835 225 2454 2431.82292789 0.969148653203
685 2763406 510 661022 1144746.39107 -0.382118194063
686 1981074 638 956213 1014378.94846 0.381714058835
687 41454 537 12162 12040.2228358 0.833821346357
688 2940012 605 479412 895675.353088 -0.575768915974
689 3573 209 2250 1550.64402455 0.507492228031
690 1015 142 278 257.27037038 0.967741294575
691 2384722 479 379745 654853.930059 -0.499648551596
692 3082693 551 622904 952069.461937 -0.312349166025
693 2586595 500 389855 723630.538477 -0.473952971954
694 79337 745 21177 25730.3602228 0.745929157239
695 2192385 323 407606 667710.035943 -0.387908358681
696 16758 600 4428 4358.35758058 0.911976238931
697 1970707 387 266416 502546.317266 -0.373087790414
698 2001717 388 187858 479498.4712 -0.553306040036
699 5993 11 2317 2894.60387306 0.465218442363
700 2661339 462 333826 734508.6683 -0.491512635035
701 5910 467 2426 1724.06181163 0.956876982994
702 2114491 354 553275 614451.842192 -0.256603317841
703 1546083 326 323290 477568.542486 -0.205782479322
704 7105 424 3292 2288.63568092 0.949751477711
705 2866 250 886 678.364992842 0.958665715889
706 2764712 469 545677 924752.778906 -0.332583088045
707 1434528 609 336902 471378.401302 -0.23975324328
708 131712 760 32390 38585.0628769 0.617464404967
709 5043 159 2578 2553.90065819 0.932377725255
710 3750216 434 1387722 1353329.94232 -0.21953140157
711 2118309 480 1341130 1168096.96284 0.640653001722
713 8149 504 3405 2224.83466199 0.963742702406
714 2358414 436 566110 888503.295467 -0.353432151106
715 2836986 632 426313 746725.675596 -0.435250228829
716 3634917 542 616836 1084376.52712 -0.527684953242
717 62387 555 10678 17421.9488328 0.584605342291
718 32212 308 6783 11464.5779822 0.525319996336
719 2963210 393 687918 933605.518603 -0.44946505519
720 35652 519 8975 9822.09585665 0.847878266639
721 1886903 466 544929 835814.124502 -0.0028510271584
723 1879679 399 302027 470676.53081 -0.282480860832
725 1116815 404 343694 389838.378912 -0.0239050426128
726 6750 259 2737 2598.7681664 0.986929364078
727 1694997 329 790780 1012347.89633 0.589672335543
728 2367467 453 370822 675466.526346 -0.474420272771
729 2146 39 573 783.968755087 0.70847800249
730 3173299 532 726081 1031515.24322 -0.372384739066
731 19298 259 8229 7727.60341112 0.954758187159
732 2935961 349 755798 1003409.95214 -0.256441043444
733 42075 424 12821 13344.0705791 0.866285808263
734 684 162 115 124.07074923 0.959409728916
735 2825 11 1122 1384.29609025 0.579333436492
736 2153340 518 428285 646121.90736 -0.474111579014
737 2219711 489 634671 937978.511299 -0.120525101196
738 41085 475 9784 9568.46570242 0.726853351356
739 85211 815 33736 29353.8417738 0.881496918737
740 13330 165 6993 6422.43403808 0.934811549051
741 3501 28 2211 2200.78728606 0.912006751943
742 2732138 463 436576 716393.235274 -0.389688382493
743 2056039 373 448742 694620.011643 -0.505817551378
744 19768 419 4887 6014.31672045 0.811004705794
745 1647760 526 180736 390930.856341 -0.527618913019
746 2997172 371 773019 963621.609785 -0.460140628282
747 103365 550 19718 33943.2833318 0.601611885951
748 40855 300 10582 13318.2111413 0.75244099865
749 2430239 481 700368 954176.483934 -0.318855852451
750 2127950 387 322730 647753.746285 -0.522046778655
751 110820 505 35798 38096.4682595 0.639836737723
752 2345013 1406 1388230 1172630.04457 0.855824281309
753 5680 449 688 1109.49803128 0.92765045166
754 7253 298 2600 2783.77242906 0.977405668849
755 21511 287 4392 5306.86562275 0.665135402833
756 3376985 490 701319 897273.993186 -0.697925637874
757 2057663 426 562672 642461.914669 -0.244554290246
758 18328 145 11134 10832.555566 0.986623194982
759 1550998 605 352115 481537.359944 -0.219133602477
760 19835 700 3600 3834.05200096 0.803562511198
761 614 100 197 183.107799819 0.936631897294
762 27046 152 10969 11959.4387633 0.765323759794
763 1203446 547 163691 298086.189827 -0.267816573616
764 2117529 307 428604 559593.147575 -0.283785163566
765 4117 162 1812 1612.15353134 0.972905658937
766 8674 313 2104 2344.10301621 0.893653343062
767 1056 11 714 706.899157908 0.909791868361
768 1940408 359 445856 631302.323895 -0.281669374246
769 1996409 401 239889 559568.151173 -0.653679421079
770 4628 192 1272 1174.86335093 0.888772933792
771 2811564 431 532304 915272.36968 -0.548967750661
772 21166 195 11542 11215.6118037 0.979178853535
773 4791 131 2078 1960.75435297 0.967091164004
774 1695629 626 296731 491511.935706 -0.278182150643
775 2228265 375 373709 669734.268418 -0.294606543937
776 1726404 422 216232 430168.128965 -0.407948647312
777 2132050 397 328286 593502.060515 -0.555296287875
778 3495961 471 799897 1604664.65998 -0.681155099763
779 5975 66 1812 2217.21862475 0.663753423622
780 2933656 514 365797 732928.596284 -0.641084547739
781 7634 430 3263 2292.81032336 0.961303677389
782 921 198 233 166.017654544 0.959362162991
783 3750042 501 1077921 1267390.4701 -0.285332175048
784 2487404 340 846175 872166.577353 -0.215165235911
785 2286688 638 445682 659228.414172 -0.295514343365
786 971014 920 173729 286985.837841 0.209960261964
787 5613 328 1703 1803.96936019 0.974487081539
788 2905939 484 609054 1114172.85537 -0.929391083209
789 4178 394 1549 1086.0837304 0.961044011777
790 7718358 4809 671069 1149974.17324 -0.261593790839
791 3165935 356 934117 1152976.20432 -0.415566952241
792 5387979 508 913756 2213492.04768 -0.745227502929
793 2752683 697 251696 611727.853185 -0.651697348612
794 2051540 423 824072 1161545.46329 0.32469970411
795 5260 18 1689 2325.24525007 0.488082127724
796 1606 294 161 213.454582297 0.949091704253
797 8419 176 4963 4308.38742038 0.957515885233
798 22176 353 4572 5867.05840428 0.759825547274
799 3128 20 1119 1571.21445356 0.49223546201
800 7442 399 3553 2455.87998204 0.947890680815
801 2213756 383 493285 614549.491586 -0.292483420976
802 2267631 497 614561 749215.782472 -0.204155655989
803 2903052 448 679473 999013.21321 -0.431009445506
804 3051980 409 1219802 1155865.95921 -0.130035306926
805 2492617 482 371826 664468.196891 -0.372914495188
806 1436126 632 149084 335593.902342 -0.351183211235
808 2992055 416 1009052 999644.274216 -0.299204014083
809 7488 402 3306 2210.13524562 0.963621049119
810 2287056 496 366562 726848.36964 -0.357449484703
811 3184153 422 686264 1035777.27179 -0.494182343349
812 220232 1003 47712 67808.7430592 0.459504871806
813 84314 415 11025 23691.33832 0.30415324711
814 6783 33 2748 3165.54546472 0.735275008714
815 2180624 450 1525836 1456565.79205 0.937980109338
816 1781816 475 263363 486589.64616 -0.340040145514
817 918 162 142 204.057797956 0.957894352707
818 3109453 454 939654 964515.567234 -0.268342359535
819 3019809 431 777868 916465.443922 -0.317728727091
820 709702 326 101240 227525.037566 -0.448825716991
821 4131 252 1510 1323.68341612 0.972225940936
822 3286029 461 962392 1122293.94618 -0.344992028138
823 1955938 530 483814 562138.354308 -0.448565630805
824 114682 655 22391 31578.5048876 0.636118589974
825 77504 419 8185 18114.1089114 0.550151475726
826 1309 18 724 715.050173875 0.863166123285
827 1854390 318 445648 623689.70201 -0.404848943943
828 2313362 604 402769 605100.310422 -0.42907426277
829 2799337 362 859101 881792.827848 -0.401838412996
830 1736016 359 525771 560213.993485 -0.179138078127
831 10545 85 3316 4377.20656044 0.723765344884
832 5165 147 1530 1851.64918687 0.898991102918
833 1949 24 488 635.793401527 0.478727170691
834 1817989 450 494531 732769.147922 -0.123046944919
835 1657432 476 1117914 1076246.58955 0.949296208913
836 2269293 365 431917 757314.646974 -0.577629687816
837 2586653 554 566896 799819.914522 -0.283691189023
838 3527134 598 678297 1118705.94387 -0.393749450777
839 2281640 421 203919 523797.16404 -0.482733985488
840 1644996 384 413896 496545.641718 -0.197697621262
841 2275303 432 481133 634903.195871 -0.390145235156
842 2865689 465 1203349 1185352.37156 -0.123136881898
843 5213 357 2800 1958.72905564 0.773193729166
844 1840 43 448 569.895552588 0.655187055491
845 2852329 478 709472 992119.699211 -0.397022715224
846 2631736 326 814638 938862.554906 -0.247229608907
847 3362293 426 853256 1143902.79726 -0.423396164613
848 2969120 466 538327 847109.016128 -0.705075469929
849 2390146 500 542120 795690.526598 -0.440041674245
850 2314482 353 432134 772316.63956 -0.475348793214
851 1542600 746 132384 347197.073988 -0.373642216771
852 1896214 369 308878 547869.308553 -0.274658019068
853 4085768 868 345661 941814.497371 -0.819923912939
854 795 16 327 365.526078383 0.68308972815
855 2996 21 790 1094.4792444 0.53877540722
856 2117148 585 291022 522988.945383 -0.528443779796
857 1585734 285 213686 425791.434456 -0.304522772259
858 2529496 335 652174 926063.70481 -0.302360266993
859 3161936 509 520609 922156.833744 -0.474651299782
860 1985881 469 362068 536356.839981 -0.422994431503
861 930 278 91 76.0058230012 0.928781107566
862 5221 29 1997 2913.99106837 0.778655678733
863 1944213 349 1087226 1150399.38338 0.567061697755
864 2683441 437 571167 870933.886007 -0.466326773226
865 1710435 341 351397 495616.398533 -0.269796914611
866 8465 407 2390 2329.54931186 0.965676659429
867 10452 46 6071 5986.1088961 0.885031312401
868 1065 136 298 314.417761885 0.957212714796
869 4936 22 1876 2206.69662056 0.378556887699
870 2100520 458 584728 675274.696504 -0.223317632019
871 2181306 446 529712 611666.739265 -0.370978828063
872 1712430 336 378989 643848.83471 -0.159384064163
873 3353 19 1073 1426.47885943 0.448885348457
874 38708 551 12066 10190.2897381 0.821803713627
875 2107289 588 529333 830482.538319 -0.20463197956
876 2584197 338 335761 782679.114612 -0.592610354831
877 1948977 549 504434 614751.169931 -0.263932212502
878 6824 141 1771 2473.23009358 0.77795129702
879 842341 299 135344 233106.194155 -0.305425616953
880 2455183 380 618143 776193.323749 -0.438415702443
881 36 17 7 8.12014222583 0.904525760376
882 2029816 622 595556 817147.868302 0.107036738843
884 37311 340 10178 12672.0024693 0.760283049139
885 2576429 492 572735 729612.122623 -0.326970020963
886 3538521 455 773695 1228258.78895 -0.428903770885
887 4686 106 1776 1572.36704907 0.870084021502
888 2261973 329 380816 748441.198175 -0.553032725604
889 2882 24 701 1116.23764076 0.475789389222
890 1416 299 157 189.275273269 0.966252853892
891 5378 48 2926 3083.03290195 0.881627656048
892 2257650 368 288508 638201.466436 -0.637470483336
893 2767739 625 393434 784251.560388 -0.484952495611
894 3313718 638 918783 1553857.01921 0.0426247284219
895 4978 79 789 1488.10341996 0.660980592604
896 2336864 441 170856 538630.653267 -0.621364546701
897 4037 32 2033 2398.53529781 0.858203960655
898 200522 633 51498 65226.8009893 0.476246592048
899 1970909 2408 583020 522644.357542 0.238774608539
900 19419 177 10498 10531.7848132 0.990096234593
901 1692194 376 556779 550918.691454 -0.233287156246
902 5798 139 1350 1508.18901267 0.728516755359
903 35419 249 13754 17917.4948451 0.910464563874
904 1000 240 120 139.84322322 0.96964565254
905 2291723 500 243749 579724.593752 -0.538425942925
906 1912459 388 428075 585716.946676 -0.429506919218
907 2172223 372 365638 588245.95123 -0.505724141283
908 2547211 465 790182 865669.692259 -0.320479613129
909 678878 425 99855 169248.591956 -0.269922145538
910 2194805 482 336517 575654.070422 -0.417889917801
911 2143677 438 518565 662739.118907 -0.315899028614
912 2712753 586 459091 851392.97805 -0.268063995441
913 10844 134 3884 4811.01769752 0.883479900758
914 2794 80 1024 940.200650349 0.856213758117
915 4655 350 711 872.686291812 0.894756104293
916 1869117 401 290218 456126.290079 -0.368661316292
917 141900 663 31051 54640.9602286 0.659731213653
918 800 128 151 191.180238739 0.962136101714
919 3022 97 365 620.215327808 0.595012215903
920 80 10 22 26.3143871222 0.662509016292
921 1444910 429 266129 471469.371192 -0.283415629928
922 4448 135 1567 1383.30705357 0.887353622183
923 1186851 317 256508 402742.036845 -0.331927286469
924 2554 66 830 1021.21195911 0.876258136964
925 27175 139 17055 17143.9962915 0.987174247591
926 5366 40 2091 2368.35048667 0.496383179472
927 3128 35 1292 1405.63374246 0.593992178312
928 81207 513 22114 26671.0510712 0.659971685902
929 2203264 468 372599 636249.126401 -0.416246750309
930 834 167 139 149.232060581 0.963316208162
931 4500 26 1013 1510.0139052 0.375464689658
932 1139 45 606 588.218765504 0.978622183503
933 12794 654 5617 3886.53166771 0.948579602876
934 1688814 349 147323 370784.831634 -0.457926237099
935 106 11 28 38.5731782774 0.712302567481
936 3268 22 2045 2071.13286224 0.901608459378
937 2193914 409 331685 627679.98642 -0.462084759617
938 17292 260 9113 8112.22693568 0.964970730394
939 662 245 156 83.0659346674 0.849184712751
940 5342546 712 465107 1387086.38233 -1.02983569548
941 72 16 15 19.6321420005 0.777254853974
942 4230 27 1073 1870.40211836 0.286946837629
943 5467 179 3406 2723.97903889 0.867646017974
944 1240763 158 553077 596846.639794 -0.421490138489
945 785 174 107 125.84942165 0.964514425755
946 3158453 610 591984 996692.86594 -0.34185728765
947 4934 25 2462 2724.71094069 0.704254808792
948 3339 105 648 929.144288454 0.698409148437
949 3887 91 2062 1728.82992574 0.953314463958
950 2808 43 712 1016.85661489 0.549034461986
951 134387 1210 10060 24863.9869686 0.36510755939
952 2202901 494 617935 756980.470511 -0.341931181881
953 1191 251 360 225.671022972 0.927376097852
954 54143 755 15978 13279.5237701 0.720155358786
955 6781 31 2137 2410.70241468 0.748257238
956 8818 173 4910 4537.55285809 0.912457067412
957 3368736 632 663218 1155305.65292 -0.429330736312
958 4047 220 922 1024.00941136 0.924541798978
959 3016146 374 926389 1262023.86717 -0.0291751167895
960 3456 26 1677 1826.24236556 0.855659023807
961 6953 256 3372 2661.18202365 0.981050826292
962 5359 45 1387 1700.26419433 0.66407696224
963 5442 32 2624 3194.66660037 0.830728634997
964 696929 461 92861 192532.379776 -0.16214280031
965 3226 24 718 1129.40786129 0.424300634484
966 1679160 373 283931 457364.180532 -0.385586748583
967 9681 73 3566 3961.74385306 0.578466498508
968 4886 29 1570 2322.08764493 0.562012366672
969 5105 140 2401 2144.76992446 0.958186852806
970 3346064 796 600576 885678.86061 -0.570677294329
971 5301 62 1836 2241.07158017 0.761460138043
972 4727340 756 509159 1218964.22447 -0.805890235645
973 3235 54 1138 1139.21069767 0.775089717596
974 34918 209 24511 23399.1917419 0.666975020192
975 8933 125 3908 3656.88166128 0.906844978369
976 993 262 145 102.069857332 0.932461346621
977 1944034 507 754608 787208.355985 0.00203609703764
978 103683 138 28446 38310.4583686 0.266454073778
979 38036 137 25714 25087.1687344 0.899735342534
980 1784738 293 461489 567753.681571 -0.255284771787
981 3064 209 1154 1060.08236132 0.971178444329
982 1518478 559 766098 718155.544322 0.422583320512
983 2217749 624 382104 576238.596234 -0.458756310177
984 3412 358 1776 1129.65675672 0.702620657936
985 2090701 393 401649 765209.961265 -0.435070137278
986 9395 26 4339 5545.29665944 0.599685571608
987 1241 202 304 280.156430817 0.961306840363
988 926 218 110 124.863858576 0.962826400511
989 2538751 550 536053 743625.676664 -0.402528295728
990 2532532 682 487185 872243.509996 -0.486638703347
991 7138 163 4163 3645.78733251 0.950618790573
992 7271 153 4707 3898.42581989 0.879065661256
993 5921 50 1964 2695.54522552 0.620486887994
994 8566 134 2870 3217.5991364 0.816660306518
995 4540 141 2208 1977.82811043 0.981708690671
996 14720 447 3322 4072.10315837 0.864884379034
997 7176 45 1942 2743.6729217 0.514092380408
998 872 181 70 110.627253529 0.908166126326
999 4285 87 1218 1495.28567957 0.642650139909
1000 948 162 194 225.710111744 0.961061846282
1001 1634344 468 411986 572730.548163 -0.418064330895
1002 4480 135 2660 2275.06215997 0.907550311437
1003 3717194 958 318467 975102.72679 -0.728253987914
1004 2005001 619 572367 691797.985947 -0.0836589108895
1005 7592 356 1923 2292.80039252 0.96116379241
1006 2606138 523 1327293 1382717.54305 0.518158621827
1007 5451 149 1974 2074.11453338 0.927083365332
1008 5944 223 2244 2173.4467335 0.96899459131
1009 2665828 686 589245 905896.918322 -0.2661169769
1010 6355 87 2000 2565.9896046 0.714655565011
1011 867615 1001 206613 278655.912629 0.45748525994
1012 2075082 344 216625 557515.033548 -0.480532337618
1013 3128 118 934 1128.50772831 0.91630947567
1014 940603 524 144063 245936.218711 -0.273814300413
1015 1246 174 218 273.537627745 0.967227110241
1016 1885 68 305 508.2165211 0.675915865301
1017 2222282 407 199756 526014.849829 -0.648837094556
1018 196919 695 90541 82254.6447085 0.893334789428
1019 2417286 592 333812 676803.34872 -0.691772562094
1020 2109 22 469 743.823739414 0.524330056228
1021 2600132 616 671073 855015.788815 -0.143508428238
1022 7097 182 4114 3420.62521408 0.927358263171
1023 2152613 355 270244 559449.708269 -0.561751238345
1024 2087 51 746 894.612255261 0.888114724184
1025 5791644 896 1687577 1992434.15843 -0.566335163809
1026 2578132 404 696540 838241.957159 -0.34477411876
1027 6088 120 1254 1820.23998431 0.728154165023
1028 3977 118 1931 1834.34546111 0.965636023644
1029 54681 257 27776 29103.8637028 0.893681412073
1030 37489 407 14751 16265.1921581 0.974146689788
1031 2599 29 658 871.556292033 0.581357006955
1032 6401 59 2190 2528.74428692 0.629353734551
1033 2532625 465 316155 617162.948585 -0.650271965618
1034 1871402 380 420216 492563.568976 -0.383152700811
1035 892931 234 714975 672368.372891 0.983987115907
1036 5937627 764 875005 1744178.98691 -0.636503942547
1037 135245 546 26295 44817.2802513 0.541097511367
1038 3300 156 1127 1095.47469215 0.967903640955
1039 23527 184 13913 13521.1617628 0.984126813713
1040 2210726 509 472853 732716.953941 -0.408530990011
1041 2444483 500 833015 1085396.53804 -0.277809864027
1042 5124 62 2507 2587.31482163 0.81917375524
1043 30182 488 4027 7428.44008475 0.727937049709
1044 1163 153 223 304.928556157 0.962707905614
1045 1944380 257 322578 560607.846863 -0.494188591186
1046 3177057 715 636552 869844.650534 -0.338278026799
1047 72526 181 11707 18489.4853728 0.170883264775
1048 2540507 396 530044 707363.94225 -0.428575190792
1049 61 14 39 33.2824446668 0.694745932494
1050 1099576 320 310206 517606.076739 -0.209944018329
1051 2902114 372 424268 795803.540749 -0.571030528629
1052 5379 412 2408 1638.06586855 0.935582094022
1053 5991 93 1853 1933.01205689 0.778037700623
1054 1074 281 129 125.899023759 0.964883664288
1055 2032 306 320 338.518568405 0.966918251274
1056 3956 71 1540 1480.05638348 0.828015474186
1057 5689 229 2542 1966.67476846 0.963330529327
1058 1575 322 410 245.004251072 0.95195946509
1059 13469935 5221 1468599 2751602.24761 -0.137100165942
1060 5304 406 2304 1619.19492723 0.951812087902
1061 84814 746 31746 31434.0775839 0.88454658066
1062 828 207 116 96.9782064561 0.93785553458
1063 1215 245 163 177.926882448 0.966822929927
1065 14017 683 6421 4202.49227723 0.951085746776
1066 1205 311 249 149.40742076 0.945546714501
1067 873179 454 152579 261048.572189 -0.10967282012
1068 1719232 353 246076 438044.460715 -0.439224087112
1069 973 241 115 112.775361272 0.957101561789
1070 12 10 3 2.27523310834 0.460287139963
1071 1276649 517 254745 441897.779182 -0.229165260753
1072 1286 78 521 514.819294791 0.983647294116
1073 77482 633 13799 23118.6877094 0.672455094897
1074 489002 691 185877 187580.892245 0.638407763892
1075 1955569 381 225690 488024.562302 -0.471466854061
1076 1214 253 83 135.580515449 0.928963326887
1077 6160 48 2392 2702.32661349 0.653795623436
1078 2792318 426 276080 775188.587828 -0.668954093025
1079 434011 444 96928 130195.357378 -0.155331151437
1080 10833 283 4252 3970.84947418 0.959403472588
1081 3309419 514 583095 845305.10651 -0.363165814392
1083 1182197 603 193830 312222.124843 -0.272357958508
1084 85268 1060 14018 20641.7791899 0.574219109182
1085 6058 370 2439 1697.68010461 0.970091501672
1086 6241 118 1337 2190.51666301 0.71086524787
1087 29536 154 11868 14304.0438366 0.776920092157
1088 1934570 551 396606 611379.32355 -0.307105915138
1089 2612752 390 557682 793992.390631 -0.369811122575
1090 3449219 617 440247 1157002.91455 -0.72345202161
1091 940 260 114 109.259269261 0.958789420844
1092 41753 650 17883 14798.193371 0.929901500334
1093 6733547 931 553186 1222415.55726 -0.347584662194
1094 9993 123 7605 6964.07046825 0.119368322914
1095 12208 382 4984 3755.46975595 0.951061682763
1096 897 247 138 107.284462197 0.952677679188
1097 858 79 301 274.007106469 0.962276929065
1098 980806 356 160775 257970.207648 -0.218611933514
1099 2557104 529 466749 726944.847854 -0.416451958011
1100 2496 44 1210 1289.50624049 0.817258452495
1102 1646 60 336 536.055182273 0.692237235725
1103 5501151 1202 690657 1571893.1806 -0.874535166564
1104 2805341 431 613727 701680.30908 -0.418743008826
1105 7937 298 2438 2664.73181281 0.963273477398
1106 939 224 116 102.543059613 0.932379040637
1107 154 37 59 52.9926652198 0.892424979677
1108 1982791 448 452870 663056.822572 -0.215907683558
1109 2726854 351 457101 769158.907869 -0.400891370265
1110 2779500 444 634382 750249.277341 -0.381599854989
1111 2116919 431 590078 799488.994843 -0.231105869972
1112 3236 31 1413 1717.66700232 0.777924787793
1113 6456 137 2397 2458.20596894 0.854080233662
1114 2183940 326 300429 523552.805395 -0.489346331373
1115 5752 359 2100 1658.19241241 0.977838085914
1116 856 120 289 258.860454168 0.939460044259
1117 2139531 565 557866 678230.112987 -0.287246799453
1118 1296588 498 573597 696647.557306 0.616877751148
1119 9421 452 2515 2620.79813296 0.963163271549
1120 2678767 452 521658 712665.889724 -0.429856653947
1121 2972561 378 819595 898339.988634 -0.446642821789
1122 1010 157 330 277.127911865 0.910942935994
1123 779 150 148 176.75855709 0.943339233488
1124 814 180 90 116.506032939 0.94736798863
1125 26182 100 18651 19323.3796598 0.845459901006
1126 4470 276 1792 1357.08920778 0.954570770307
1127 1688218 400 354271 451160.111031 -0.267745166816
1129 2010847 427 564771 888419.687418 -0.178064962161
1130 1090 272 102 123.77419891 0.940307772605
1131 10650 346 2927 3717.34155116 0.970342842882
1132 6205 185 1875 2268.99273668 0.941554599783
1133 2324069 520 708360 1153123.93359 0.119202128715
1134 1044 246 76 100.787079004 0.91746583626
1135 2283939 486 571384 781434.074402 -0.236509827331
1136 3352666 444 1137038 1286402.0442 -0.28898308115
1137 5945 513 2158 1401.67416157 0.96626610359
1138 850 146 222 204.120891478 0.949906551317
1139 899 290 117 77.3124641346 0.94183320896
1140 9446 418 2328 2738.64163294 0.963199613198
1141 3610 85 1362 1286.21453553 0.853400293662
1142 3893033 676 827241 1587212.0986 -0.0345277129101
1143 1004 250 120 133.332246051 0.958664570562
1144 6663 166 2806 2519.13868559 0.951235177649
1145 8028 165 2512 2737.93106097 0.848910686691
1146 717 187 61 83.0425628066 0.943796208614
1147 2440019 370 798606 808092.310107 -0.287572785257
1148 14827 404 4258 3392.77574574 0.854734614481
1149 1468446 422 255173 607279.8463 -0.691977400661
1150 110190 572 29591 36883.8031244 0.671505865299
1151 3634452 426 638668 982263.934525 -0.580826988887
1152 1035 239 117 125.816868153 0.946580828925
1153 3293814 717 612667 1042811.70958 -0.460121199718
1154 6907 384 2742 1994.87408633 0.966978226827
1155 3316 299 949 687.654914945 0.938158879264
1156 1301765 329 489585 595842.741805 -0.135274196611
1157 1702646 424 1108965 1058498.5003 0.694370184244
1158 1785734 337 441544 549213.72545 -0.17373621473
1159 2112148 409 520123 550615.852539 -0.281742473602
1160 8003 157 2591 3283.08978599 0.923565215887
1161 4687 102 1941 1942.3243293 0.949911642285
1162 1526554 438 294729 409091.430449 -0.308832666823
1163 1796264 414 355922 668267.496859 -0.418494520893
1164 6625 252 2894 2459.41286439 0.958217393459
1165 2279 286 540 477.689938005 0.967490946656
1166 6266 582 1813 1268.93425791 0.968175611826
1167 389 114 41 58.9187815368 0.955806754418
1168 936 251 149 110.171522369 0.947084482341
1169 8885 18 3098 3101.6021676 0.54773629473
1170 9827 104 4266 3517.3788367 0.80860559103
1171 5682 271 1260 1101.6969255 0.82695176208
1172 8505 483 4135 2856.05858245 0.907548304719
1173 20 12 4 4.56688384155 0.850102576389
1174 2491406 338 806379 809477.75359 -0.289370878264
