0 20667 147 7196 9130.0 0.686578415786
2 645 185 48 70.0 0.688708269853
4 32167 167 11331 13025.0 0.622289821702
5 90047 1109 13575 16779.0 0.516058348745
6 594 10 242 272.0 0.619823920866
7 8930 245 2453 3734.0 0.913163561321
8 6045 439 1087 1335.0 0.874407526032
9 252695 1697 51052 51178.0 0.493658368971
10 27585 888 2476 4248.0 0.628813562493
11 19188 439 2134 3849.0 0.624585505964
12 511 96 86 114.0 0.810501886916
13 97296 544 22114 30488.0 0.563559853024
14 701 12 365 370.0 0.791575785931
15 192676 1044 42379 60101.0 0.530039724051
17 905 274 71 84.0 0.692540014999
18 27813 863 7561 6914.0 0.876377122104
19 52723 243 19395 19280.0 0.515558346181
20 24931 180 6016 10520.0 0.411567046327
21 1766 339 180 235.0 0.789927732216
22 124572 571 28966 38498.0 0.499982376819
23 16334 320 3026 4724.0 0.676323029876
24 1281 23 390 455.0 0.628716947107
25 29792 273 10008 12149.0 0.747550625345
26 1597 191 239 392.0 0.818589368007
27 142050 624 36286 43632.0 0.570694512809
28 128639 630 29591 41785.0 0.603455669142
31 10548 18 4143 5941.0 0.565911453666
32 79 25 14 18.0 0.657715947799
33 83331 545 23582 26840.0 0.676181161824
34 2577 339 271 410.0 0.797508047153
35 275547 765 62147 83422.0 0.40508602664
36 56273 261 17311 19574.0 0.483068971607
37 2263 307 460 393.0 0.826113273197
38 43320 238 8866 13047.0 0.362268939682
39 2260 95 193 313.0 0.58862713629
40 1574 354 197 183.0 0.784084965675
41 36397 431 4510 8089.0 0.453198514769
42 39932 714 5177 8608.0 0.651352680826
43 55912 830 15653 15635.0 0.769568756945
44 2196 174 747 683.0 0.895940519772
45 1033 307 97 116.0 0.791925344889
46 38862 270 13741 18368.0 0.80811163139
47 30114 473 6237 6910.0 0.724920633112
49 205265 978 44707 64087.0 0.486924711754
50 4664 40 1854 2514.0 0.760258998689
51 93507 789 21177 29290.0 0.659181256527
52 1097 311 200 125.0 0.817119831188
53 114473 856 29683 35146.0 0.622298118168
54 32641 173 11868 14964.0 0.67229468773
55 90300 956 12140 20270.0 0.537598136418
56 935 34 256 347.0 0.783004515842
57 4505 25 1308 1812.0 0.603667866861
58 687 90 189 234.0 0.889565071391
59 26695 373 5714 7163.0 0.614890710537
60 7610 75 2973 4070.0 0.769044819746
61 1293 328 183 151.0 0.785679342453
62 45573 789 7948 10284.0 0.674523807253
63 11495 438 2754 3820.0 0.908826302838
64 97427 777 21736 28979.0 0.561749328624
66 65469 483 9823 20854.0 0.570505700944
67 3530 20 1230 1670.0 0.57572366255
68 1017693 1059 248938 319445.0 0.323569826268
69 27812 216 7715 12858.0 0.739134964558
70 9421 36 1911 3522.0 0.258921567461
71 1581 352 211 236.0 0.859492431202
72 1122 143 211 252.0 0.844931006182
73 6287 33 2888 3047.0 0.666585155704
74 1579 211 243 346.0 0.842859388033
75 6788 24 3555 3595.0 0.679222517729
76 6873 112 2662 2220.0 0.712513876692
77 1130 256 116 155.0 0.78378418727
78 3579 22 1682 1767.0 0.715533630343
79 4126 73 1325 1551.0 0.725814295673
80 1675 164 384 491.0 0.892071370424
81 24515 597 2075 4958.0 0.527833829414
82 4080 25 1860 1823.0 0.717996608702
83 6823 61 2500 3170.0 0.663749205173
84 2869 62 1173 1201.0 0.811106105382
85 1749 229 301 427.0 0.846802951841
86 6811 60 2758 2949.0 0.719188030447
87 12123 42 6202 6947.0 0.676314152351
88 1504 210 372 375.0 0.915878473418
89 93953 1122 14018 21932.0 0.51355633411
90 5948 75 2617 2732.0 0.830563582687
91 59 23 10 13.0 0.618039315282
93 2276 24 1160 1310.0 0.704531464705
94 1335 226 206 245.0 0.829020347325
96 1532 328 156 195.0 0.789580868824
97 6251 37 3078 3428.0 0.814588351375
98 7070 77 2411 3074.0 0.694295038482
99 10267 42 6798 6604.0 0.934069886941
100 2373 122 513 644.0 0.787540835663
101 134160 710 31051 52389.0 0.73161910078
102 26162 442 3582 6069.0 0.583962139677
103 1177 299 135 144.0 0.794258162266
105 2440 87 481 629.0 0.655358815987
106 3185 218 1146 1063.0 0.94698943011
107 5740 147 1538 1906.0 0.856031806847
109 9665 64 4905 5263.0 0.721340530596
110 1679 17 818 945.0 0.767435377431
111 3480 13 1356 1696.0 0.543784314276
112 4583 126 478 910.0 0.559199742577
113 1820 38 560 814.0 0.632409330243
114 23014 427 5207 7223.0 0.748157655771
115 1562 146 356 483.0 0.890057406142
116 1289 324 170 165.0 0.815233053735
117 2960 396 425 487.0 0.832846493202
118 3276 52 1022 1278.0 0.718374781836
119 8862 549 1242 1740.0 0.803310275836
120 6526 327 409 1087.0 0.666094065168
121 18373 50 9265 10055.0 0.477005224364
122 38305 517 6122 11580.0 0.625848990587
123 1341 277 132 181.0 0.77276581991
124 1244 11 921 897.0 0.817567040455
125 2284 34 1134 1205.0 0.778932643626
126 3130 51 570 644.0 0.370220778565
127 2468 350 373 417.0 0.831511536651
128 1541 306 218 220.0 0.800888815319
129 142205 904 26099 40905.0 0.49072288924
130 7850 88 888 1477.0 0.48550526283
131 1189 250 147 181.0 0.825630153536
132 8638 261 1300 2655.0 0.739677581097
133 60366 460 14432 18604.0 0.591847643115
134 42111 601 12066 10423.0 0.756694251665
135 1105 323 107 108.0 0.751008997326
136 1452 309 131 158.0 0.761667806989
137 1363 260 157 248.0 0.833273764782
138 1296 332 156 138.0 0.769278089185
139 4979 108 1475 2009.0 0.831700055038
140 1034 281 44 83.0 0.692084583372
142 2023 318 344 368.0 0.855948396398
143 4712 75 1066 1302.0 0.603696486767
144 1384 217 192 274.0 0.849141737725
145 31315 637 3548 7297.0 0.555547800469
146 6436 53 3486 3752.0 0.936441583373
147 1171 135 289 338.0 0.905746066325
148 6175 50 1964 2711.0 0.561293051254
149 1046 289 67 96.0 0.680124110304
150 5623 57 2776 2881.0 0.865980169104
151 31 17 5 6.0 0.353841401182
152 1098 284 216 141.0 0.81745828877
153 232 45 53 57.0 0.804359699838
154 3335 117 650 771.0 0.605569450746
155 4727 33 1006 1686.0 0.484673676715
156 153179 586 26295 48370.0 0.480684127566
157 1329 248 171 231.0 0.827281470759
158 351054 1357 60933 98591.0 0.374693591957
159 82650 835 17627 24607.0 0.621550971561
160 11376 33 4098 5583.0 0.462390132546
161 22372 165 7131 9940.0 0.715362987014
162 1121 204 211 196.0 0.85590636622
163 1235 262 123 179.0 0.800329901738
164 227928 988 23743 48917.0 0.298930387212
165 123597 594 19718 39427.0 0.522491781869
166 7821 358 1213 1875.0 0.780107682507
167 1272 248 240 253.0 0.888077714664
168 112599 564 39924 42728.0 0.737615048512
169 1113 25 314 372.0 0.662577096941
170 728 101 151 211.0 0.866078976425
171 135610 816 32390 38514.0 0.591426224743
172 660 16 144 207.0 0.669082481202
173 839 178 124 158.0 0.849541059992
174 435 76 95 110.0 0.860356048153
175 126823 577 27033 38321.0 0.530351647317
176 8069 23 3278 3286.0 0.363170466816
177 831973 767 130493 173080.0 0.118366908697
178 3965 19 1092 1590.0 0.543136722743
179 285046 1036 107079 92251.0 0.784264586649
180 6433 533 1033 1071.0 0.808161363251
181 3613 17 1397 1756.0 0.642729179613
182 4240 43 1027 1707.0 0.60620905426
183 24965 357 4219 6347.0 0.558741624169
184 1242 315 147 127.0 0.726957899016
185 240706 690 51498 76861.0 0.408388879065
186 1354 292 102 148.0 0.749020576771
187 3456 28 608 923.0 0.455982823536
188 1135 270 212 152.0 0.810170350067
190 695 158 70 92.0 0.753463612643
192 140762 976 26443 43454.0 0.532276021365
194 1076 235 107 148.0 0.771426368351
195 219 48 59 62.0 0.871521204063
196 1664 14 1081 1015.0 0.743376678823
197 2663 22 924 1088.0 0.601897167088
198 1858 187 326 424.0 0.849067109821
199 3627 505 335 419.0 0.796814956733
200 1287 189 233 263.0 0.834506180711
201 1277 271 212 195.0 0.828468997757
202 20163 112 13309 12489.0 0.934221825788
204 128 19 20 28.0 0.642910852202
205 800142 1405 254166 278552.0 0.504211023927
206 1189 190 186 235.0 0.813250333566
207 682 179 58 80.0 0.712277097671
208 1297 287 139 179.0 0.807235344217
209 3246 20 1104 1237.0 0.67840196488
210 1016 243 113 140.0 0.797992840971
211 6395 80 4778 4228.0 0.959093152006
212 21 10 9 8.0 0.635231370992
213 380439 783 91297 113173.0 0.407682232771
214 13208 222 4426 5739.0 0.880188461911
215 40520 385 9473 12327.0 0.57294149728
216 14479 316 3507 4029.0 0.703114735856
217 1326 350 116 151.0 0.791384419225
218 2797 260 561 659.0 0.83530750661
220 1332 303 198 159.0 0.7648733538
221 2019 308 287 366.0 0.830288999399
222 9866 255 4464 4186.0 0.935913976548
223 1312 10 775 842.0 0.833868984795
224 526 90 120 137.0 0.882855266063
225 971 10 604 601.0 0.949472791547
226 57223 670 11950 14444.0 0.756381287778
227 11199 171 4809 4874.0 0.869440590992
228 39892 480 9339 11773.0 0.670027139414
229 27502 127 21965 19379.0 0.856776268697
230 44537 581 12162 12210.0 0.780454571916
231 119228 712 22391 31305.0 0.610579038181
232 42970 499 6904 9857.0 0.522889035033
233 17975 647 4428 4420.0 0.834154120481
235 1116 186 224 255.0 0.885965695634
237 63192 590 10678 17376.0 0.563792460505
238 28753 335 6842 10429.0 0.630392390332
239 53 11 35 33.0 0.825250180884
241 237582 937 39676 58867.0 0.37807454411
242 1430 329 119 147.0 0.730746422007
243 44446 509 9784 9724.0 0.673957450508
244 56856 814 15978 13268.0 0.67472924673
245 13982 183 6993 6461.0 0.901242771147
246 22277 454 4887 6544.0 0.719711639409
247 58757 971 10454 11675.0 0.63984095822
248 41242 324 10582 13218.0 0.736253957676
249 126135 551 35798 41346.0 0.570571932082
250 7104 508 826 1379.0 0.817689061438
251 5354 85 789 1495.0 0.627904853339
252 20820 762 3600 3864.0 0.744329593957
253 867 113 205 262.0 0.897173528164
254 477 132 82 80.0 0.828614610159
255 4591 172 1812 1678.0 0.90337541822
256 1339 361 245 173.0 0.858049508307
257 79906 690 13497 23032.0 0.638840292031
258 6634 70 1812 2455.0 0.64902792982
259 1027 220 233 170.0 0.858647699132
260 1015200 992 173729 292471.0 0.193617061716
261 5962 359 1700 1781.0 0.897917644653
262 5559 18 1671 2336.0 0.554220583397
263 6088 145 1350 1522.0 0.692573367918
264 5003 19 2238 3013.0 0.621714035838
265 26 19 4 4.0 -0.258645541685
266 89215 449 11025 24251.0 0.263130775133
267 9361 37 3000 4100.0 0.680127906982
268 1298 198 275 294.0 0.873710360185
269 5126 282 1510 1479.0 0.862252852
270 78121 441 8184 17755.0 0.520944025715
271 1413 17 724 701.0 0.776562913097
272 11360 90 3316 4397.0 0.641477863617
273 2866 24 976 1113.0 0.568116429882
274 2040 45 448 678.0 0.70651026156
275 1074 212 180 169.0 0.795992140799
276 1102 15 654 647.0 0.819843266138
277 14629 167 4557 6283.0 0.788448622102
278 1091 325 91 83.0 0.663939608091
279 2633 29 1984 1742.0 0.870703368437
280 10438 47 6071 6047.0 0.880904817111
281 1726 167 351 514.0 0.875146036667
282 7242 21 3752 4169.0 0.570712454153
283 4915 16 2146 2708.0 0.497242071315
284 7358 158 1771 2487.0 0.71684885856
285 53 27 10 11.0 0.604749854665
286 36206 365 11020 12012.0 0.76348828796
287 3316 23 701 1200.0 0.36106536705
288 8507 52 5852 5544.0 0.954585748445
289 23004 322 4392 5400.0 0.631147577154
290 1243 290 153 165.0 0.799919124334
291 598477 831 114646 184667.0 0.358598485153
292 24852 375 4572 6065.0 0.673581879386
293 1298 282 120 170.0 0.776314114839
294 14252 140 6006 6589.0 0.847568624001
295 2957 86 1024 929.0 0.80783359597
296 3629 70 511 1044.0 0.439614905344
297 1348 158 198 338.0 0.813579581371
298 3134 97 365 614.0 0.548792354808
300 4787 147 1567 1389.0 0.82329058047
301 5816 42 2091 2384.0 0.375770674153
302 987 187 139 159.0 0.756737386373
303 4762 25 1013 1555.0 0.290706871105
305 5284 21 4090 3925.0 0.951902404747
306 826 290 156 93.0 0.806675952832
307 3987 16 1463 1921.0 0.584122932442
308 79 22 15 20.0 0.632298794117
309 4231 30 1992 2410.0 0.705077343724
310 2606 29 853 1139.0 0.668747116547
311 3507 108 648 940.0 0.621624796958
312 2799 43 712 1044.0 0.532962000224
313 1268 289 163 174.0 0.812435989235
314 1417 290 360 245.0 0.883237057572
315 7347 33 2137 2435.0 0.745521795315
316 4399 239 922 1051.0 0.846710304796
317 3323 30 1674 1837.0 0.869471085147
318 6512 49 1882 2262.0 0.706851439351
319 5558 32 2624 3166.0 0.825761281897
320 4157 24 1348 1628.0 0.513554936336
321 12759 78 5020 5248.0 0.5721503964
322 7303 29 3140 4340.0 0.708823715621
323 5253 66 1836 2254.0 0.757813334584
324 1088 286 145 115.0 0.736684099701
325 4565 84 1174 1603.0 0.652079276231
326 9145 28 4339 5569.0 0.615103036047
327 44880 462 12821 13425.0 0.834674069874
328 1133 264 110 134.0 0.74104074672
329 833767 1000 190477 249496.0 0.31020952322
330 15211 493 3322 3997.0 0.796411430693
331 9972 49 3884 4220.0 0.562839873189
332 1101 215 118 150.0 0.768542010113
333 4528 93 1218 1488.0 0.590102411308
334 1366 183 236 336.0 0.856580680162
335 7340 84 2000 2744.0 0.583576333566
336 914282 1079 206613 283374.0 0.446067557113
337 5244 291 643 963.0 0.78340019974
338 1690 201 440 411.0 0.879898576769
339 2003 73 305 522.0 0.635006995104
340 204428 740 90541 82009.0 0.874267794596
341 3154 23 938 1309.0 0.617704287014
342 2756 443 186 265.0 0.78117112666
343 6495 134 1254 1831.0 0.694351027219
344 43414 441 14751 18667.0 0.954567565094
345 3553 30 1316 1576.0 0.67834190901
346 6493 64 2190 2550.0 0.605077596452
347 5240 487 648 939.0 0.853159861861
348 5205 68 2507 2568.0 0.789399318589
349 32117 513 4027 7693.0 0.676382645369
350 1846 196 366 497.0 0.872161738808
351 88 24 39 35.0 0.87070898865
352 39486 563 8975 10507.0 0.806606959153
353 1241 323 129 129.0 0.747194005331
354 64 22 19 19.0 0.784790873966
355 1796 365 410 276.0 0.876649222269
356 36670 306 6797 11488.0 0.521095535082
357 80500 813 31746 29203.0 0.86469265596
358 998 246 116 118.0 0.752707763586
359 1483 279 163 209.0 0.784134678598
360 37 14 17 16.0 0.730267130562
361 1361 356 249 153.0 0.795697462608
362 1154 284 115 120.0 0.728097094101
363 30 19 4 5.0 0.129055910846
364 25890 104 18651 19314.0 0.938711961756
365 478492 762 185508 182772.0 0.671000655073
366 1527 302 120 174.0 0.773405246094
367 6256 48 2392 2711.0 0.611455272671
368 68123 599 9629 15874.0 0.594227803533
369 255178 1068 47712 76454.0 0.393972129532
370 1477 165 278 361.0 0.835574358909
371 1089 293 114 114.0 0.741712169279
372 1040 281 138 117.0 0.765985749901
373 1068 93 301 290.0 0.841160948549
374 1146 267 116 114.0 0.743294134406
376 3341 31 1413 1769.0 0.781598607476
377 2875 436 482 423.0 0.815980364201
378 1331 180 330 341.0 0.896098263403
379 1290 179 294 332.0 0.905132666814
380 193922 919 27568 46218.0 0.411443246691
381 22 10 9 9.0 0.702695961297
382 1879 336 263 262.0 0.791881385321
383 1311 308 102 155.0 0.75176181613
384 1310 290 94 128.0 0.76537577783
385 6086 404 711 1046.0 0.759018711647
386 1215 175 243 293.0 0.897928706256
387 1102 333 117 96.0 0.718052433837
388 1153 305 149 120.0 0.734770459345
389 138936 1283 10060 25079.0 0.339520596903
390 38770 853 3642 8569.0 0.639892919723
391 893 221 99 107.0 0.748256556687
392 16300 426 4258 3596.0 0.810970853318
393 1573 234 304 320.0 0.862887774276
394 1191 279 117 127.0 0.744241811609
395 87226 875 33736 29107.0 0.842860425406
396 43313 693 17883 14673.0 0.882996676668
398 89648 878 4446 14107.0 0.349064031158
399 14600 20 6196 5609.0 0.575570819023
400 46 16 16 16.0 0.788712055679
