0 4366 57 3455 7172 1.50321170818 0.954852636967 '700099531.may1'
1 6382 62 5619 8231 1.50476615123 0.935595216797 '700024878.may1'
2 7504 61 3302 20433 1.4591711932 0.931342363129 '700095522.may1'
3 3716 122 623 28931 1.50870493092 0.924948706289 '700035961.may1'
4 3286 18 3240 120 1.67531473205 0.785375870926 '700024270.may1'
5 4480 125 1597 7708 1.58257027775 0.980777438268 '700095543.may1'
7 6652 46 3544 11026 1.45927614193 0.977720635016 '700023946.may1'
8 2467 93 603 35550 1.47442268149 0.857811315791 '700098151.may1'
9 6312 18 6277 81 1.7304842581 0.70114605856 '700101831.may1'
10 5753 27 5363 3985 1.45183848549 0.960779566024 '700114232.may1'
12 4120 81 1730 4465 1.56953858683 0.987445180492 '700099237.may1'
13 13884 122 12781 11379 1.55699856612 0.86523190329 '700016661.may1'
17 2595 132 498 3435 1.64351636404 0.969968453244 '700016961.may1'
19 2249 136 457 8645 1.58439976103 0.938031992215 '700096530.may1'
22 692 46 453 1985 1.55663777003 0.674826723766 '700095577.may1'
23 260 76 29 277 1.81906767899 0.761346719468 '700015003.may1'
26 4102 28 3919 361 1.62761189536 0.85717800791 '700105794.may1'
28 488 51 82 3466 1.53268691747 0.62408190457 '700032288.may1'
29 5754 32 4194 580 1.60369804658 0.889161103115 '700033038.may1'
32 6104 22 5983 353 1.59196655246 0.88931126294 '700023800.may1'
33 2602 33 2410 197 1.7223131843 0.893864044407 '700033839.may1'
34 1069 54 527 1417 1.60160728186 0.977273550024 '700106579.may1'
35 2617 35 1892 19973 1.40679427237 0.866062546445 '700097789.may1'
36 6080 17 6048 66 1.74844743641 0.682451222568 '700037012.may1'
40 2115 53 804 2991 1.54645151357 0.924935512826 '700034830.may1'
41 3347 104 941 29649 1.49275734642 0.92302373429 '700033599.may1'
43 1272 15 445 2703 1.40278205609 0.888872705757 '700015977.may1'
44 7299 43 6217 785 1.61942412575 0.898960011966 '700095514.may1'
45 3560 121 2387 34369 1.49994202657 0.569370331586 '700037050.may1'
46 2941 30 1942 4188 1.46121762462 0.958423614304 '700032034.may1'
47 8213 38 6062 4235 1.48734882398 0.951000216414 '700033191.may1'
49 211 20 22 8774 1.38333188265 -3.83642905289 '700021920.may1'
50 5486 15 4539 5706 1.36993478239 0.925457873151 '700024607.may1'
53 5508 84 2939 8338 1.53598234753 0.988740393217 '700114767.may1'
55 777 58 93 16498 1.4638518068 0.50969410969 '700033035.may1'
57 6805 23 6400 1772 1.47762965993 0.966858211983 '700024078.may1'
63 5618 29 5481 323 1.64433367482 0.896271975296 '700024970.may1'
65 3115 80 1250 5122 1.55949898461 0.974435783011 '700034059.may1'
67 4391 32 1994 9658 1.42806852173 0.950017349164 '700106958.may1'
68 3702 32 1161 21771 1.39491792297 0.881129675423 '700097153.may1'
70 5637 39 2815 810 1.60313350523 0.909356505975 '700038950.may1'
71 2286 26 1261 3215 1.45874353975 0.930715733986 '700099567.may1'
75 2650 43 1738 319 1.70872162729 0.819542835865 '700035897.may1'
79 12425 62 11671 591 1.69845173201 0.813740850485 '700038820.may1'
80 4012 51 1561 1654 1.58256943331 0.911052397279 '700097964.may1'
82 1944 77 471 8437 1.52618982599 0.924412435805 '700035347.may1'
85 5325 141 1498 22954 1.53362390014 0.96421775252 '700102163.may1'
86 1527 58 505 20005 1.45525917291 0.822681474177 '700035973.may1'
88 7701 34 3674 12146 1.42428336887 0.963255058208 '700015274.may1'
89 2284 63 1308 3262 1.56108007617 0.979211159938 '700015892.may1'
90 5936 25 5834 145 1.71159795082 0.813165779824 '700105177.may1'
93 11205 80 10225 5718 1.55276617911 0.951923006441 '700016101.may1'
94 2991 42 1947 941 1.60095058603 0.824372400729 '700033483.may1'
96 689 21 246 3349 1.43179532673 0.867004064101 '700023277.may1'
98 829 15 726 257 1.55950351975 0.948046464222 '700105165.may1'
101 2523 36 1295 1232 1.55936170252 0.959006272505 '700032105.may1'
102 9607 374 2698 7805 1.69791703363 0.971155032204 '700016610.may1'
106 1305 48 741 18984 1.43928374255 0.349529159167 '700034960.may1'
108 3461 79 1653 18311 1.48912245311 0.935454111072 '700032010.may1'
109 584 62 108 632 1.69166879656 0.939029085317 '700032037.may1'
112 6196 66 4603 6712 1.52255745224 0.985967893118 '700016395.may1'
113 5184 13 5158 106 1.62810512635 0.737646232774 '700101833.may1'
114 4917 34 4138 3303 1.48849181518 0.985223997959 '700096990.may1'
116 2268 60 1075 14179 1.47420849436 0.832349606145 '700015009.may1'
121 2566 32 1211 9312 1.42968604746 0.892939568475 '700096084.may1'
122 13472 88 4133 23448 1.48788545914 0.959672027503 '700016160.may1'
123 3051 57 1397 22750 1.44805047487 0.924232234432 '700098703.may1'
124 131 26 30 65 1.84459213393 0.896899335432 '700032338.may1'
125 9129 190 2466 3029 1.69595245881 0.943272471962 '700024809.may1'
126 1641 88 325 8433 1.54022796049 0.868493086949 '700032459.may1'
127 1768 54 1391 2233 1.56821678435 0.897951926095 '700037842.may1'
129 1141 54 305 8915 1.4861598941 0.859822403768 '700035969.may1'
130 1221 50 426 12865 1.46053317077 0.805900195593 '700037773.may1'
131 3749 66 2086 33504 1.44559379102 0.876343582168 '700095866.may1'
135 520 14 316 380 1.5148519857 0.953425505292 '700099430.may1'
137 7898 120 1648 24560 1.51500529042 0.973999314221 '700024044.may1'
138 4168 89 1346 8816 1.53890109323 0.965092567708 '700034226.may1'
139 3466 17 1909 3842 1.40090936196 0.909466894168 '700096642.may1'
142 3616 52 1851 37304 1.41964225245 0.902421356317 '700096394.may1'
146 3039 30 1249 7966 1.42995632375 0.951020759766 '700114876.may1'
149 345 26 256 149 1.7155028307 0.956696979352 '700106926.may1'
151 3916 87 1768 21502 1.49083132257 0.935540871156 '700023890.may1'
155 6014 14 5900 1777 1.41530902963 0.91988684116 '700024076.may1'
157 2975 27 1753 6085 1.43109093092 0.967544285226 '700034118.may1'
159 160 21 53 147 1.67858176496 0.94877583207 '700023942.may1'
161 3297 37 2708 2836 1.50733666559 0.982705892311 '700095561.may1'
162 7404 393 1211 3422 1.77060187725 0.959311930152 '700023788.may1'
166 9474 153 2535 20350 1.54764124884 0.978982467218 '700111178.may1'
168 6647 51 2384 21331 1.4401842931 0.947661079842 '700032256.may1'
169 1463 12 1442 58 1.69280611735 0.745869533037 '700103579.may1'
170 126 21 84 46 1.86146099248 0.910145997255 '700105112.may1'
171 3580 30 3014 627 1.58762912922 0.931711820805 '700035765.may1'
172 3263 45 1814 4788 1.49952921013 0.97700796793 '700032468.may1'
173 728 88 95 9780 1.53195438538 0.352135005412 '700032465.may1'
175 3186 11 3107 387 1.47594547574 0.910927261194 '700015668.may1'
176 2168 62 1625 1978 1.59385176477 0.942295729692 '700033842.may1'
177 2950 101 1115 10328 1.54312829608 0.964947862098 '700097437.may1'
180 7570 32 7486 128 1.77522829861 0.789453821478 '700032376.may1'
181 2485 43 840 11965 1.44866127236 0.900265695458 '700016734.may1'
182 3955 100 903 14568 1.52360347659 0.939960290802 '700035965.may1'
183 4934 24 4069 8588 1.40324529033 0.952665529622 '700021691.may1'
184 6276 135 3538 17141 1.54459673337 0.972806776879 '700016584.may1'
186 1165 47 448 2002 1.55873386726 0.957160522692 '700015941.may1'
190 3685 45 2562 4964 1.4975296758 0.974200200371 '700016397.may1'
193 2841 42 2669 152 1.80051611774 0.885196153178 '700095764.may1'
194 3181 26 2855 2221 1.47944084774 0.97758174124 '700023855.may1'
198 847 61 220 30342 1.44239604447 -0.00538266247605 '700024707.may1'
199 2099 112 478 9335 1.55956638252 0.932568852434 '700095975.may1'
201 48 27 5 19 2.17131231752 0.276005520282 '700033485.may1'
203 6997 32 5406 11606 1.42009544725 0.979511279733 '700105023.may1'
204 5183 169 1488 5675 1.63517105852 0.966114360028 '700024615.may1'
206 3938 43 1179 14328 1.44063402277 0.914059408322 '700034206.may1'
207 6875 10 6807 405 1.45804188655 0.867262398423 '700032282.may1'
208 3913 101 685 17575 1.51500120159 0.944974754367 '700035553.may1'
209 2119 99 697 2899 1.62236816889 0.971109376751 '700034100.may1'
210 1947 118 344 17122 1.53150660658 0.87486368071 '700015962.may1'
214 791 57 107 7677 1.49958387153 0.738530152947 '700111620.may1'
215 4513 34 2556 5512 1.46104752886 0.979651607957 '700096992.may1'
216 1783 143 508 28790 1.52369623557 0.640028393809 '700034222.may1'
217 2783 119 1581 5815 1.59512820669 0.941472283157 '700107242.may1'
218 2545 70 1046 14577 1.48819075513 0.928132405181 '700015890.may1'
221 4299 76 2351 7740 1.5296039323 0.950249446742 '700097036.may1'
224 3910 39 1344 3695 1.49796214177 0.927611908262 '700096398.may1'
225 4421 44 3986 355 1.70041487793 0.913836119922 '700033710.may1'
228 3386 48 2520 5858 1.4955776004 0.973431695879 '700023666.may1'
229 7341 10 7281 1153 1.39455808717 0.918359489936 '700100020.may1'
233 2788 45 1017 30926 1.41356674034 0.834055462599 '700024149.may1'
235 3166 16 2351 1110 1.45905825535 0.893702931154 '700023938.may1'
240 4056 40 2447 8279 1.45841600479 0.971638442473 '700035879.may1'
245 1921 103 585 14881 1.52542880805 0.87580637841 '700097529.may1'
248 13199 19 10724 7869 1.38232510679 0.931256961895 '700037381.may1'
249 5430 280 1006 2176 1.77180020281 0.939870512643 '700013596.may1'
250 1520 55 871 37353 1.42467484462 0.379274477687 '700032976.may1'
252 4241 37 3859 3127 1.50152508895 0.959541464565 '700097477.may1'
256 3360 39 1314 12044 1.43850240014 0.929155947157 '700096734.may1'
257 7734 25 6474 667 1.55627195657 0.885989057726 '700034686.may1'
258 22864 36 12734 8951 1.44372034192 0.955039969508 '700102559.may1'
262 6813 27 6049 373 1.61873152885 0.850555439439 '700099561.may1'
267 3153 39 2274 1042 1.58272525946 0.914281537152 '700096410.may1'
269 18992 98 16931 24352 1.49630256084 0.952083742851 '700037781.may1'
270 4314 119 2110 2683 1.65011107176 0.965555264934 '700102062.may1'
272 2749 33 919 7384 1.44354715463 0.930827153492 '700016582.may1'
273 3995 49 1149 12642 1.45931320616 0.930467835322 '700024839.may1'
274 4133 14 3470 220 1.5625016604 0.757813523823 '700098649.may1'
275 4429 53 3622 2050 1.57191899009 0.987036674888 '700101793.may1'
276 8910 116 3760 5306 1.5983299988 0.97062203055 '700024173.may1'
277 1375 58 265 32139 1.43542164961 0.708161274536 '700035967.may1'
278 284 49 65 387 1.70783002411 0.819503237129 '700111350.may1'
280 2646 61 646 19420 1.4614212607 0.903523444774 '700035679.may1'
281 5986 88 2592 24483 1.48589805231 0.960829508267 '700024661.may1'
282 4252 78 1376 37386 1.45630923644 0.925116497002 '700101815.may1'
284 2583 71 688 16629 1.48328411917 0.91798935897 '700114987.may1'
286 487 29 137 3694 1.46396431272 0.687065506489 '700023912.may1'
288 15053 27 14222 1267 1.51961306448 0.91943816505 '700038818.may1'
289 539 63 202 2026 1.59408238564 0.714449488404 '700015006.may1'
293 1861 103 389 35928 1.48326168891 0.769525394449 '700034881.may1'
295 4142 73 3900 248 1.82752406719 0.900957534919 '700097621.may1'
296 8861 36 8255 1482 1.54605878057 0.915449383027 '700023321.may1'
298 2737 71 704 28004 1.45982941264 0.886223038723 '700035198.may1'
300 4159 126 673 10211 1.5665227742 0.933545812688 '700035953.may1'
301 2997 50 2286 5160 1.5070507234 0.970395294724 '700023281.may1'
302 3033 70 1928 9637 1.50908884971 0.943577350915 '700097517.may1'
304 8276 37 7815 1872 1.53358598854 0.955587770815 '700033495.may1'
307 3004 44 1229 4143 1.5051751064 0.892007068462 '700097455.may1'
308 4592 85 3974 3160 1.59823238621 0.797023415023 '700024972.may1'
310 534 44 147 4718 1.49784292861 0.639883453929 '700103587.may1'
311 5059 28 4696 151 1.72723429349 0.790124476906 '700111638.may1'
313 5137 99 2104 7951 1.55601954186 0.947724204536 '700099738.may1'
314 3413 33 1047 33812 1.38183916882 0.897818155888 '700097946.may1'
317 3026 47 2154 21950 1.4312062746 0.861658258534 '700096672.may1'
318 3423 51 933 16600 1.45098500036 0.914126052258 '700032657.may1'
320 2975 87 736 30277 1.47529903122 0.909983477226 '700035665.may1'
321 466 11 184 708 1.43526443965 0.862283886555 '700105051.may1'
324 6554 44 3115 20904 1.42691083856 0.959926585182 '700024817.may1'
325 2724 48 1637 5262 1.50144270155 0.969105468582 '700098236.may1'
326 2835 84 451 19348 1.4924431383 0.912957173067 '700016478.may1'
328 10481 211 3753 6670 1.64803933484 0.96588310336 '700106093.may1'
331 4830 67 2219 18071 1.47375380855 0.964669839771 '700037722.may1'
335 3598 189 1632 2806 1.70166512426 0.982667549356 '700033989.may1'
336 7588 47 6934 4207 1.51175579567 0.930644458167 '700016754.may1'
341 4108 56 1280 1669 1.59376867188 0.905563539359 '700111214.may1'
342 2108 68 843 4508 1.54927476127 0.968926581946 '700035763.may1'
348 1497 67 463 8007 1.51441470537 0.894598494831 '700035623.may1'
350 1763 36 1535 211 1.72900626412 0.926201189425 '700111489.may1'
351 6859 37 4210 20191 1.41170270938 0.969351672306 '700103305.may1'
352 11822 24 11190 8745 1.40248287878 0.897549209444 '700106786.may1'
354 3113 79 1016 14493 1.50047478166 0.931554409461 '700095748.may1'
358 3086 27 2715 1763 1.49804493812 0.98885825582 '700033607.may1'
359 95 37 7 80 1.88167083756 0.38232611044 '700033029.may1'
360 4888 90 2826 21023 1.49513371046 0.940454253256 '700033692.may1'
362 1785 68 1095 13637 1.4885463183 0.694818005014 '700034891.may1'
363 9268 21 9173 151 1.6748560228 0.780942956983 '700033044.may1'
364 3528 36 2143 234 1.71579816513 0.831459328486 '700111208.may1'
370 6396 73 3348 26671 1.46452627386 0.966360971257 '700024050.may1'
371 246 12 95 1245 1.41444211334 0.629483534714 '700035781.may1'
372 6167 402 617 3759 1.76487636229 0.95505374343 '700021824.may1'
374 9194 27 9015 561 1.58174324351 0.906165548776 '700016506.may1'
375 3555 36 1658 6410 1.45970862418 0.91364274077 '700096141.may1'
376 3738 111 683 17889 1.52329622536 0.939577097357 '700032426.may1'
377 539 30 85 19108 1.39366415996 0.143752377658 '700114679.may1'
379 8240 20 8173 145 1.67115524742 0.775601590417 '700034130.may1'
380 3598 146 1603 21451 1.54040618749 0.890290196129 '700016991.may1'
382 3724 137 358 37724 1.50697861987 0.894874194651 '700032028.may1'
384 2330 20 1096 7371 1.39042709431 0.940622789825 '700035367.may1'
389 8877 280 2025 12430 1.63587111651 0.971073544081 '700038902.may1'
390 3638 25 2584 673 1.55554245402 0.869237360105 '700096917.may1'
391 1933 86 446 18377 1.49718294425 0.879004839958 '700015959.may1'
394 2975 28 1667 17032 1.39134999296 0.935636258073 '700099255.may1'
397 1462 46 265 4871 1.50101398276 0.892642609938 '700107228.may1'
398 225 10 201 126 1.55838127437 0.835628579573 '700035359.may1'
400 4767 17 4701 283 1.57130729466 0.865584197654 '700033193.may1'
402 3964 82 1971 33362 1.46565062014 0.913191844739 '700095989.may1'
403 310 34 74 696 1.59665779369 0.841155455083 '700103243.may1'
404 1768 97 698 3540 1.60564114882 0.97140620224 '700035329.may1'
405 114 10 61 66 1.63552733749 0.888100241413 '700106717.may1'
407 210 11 33 18199 1.29836923035 -22.4218960416 '700015671.may1'
408 2679 24 1518 654 1.55203659829 0.894597976569 '700023906.may1'
409 3628 51 1278 9757 1.47572597492 0.947352335775 '700096467.may1'
410 412 12 93 8504 1.33117683535 0.161131626908 '700021886.may1'
411 1474 54 550 11194 1.47489154664 0.876371678742 '700035343.may1'
412 4172 70 2714 21814 1.46942827032 0.925289093949 '700033173.may1'
413 1619 42 375 18844 1.42669451772 0.847647353486 '700095817.may1'
417 3887 22 2519 3321 1.4376123762 0.969518783708 '700023410.may1'
418 5079 66 1719 4733 1.54294189335 0.936322078087 '700037052.may1'
419 4685 39 4312 733 1.61168456552 0.962742225489 '700099276.may1'
420 2724 50 1553 7669 1.48576471431 0.962898864452 '700095809.may1'
424 4923 203 1319 6928 1.64124726551 0.966378600751 '700033665.may1'
425 6109 123 1159 27339 1.51215484007 0.938403953904 '700106585.may1'
426 4406 88 3662 1814 1.64418043296 0.86113374715 '700024677.may1'
427 3311 61 1560 3867 1.54647420129 0.981431091642 '700037702.may1'
429 2028 22 1527 1040 1.50584429113 0.960015268045 '700097465.may1'
430 1354 13 1316 160 1.58176043051 0.885602256549 '700035991.may1'
431 6151 32 3232 8715 1.43265896022 0.952682206747 '700015650.may1'
433 11118 15 10873 6701 1.3635614796 0.863563100294 '700106713.may1'
435 3648 51 1839 287 1.74909813279 0.822957886426 '700034824.may1'
436 1623 67 323 3901 1.55665101637 0.940693510136 '700105632.may1'
439 1306 11 1269 84 1.62305878072 0.813066558049 '700015965.may1'
442 5630 18 5363 888 1.48930997765 0.946493654745 '700024768.may1'
443 1552 72 411 2076 1.60873762958 0.966499127946 '700106930.may1'
446 3783 84 825 25007 1.48055073774 0.912288723455 '700098766.may1'
447 2963 33 2024 1116 1.55513798284 0.964097492348 '700100008.may1'
448 3385 74 1198 4017 1.5661104893 0.967249151866 '700035176.may1'
450 332 52 51 4047 1.52549878116 -0.37236188893 '700096412.may1'
456 6932 134 3103 4337 1.62824933565 0.979152085089 '700037738.may1'
461 622 10 489 207 1.51075160024 0.871599126717 '700032262.may1'
462 2756 36 2398 2714 1.50672234363 0.871948649724 '700033969.may1'
463 134 25 47 184 1.68188287329 0.767539903647 '700098163.may1'
464 1809 64 891 2624 1.57758073536 0.970462757908 '700096656.may1'
468 4363 77 1363 35823 1.45690816636 0.940924054604 '700034202.may1'
469 4568 179 1225 4174 1.66384858717 0.965017561973 '700034794.may1'
470 1955 161 234 10609 1.58943522343 0.894154214149 '700015770.may1'
473 2803 105 487 21158 1.50957535099 0.908424723461 '700097936.may1'
480 2510 66 1609 1872 1.60573756989 0.970142467592 '700032115.may1'
482 2114 61 735 12219 1.4829954931 0.896043765435 '700033189.may1'
483 3666 50 1687 5792 1.50065314092 0.945667740907 '700096899.may1'
487 3132 51 1662 4641 1.51527855934 0.984456446618 '700034893.may1'
489 3961 33 2718 9145 1.43369175164 0.971760949275 '700099500.may1'
491 3994 83 1718 25147 1.47917304795 0.933722789826 '700095683.may1'
493 3275 25 1756 14630 1.38602085919 0.872729345134 '700016939.may1'
494 2106 74 674 22122 1.47409250914 0.865735771398 '700033396.may1'
497 4380 109 2407 13245 1.53723264755 0.957487686135 '700097038.may1'
500 955 34 623 17897 1.40831469285 0.16932714965 '700037383.may1'
502 2683 76 1677 30491 1.46250241723 0.651704803518 '700037704.may1'
505 1687 30 1472 1416 1.52572960651 0.946286921151 '700105120.may1'
506 2655 35 1370 2653 1.50473476043 0.962040454436 '700032374.may1'
509 2845 40 1378 1255 1.5717787155 0.95305118695 '700097052.may1'
510 1495 55 429 28450 1.43542058106 0.715824437901 '700015971.may1'
512 5088 22 4958 239 1.63056839327 0.870227517669 '700024003.may1'
514 711 17 571 666 1.50123287043 0.954710310331 '700111284.may1'
515 3701 36 2726 247 1.70931079139 0.813298540118 '700106190.may1'
518 3111 42 2659 2451 1.53151785274 0.974284541286 '700034073.may1'
519 2353 27 1538 9053 1.41328125114 0.952153796361 '700035194.may1'
521 10146 84 6895 15162 1.50430587313 0.979006589079 '700016087.may1'
522 16711 350 6965 14889 1.64661950654 0.956888362038 '700023096.may1'
524 9726 74 2919 28775 1.46251324341 0.94267817463 '700033785.may1'
526 3722 35 2213 14083 1.42092281725 0.96300509469 '700023216.may1'
528 3640 38 2099 22418 1.41014440895 0.933670131064 '700023892.may1'
531 3260 80 1022 21542 1.48273549492 0.922075297734 '700095695.may1'
532 3544 11 3119 2268 1.37372183427 0.956539977071 '700032178.may1'
536 11815 247 2630 15303 1.61039677861 0.958353357399 '700105181.may1'
538 3610 47 1617 891 1.6208598098 0.914808776566 '700097467.may1'
542 3754 45 1392 21537 1.42783866677 0.922237156363 '700016792.may1'
543 2408 27 1005 5373 1.43698746007 0.943174004663 '700096630.may1'
544 10590 40 5376 2256 1.53093827415 0.899706659832 '700024920.may1'
547 3951 60 2928 9346 1.49470890191 0.937243509178 '700111477.may1'
549 1324 108 594 6682 1.57578653679 0.695275343056 '700034828.may1'
550 5885 111 2239 2301 1.65378961291 0.946627378931 '700106573.may1'
551 9005 44 8712 774 1.62387956463 0.926329381784 '700114882.may1'
552 5793 28 3160 6531 1.43171752474 0.941995676938 '700099494.may1'
553 3772 48 1573 16732 1.44470789115 0.95295303654 '700037262.may1'
556 3643 16 3572 426 1.52609342074 0.90330007327 '700095267.may1'
558 1438 40 514 11910 1.44155835753 0.871081991205 '700035621.may1'
561 8127 163 3329 4135 1.65391683484 0.969861165255 '700023845.may1'
562 12820 22 10497 1171 1.49789271345 0.839135395583 '700038970.may1'
565 2451 50 1543 881 1.63044140409 0.952130217183 '700095772.may1'
566 2207 73 945 25324 1.46678876671 0.832926266577 '700034077.may1'
567 4130 52 3394 6066 1.50239726112 0.908038480489 '700024868.may1'
568 7187 19 7121 60 1.78890123501 0.659080906445 '700095263.may1'
569 6662 215 2351 5497 1.66390442447 0.976693160496 '700111461.may1'
573 5262 139 1366 15636 1.55240592003 0.961163495369 '700099978.may1'
574 10668 345 4876 8364 1.68434557568 0.962432083051 '700015250.may1'
575 134 15 87 132 1.62871524846 0.891745593109 '700103583.may1'
578 2422 51 979 20876 1.44109270151 0.905168275999 '700111483.may1'
579 4374 15 4277 651 1.4849325187 0.921608056642 '700097060.may1'
580 3163 34 1717 14868 1.41580047883 0.928636683474 '700032031.may1'
581 1943 84 662 15951 1.50179151624 0.883519438796 '700107234.may1'
582 2944 66 497 21776 1.46389465917 0.900561957908 '700032007.may1'
583 3456 153 1369 1989 1.7053972855 0.97963287492 '700034641.may1'
584 3330 80 1343 22674 1.48038772216 0.924163311912 '700032040.may1'
586 7268 39 6915 423 1.6632711936 0.905866452389 '700024159.may1'
590 1465 49 469 4841 1.50839898052 0.941619277463 '700035333.may1'
591 3106 92 579 34532 1.47469473017 0.881887222155 '700095758.may1'
593 2909 59 2026 328 1.75622618529 0.894078999707 '700034822.may1'
600 4977 245 1218 6839 1.6623551984 0.967839877808 '700016765.may1'
604 2047 45 516 23018 1.42514336274 0.86457115923 '700107222.may1'
606 3935 103 1259 35433 1.48387242784 0.892796838434 '700097809.may1'
608 2401 95 780 8828 1.54563709836 0.94473673431 '700111630.may1'
611 1090 16 1034 332 1.54710160282 0.885515671651 '700015906.may1'
612 3242 56 1207 26698 1.43969186671 0.925892828246 '700034079.may1'
614 1762 34 1337 1143 1.55729731837 0.958354748647 '700035783.may1'
615 4473 35 4299 140 1.77894128777 0.836400959871 '700096558.may1'
616 6049 35 3037 25441 1.39755422634 0.952069315287 '700024316.may1'
617 4203 120 1057 16328 1.53563443247 0.96561471993 '700102318.may1'
618 1562 93 336 7939 1.54950717909 0.904562129704 '700034879.may1'
624 2767 85 1453 15566 1.50416603216 0.898442263116 '700034808.may1'
625 2999 70 890 6007 1.53526395141 0.901982778746 '700033824.may1'
627 139 14 59 540 1.48816155775 0.547384911392 '700035691.may1'
628 2319 51 1158 5098 1.50991892679 0.916060620996 '700033410.may1'
629 4094 41 2990 22101 1.41792865618 0.91327509676 '700098659.may1'
630 3758 14 2358 3134 1.38777300722 0.930216916605 '700096455.may1'
631 1539 61 387 15024 1.47312576636 0.83408893114 '700023251.may1'
632 887 40 456 4924 1.4848774667 0.792899874546 '700032978.may1'
633 7708 152 1846 9517 1.59011234477 0.958226832986 '700033202.may1'
634 2178 40 609 34915 1.39825531352 0.820015831194 '700097457.may1'
635 7142 195 2044 16710 1.58197197312 0.97858101314 '700111318.may1'
636 8466 307 1799 12355 1.64556155439 0.970816221621 '700024998.may1'
637 42 10 13 79 1.6115814178 -0.0123628306675 '700035565.may1'
638 3534 16 3101 3263 1.40147274492 0.972245475047 '700038773.may1'
640 7476 34 6805 939 1.57227261858 0.923641386326 '700033498.may1'
642 1431 46 1070 1441 1.57964796962 0.958598679164 '700103575.may1'
643 3011 39 1051 22174 1.41304251993 0.92327708356 '700033613.may1'
645 2768 34 925 5669 1.45963575667 0.922208545946 '700095571.may1'
646 4999 30 1593 13670 1.40680305855 0.852740614312 '700023613.may1'
648 3266 35 2903 2691 1.50387306721 0.956740654333 '700023668.may1'
649 1607 61 230 6038 1.52000035494 0.885132850949 '700035609.may1'
652 1216 65 324 3957 1.55228873037 0.81978473199 '700015908.may1'
656 3364 34 2504 105 1.81769199924 0.754223035853 '700024870.may1'
657 3501 91 939 29573 1.48049997397 0.906382374948 '700034212.may1'
658 400 31 136 21103 1.3930602688 -2.24494380205 '700023910.may1'
665 1600 26 564 11217 1.40043541237 0.880620132845 '700035693.may1'
666 4888 52 2906 13638 1.46176722339 0.956078816937 '700024892.may1'
667 5872 20 5364 406 1.56441709973 0.854236169686 '700034684.may1'
668 5906 136 1768 5336 1.61550886932 0.969144443046 '700037074.may1'
671 2202 73 440 23523 1.47004887967 0.883787352644 '700099245.may1'
674 4713 38 4313 1175 1.57000855172 0.952449049654 '700096903.may1'
675 3707 74 2763 8203 1.52356063157 0.927070178181 '700097519.may1'
676 4100 69 3718 500 1.73211139108 0.932519242254 '700037048.may1'
678 15703 50 15077 457 1.69322083583 0.84755318616 '700037870.may1'
679 26 14 4 12 2.12260207805 0.432429178015 '700103507.may1'
682 1826 61 1061 4800 1.53330962404 0.940452789983 '700015896.may1'
683 1373 11 1244 239 1.51452534258 0.852586945872 '700015968.may1'
684 12014 75 7456 11011 1.50920274863 0.956662053688 '700016637.may1'
686 2202 71 1011 1060 1.66181635211 0.972004133343 '700111624.may1'
687 2075 23 1351 1351 1.49445412266 0.962998462433 '700096548.may1'
689 2961 86 491 11594 1.52042831544 0.939045959701 '700035541.may1'
690 5117 51 1478 30181 1.426064382 0.936531440577 '700111336.may1'
691 3617 38 3331 394 1.66645673605 0.896706841367 '700105792.may1'
692 549 60 210 1101 1.63599368365 0.868045307179 '700033554.may1'
695 3923 35 2846 691 1.60134469551 0.902809506189 '700097803.may1'
696 8502 44 5671 7314 1.47460920998 0.970684494224 '700021904.may1'
697 3034 18 3009 42 1.84332259369 0.627320613826 '700032474.may1'
700 2400 32 671 22672 1.39339918132 0.884513895509 '700032962.may1'
701 8508 125 1926 31245 1.50733546117 0.926414196336 '700105187.may1'
702 1075 27 922 1306 1.51754928764 0.847422034049 '700015904.may1'
703 1801 49 562 31748 1.42040109706 0.806578700215 '700095807.may1'
704 5902 74 5581 1249 1.65299232139 0.863713866758 '700015000.may1'
706 2849 24 2062 1125 1.51212581626 0.877170904909 '700035777.may1'
708 9327 33 9151 411 1.64045614219 0.890998108975 '700016504.may1'
709 4681 32 3395 2306 1.50244242094 0.943209997191 '700096473.may1'
711 5516 115 1974 35537 1.4937847768 0.915384294536 '700037325.may1'
712 4094 53 1020 19430 1.44784999986 0.926797570341 '700016606.may1'
713 2261 64 739 2310 1.58654029133 0.971854980779 '700114240.may1'
714 4405 290 733 3514 1.73297788334 0.974947209877 '700023654.may1'
716 105 20 55 65 1.78798600132 0.926359869639 '700111276.may1'
717 2582 45 538 27158 1.4185811581 0.855246475356 '700098143.may1'
719 238 16 62 5348 1.37966539044 -0.595518744519 '700024264.may1'
720 3302 73 841 11448 1.50444082394 0.946407381679 '700098711.may1'
721 4594 498 925 715 1.97635436768 0.935478171453 '700096380.may1'
723 11649 86 3791 17509 1.49952630203 0.919714558399 '700037651.may1'
724 3874 34 3660 966 1.57002863427 0.952960684879 '700097475.may1'
728 4099 30 3974 363 1.63790353707 0.9085116383 '700106518.may1'
729 7366 62 5362 7150 1.5123532363 0.990398604068 '700024330.may1'
732 1742 19 754 23063 1.34339880646 0.786039443894 '700111479.may1'
733 7188 73 2513 10179 1.51053590099 0.963222956929 '700023521.may1'
734 306 48 63 725 1.64201534354 0.799878123977 '700103585.may1'
737 3274 60 1130 7243 1.50815293922 0.966114754273 '700035392.may1'
738 5533 26 2681 8130 1.41398661896 0.944849388899 '700032355.may1'
739 2467 83 1054 3595 1.58659315733 0.932139866219 '700034218.may1'
741 3207 69 2433 6726 1.52721215436 0.826296734878 '700024974.may1'
742 2749 34 2597 472 1.63164475584 0.932390855396 '700024727.may1'
743 232 22 73 3976 1.42866253722 -0.706114173086 '700023908.may1'
744 2245 43 723 3374 1.51453792394 0.931391657935 '700033557.may1'
748 2297 11 2073 1011 1.41436695348 0.943738438715 '700102092.may1'
749 1832 28 1788 30 2.03611982516 0.669640099567 '700015665.may1'
751 2041 41 1017 961 1.59596595416 0.954344423696 '700021934.may1'
752 2311 119 1283 5303 1.60119463946 0.800576542334 '700034220.may1'
755 3555 58 2289 2980 1.55730603475 0.977769109236 '700111280.may1'
756 6185 49 1202 31875 1.42024695678 0.885030925469 '700023568.may1'
757 3720 56 2511 3363 1.5454091717 0.953309583063 '700097453.may1'
758 2228 70 469 20372 1.4725076474 0.897671782423 '700096188.may1'
762 28911 22 28863 88 1.75757041274 0.645233610461 '700102583.may1'
763 2509 19 1915 7568 1.38390155954 0.911226469019 '700097398.may1'
769 2645 23 1362 1120 1.50676329957 0.937480444001 '700034812.may1'
770 3430 45 1810 279 1.73211061157 0.848879746665 '700024310.may1'
772 7140 29 6495 3813 1.4622863898 0.947773848574 '700096096.may1'
777 2562 17 1938 522 1.51929488627 0.850932937881 '700106188.may1'
781 124 29 18 236 1.6785388187 0.534365179326 '700015674.may1'
782 2720 91 490 15665 1.51056747264 0.931005848765 '700095689.may1'
783 3124 32 1123 28872 1.384577784 0.88816772435 '700016488.may1'
785 1267 31 285 6510 1.44283404769 0.83302489068 '700107220.may1'
786 2732 65 1195 1887 1.60323193416 0.969812190218 '700114777.may1'
788 3689 37 2166 5345 1.47191426256 0.97079095192 '700034659.may1'
791 9220 128 2685 32147 1.50818878236 0.941671706022 '700024657.may1'
792 5293 11 5168 402 1.4731981115 0.853887529411 '700023491.may1'
796 4653 29 1848 1772 1.50669078053 0.851771571464 '700038412.may1'
797 1333 29 750 4873 1.44967562901 0.947788617263 '700015947.may1'
798 2534 65 1513 3652 1.55738139597 0.972349953142 '700034116.may1'
799 4925 26 4796 503 1.5854621771 0.912519120253 '700106516.may1'
806 3831 42 3463 1451 1.56737835032 0.968678596149 '700037922.may1'
807 3102 98 1069 18207 1.51030866199 0.923916525898 '700095559.may1'
809 3520 52 2332 27945 1.43092410532 0.887218321558 '700111475.may1'
810 3213 95 1928 6198 1.5665673704 0.973769287498 '700095685.may1'
811 2867 104 781 22238 1.50624974852 0.911463882951 '700034262.may1'
812 2874 64 2401 1683 1.61003030244 0.967977481554 '700034832.may1'
814 1620 83 526 11958 1.5152082706 0.620929509996 '700037171.may1'
815 4320 14 4204 135 1.61350519569 0.756560318425 '700023436.may1'
818 5929 39 4014 10980 1.44263536857 0.96264105636 '700024843.may1'
819 1381 56 602 22918 1.4460585204 0.63925589014 '700033611.may1'
820 4039 41 2204 1590 1.55770584418 0.897737382453 '700100006.may1'
822 472 50 90 8881 1.47832729977 -0.0393716561477 '700035689.may1'
823 12012 34 11967 25 2.13492032518 0.51767645007 '700023102.may1'
832 8765 76 8286 5027 1.55497653081 0.806354448025 '700016097.may1'
833 140 21 64 334 1.58972452176 0.425895518973 '700023325.may1'
834 4896 28 4765 136 1.74194017706 0.818111077343 '700037274.may1'
835 205 23 121 230 1.64208700332 0.859419016298 '700105169.may1'
841 2292 57 1104 4716 1.52677787194 0.962661971108 '700111632.may1'
843 88 19 49 54 1.80751433653 0.776684002046 '700023319.may1'
844 14441 65 6388 16306 1.47555722334 0.944334325274 '700037653.may1'
851 7534 39 5689 2327 1.52589050548 0.92661209111 '700033787.may1'
852 8524 36 5761 943 1.57968485563 0.873535796654 '700016325.may1'
853 10290 102 9476 642 1.76207178853 0.937734325229 '700114872.may1'
854 3497 24 2925 680 1.54893843967 0.893685490339 '700024605.may1'
856 3819 78 2710 3420 1.58278273277 0.977326392169 '700096552.may1'
857 3822 40 1290 21217 1.41719980951 0.924162240221 '700102336.may1'
858 5393 14 5373 50 1.75197550512 0.617721309266 '700098032.may1'
859 3388 71 1824 21381 1.47168214961 0.913903631735 '700095249.may1'
860 2266 39 1024 3281 1.50484295311 0.970453893548 '700097473.may1'
864 2607 58 2184 504 1.70511800361 0.955700780277 '700037020.may1'
865 2124 17 1511 15138 1.34668769646 0.892886585863 '700034272.may1'
869 1901 93 222 14236 1.51758726903 0.887277213985 '700097597.may1'
872 3534 73 1409 22633 1.47176958737 0.847215833619 '700114588.may1'
874 5257 43 2986 30610 1.4097630145 0.938026006369 '700023001.may1'
879 2178 36 1247 1825 1.53187067478 0.918128932195 '700106077.may1'
880 3200 119 918 40421 1.49113808604 0.814941394703 '700097531.may1'
881 5557 37 5200 16926 1.41879129856 0.630428751846 '700106087.may1'
884 2470 34 798 35304 1.38305598178 0.860208892119 '700096907.may1'
889 11287 117 3470 22727 1.51639414483 0.934598754911 '700023952.may1'
890 3898 75 1588 6930 1.53445865567 0.969254428419 '700024709.may1'
891 9459 110 4270 30192 1.49711862679 0.974951277733 '700024566.may1'
892 3928 160 603 12860 1.57740616318 0.957836115116 '700035755.may1'
895 6517 31 5347 8528 1.43031888046 0.990723707029 '700037712.may1'
896 3758 15 3588 330 1.5371538444 0.858401093641 '700096560.may1'
901 4977 18 4648 736 1.50227093243 0.857858695522 '700101821.may1'
903 5381 46 4865 665 1.64385325986 0.897945309102 '700098930.may1'
904 4863 35 3965 219 1.71911718181 0.813388818722 '700098721.may1'
905 1560 35 772 3632 1.48650369819 0.958066227253 '700015950.may1'
906 529 29 261 14238 1.40179562277 -0.283034594351 '700023275.may1'
909 1252 45 493 5041 1.49667523792 0.930324625734 '700034869.may1'
913 3687 92 2730 12629 1.52273924711 0.839085238262 '700033713.may1'
914 2464 35 1367 14344 1.42015672157 0.925269328741 '700105346.may1'
915 1468 23 829 19839 1.36671507637 0.773515178724 '700106085.may1'
917 4110 61 3089 2861 1.5659787056 0.992312233986 '700098010.may1'
918 2532 50 1344 14509 1.45504310189 0.920703653423 '700038972.may1'
919 258 45 74 379 1.69695723713 0.82332052584 '700033848.may1'
920 3661 90 613 27713 1.48238071418 0.922601003146 '700034208.may1'
922 3627 31 2991 1263 1.53793915211 0.971666797016 '700096980.may1'
925 2737 37 1140 2947 1.50503780861 0.931863622478 '700032133.may1'
927 3761 66 1494 9519 1.50364237073 0.958272528754 '700098131.may1'
932 6871 68 3178 5738 1.53477522571 0.969465146057 '700023487.may1'
934 1889 42 1234 8593 1.46173878237 0.909078723669 '700111260.may1'
937 1125 72 137 8884 1.51634427608 0.821614203434 '700111604.may1'
939 8934 16 8898 152 1.62474402891 0.735231694078 '700106120.may1'
940 2235 57 694 20789 1.45191798804 0.894040782231 '700096192.may1'
941 5210 15 5108 1084 1.45191374719 0.929061004589 '700024393.may1'
946 1159 56 474 863 1.64781455877 0.982311449456 '700033719.may1'
947 5102 63 2478 9114 1.50108226964 0.960225768012 '700037385.may1'
948 1472 30 314 8046 1.42950362193 0.858146992119 '700035971.may1'
956 441 23 285 897 1.52224573556 0.844055847445 '700023479.may1'
958 4779 59 2704 27466 1.44339532019 0.925377279676 '700023218.may1'
960 3514 45 1792 2926 1.5285554616 0.947211576056 '700034061.may1'
961 28 17 5 8 2.37034660077 0.843330010903 '700114584.may1'
962 6153 17 5557 248 1.58371591007 0.776905913212 '700033247.may1'
963 5289 118 1181 19948 1.52369476141 0.939747931833 '700016994.may1'
968 1106 59 196 36339 1.43211571649 0.533125651148 '700024568.may1'
971 1907 30 1233 1003 1.55020885438 0.962160679879 '700035594.may1'
972 2164 33 1634 1388 1.53944057844 0.957249548162 '700015923.may1'
973 3695 28 3534 960 1.54412339309 0.914709288536 '700111358.may1'
975 7816 70 5433 33404 1.45110406132 0.96422942879 '700016065.may1'
980 4798 31 3824 1539 1.52434259887 0.956617745018 '700097163.may1'
984 5028 64 1812 10335 1.49622704019 0.97429268614 '700102135.may1'
985 3732 103 649 38681 1.48003544188 0.897011760142 '700095750.may1'
988 2339 105 468 18291 1.51677389197 0.867811179983 '700032456.may1'
991 2579 108 362 32286 1.49236642842 0.861611378219 '700015884.may1'
994 12596 145 9656 25456 1.53106146856 0.955861851438 '700016655.may1'
995 3082 114 730 7793 1.5721358653 0.955100740474 '700016576.may1'
996 926 37 261 6566 1.4614624449 0.790091900299 '700035989.may1'
997 3708 47 2062 3352 1.52526650147 0.972356693824 '700096722.may1'
998 17554 81 15029 24056 1.47887647408 0.943013020307 '700037779.may1'
999 4019 57 3578 557 1.69230466202 0.928853820996 '700033707.may1'
1000 2615 23 2531 100 1.7471559312 0.820792434568 '700103577.may1'
1005 6580 45 5174 2079 1.5507783566 0.890398603321 '700037427.may1'
1006 8448 240 2044 12719 1.61887374922 0.975146318558 '700016029.may1'
1009 13173 406 1814 15484 1.65877986823 0.953926519191 '700106170.may1'
1010 2229 35 1911 2435 1.50995695165 0.953012418092 '700111282.may1'
1011 16497 87 7148 19355 1.4958115558 0.947636720607 '700038426.may1'
1015 2542 37 1365 8647 1.448186677 0.913800494562 '700096974.may1'
1016 3166 45 2461 3983 1.50999195609 0.974317879701 '700095707.may1'
1017 5018 25 3286 8141 1.40980447574 0.965445282734 '700096998.may1'
1018 5273 29 2935 975 1.54775689218 0.876433236407 '700099996.may1'
1019 3314 37 1697 2634 1.51179813224 0.95567545484 '700016744.may1'
1020 4680 122 2370 5851 1.59745645795 0.984589531716 '700024930.may1'
1021 2093 73 357 26768 1.46436752224 0.849416315175 '700097390.may1'
1022 6762 45 3163 10707 1.45840544446 0.951510527997 '700024723.may1'
1025 3769 92 3303 3357 1.60323883183 0.776062387346 '700014997.may1'
1026 2469 28 1729 334 1.63533079458 0.884688882006 '700111206.may1'
1027 3407 64 1097 30861 1.44613237068 0.914209526856 '700100207.may1'
1031 2735 17 1539 2397 1.42371742583 0.946406804261 '700096674.may1'
1034 4604 111 593 27713 1.50193384084 0.920534753665 '700024009.may1'
1035 4221 20 4068 230 1.61841850073 0.850282059314 '700024161.may1'
1039 6678 45 3315 4392 1.50437772451 0.956689092885 '700107244.may1'
1041 2639 58 1864 2120 1.58062074598 0.986249819473 '700095991.may1'
1043 3458 33 1729 672 1.59540938142 0.86154033228 '700098657.may1'
1044 46 14 11 35 1.81711027723 0.757534739049 '700035567.may1'
1046 6355 27 5828 3844 1.45369827618 0.994319518469 '700096760.may1'
1050 6747 70 2969 3511 1.56849711242 0.938362494769 '700034692.may1'
1051 7632 110 1478 22355 1.51133463405 0.928657461436 '700023461.may1'
1052 2966 139 683 35010 1.51175554921 0.860003915037 '700016572.may1'
1054 1316 100 170 26799 1.49374603714 0.652635350485 '700034865.may1'
1055 4611 83 3799 2944 1.60043613782 0.963396369081 '700099547.may1'
1056 3553 34 3194 169 1.74757490198 0.823816479221 '700098481.may1'
1057 5247 28 4579 2112 1.49148870369 0.971468115403 '700114230.may1'
1058 3389 57 2309 8510 1.49419118849 0.954841231559 '700097151.may1'
1062 856 38 322 6898 1.46188587824 0.811048998584 '700111340.may1'
1064 2753 62 2234 2493 1.57730489542 0.925064871798 '700096546.may1'
1068 2586 37 1254 7128 1.45742057823 0.939944234354 '700098709.may1'
1069 4034 65 1447 22061 1.46186628478 0.951368858769 '700024633.may1'
1071 4514 14 4462 441 1.50309242179 0.873929383001 '700097479.may1'
1072 3259 67 644 28183 1.45416215455 0.890029969477 '700096392.may1'
1073 108 10 83 80 1.61056883114 0.921751569954 '700114421.may1'
1074 2979 56 926 26058 1.44069103425 0.901731096322 '700016941.may1'
1075 10859 132 2421 11603 1.56389606953 0.913639808564 '700106105.may1'
1079 4208 165 567 2946 1.68156795138 0.945040372763 '700033435.may1'
1080 621 42 132 11286 1.44893497711 0.425246692308 '700033973.may1'
1082 6035 49 3528 12450 1.46002100695 0.955832350975 '700099400.may1'
1083 4073 58 2644 3393 1.54892113479 0.97745944466 '700111797.may1'
1084 4986 24 4797 1237 1.50578126956 0.862391458923 '700024258.may1'
1085 1472 54 397 8447 1.48890738644 0.899091729071 '700095995.may1'
1086 4321 70 1918 3589 1.56704684228 0.966161485739 '700095850.may1'
1087 2536 61 1102 22557 1.45485729098 0.899332934071 '700098713.may1'
1090 2166 47 1578 723 1.63922868616 0.971763917028 '700033400.may1'
1091 47 11 12 67 1.65317682291 0.460295192677 '700035365.may1'
1093 1200 23 1068 228 1.64337210428 0.934714721442 '700035351.may1'
1094 8878 81 2768 26705 1.47419694488 0.968516266165 '700105334.may1'
1096 4231 141 1561 4309 1.63447677237 0.981741397289 '700033503.may1'
1097 2683 48 1174 7506 1.48253907295 0.962974524072 '700098906.may1'
1099 7667 147 3165 16671 1.55442114234 0.974366430499 '700102165.may1'
1100 4139 74 1275 33537 1.45602771648 0.930483004004 '700015277.may1'
1102 1266 14 1218 136 1.61311334362 0.879470912046 '700034887.may1'
1104 157 17 71 361 1.54941989768 0.737713543719 '700023790.may1'
1106 7046 49 5779 4373 1.51422277236 0.9760238715 '700037714.may1'
1107 4176 23 2184 16215 1.3739614566 0.92127196171 '700032280.may1'
1110 5206 30 4440 413 1.62536241236 0.86177673804 '700024968.may1'
1113 824 31 508 4205 1.46471124449 0.731473712844 '700035208.may1'
1114 3498 19 2019 18219 1.35123762644 0.929177133563 '700096740.may1'
1115 295 16 129 713 1.48782927418 0.906798351893 '700035357.may1'
1116 1782 55 368 28861 1.43483991761 0.823194963469 '700095987.may1'
1117 2032 66 530 6986 1.52031983094 0.944763898174 '700107216.may1'
1119 2259 65 468 22899 1.46023406651 0.887065951045 '700035555.may1'
1120 4577 35 4351 2622 1.5054314936 0.819192532632 '700023914.may1'
1121 7593 35 7300 753 1.59411126506 0.946430776227 '700016756.may1'
1122 5151 52 2749 10438 1.47442818824 0.973648194396 '700023835.may1'
1125 2778 81 1430 13077 1.5081418859 0.935753562551 '700034810.may1'
1126 1070 40 736 18384 1.42299108997 0.0421483104965 '700033187.may1'
1127 2820 124 929 20398 1.52733488126 0.907211643837 '700033536.may1'
1128 61 17 7 145 1.64127646945 -1.11017936377 '700035779.may1'
1130 5216 74 1377 16369 1.48809076232 0.957664325311 '700016063.may1'
1132 15168 24 14543 619 1.55635167101 0.830690556844 '700038404.may1'
1133 16034 568 4312 9049 1.73078198885 0.957718182164 '700024107.may1'
1135 511 46 263 1975 1.5570059112 0.63533941279 '700106192.may1'
1136 4055 137 1367 9526 1.57928358216 0.973445884138 '700034188.may1'
1137 538 15 450 239 1.56646380296 0.982206768306 '700032258.may1'
1138 2418 77 1124 2644 1.59915752521 0.820782621525 '700097058.may1'
1142 5099 85 2413 6307 1.55346059365 0.975744043511 '700111795.may1'
1143 4567 71 3145 17373 1.48122305594 0.941799716758 '700033957.may1'
1145 3881 37 1164 22185 1.40801569185 0.929474877354 '700024613.may1'
1146 3637 117 1317 3968 1.61914257263 0.973816353757 '700033797.may1'
1148 1793 40 1574 1749 1.54794255562 0.785836985992 '700032181.may1'
1149 3480 18 3335 280 1.58137713556 0.88627623982 '700024266.may1'
1152 3360 105 793 22035 1.50760470586 0.938597688849 '700033533.may1'
1158 4221 10 4128 199 1.51411517999 0.790203842339 '700021932.may1'
1160 5841 56 4442 6550 1.50622341308 0.992820183832 '700100184.may1'
1161 3045 102 625 7956 1.55913712603 0.946496562975 '700035804.may1'
1164 6020 86 1859 4343 1.57808244149 0.944379597346 '700106575.may1'
1167 4804 16 4775 89 1.69173324208 0.709917059196 '700111360.may1'
1168 5580 34 3423 3727 1.48173441019 0.921814567454 '700023220.may1'
1169 5219 36 3220 10020 1.43856602939 0.9736802016 '700038990.may1'
1171 2203 70 492 18642 1.47656666588 0.880106465257 '700095997.may1'
1172 2948 50 1682 24684 1.43226710562 0.904564477975 '700098635.may1'
1175 661 40 184 13842 1.43494506173 0.448573997059 '700114939.may1'
1176 3268 60 1349 8459 1.4998852634 0.968842277059 '700037222.may1'
1177 4473 81 3138 3264 1.59036099376 0.992550991362 '700032353.may1'
1178 14069 50 8936 31876 1.42210248112 0.966377954891 '700038606.may1'
1179 1892 61 713 27241 1.44684724445 0.828881953866 '700035826.may1'
1181 9767 46 9067 6633 1.48437693647 0.950025090658 '700102177.may1'
1183 9196 64 6884 930 1.65954241022 0.917823579282 '700095516.may1'
1185 2884 81 1129 21428 1.48416620789 0.917038914045 '700016937.may1'
1191 7654 36 7328 369 1.66487775352 0.895534982913 '700033501.may1'
1193 7278 14 7135 300 1.53442252059 0.794257320461 '700032368.may1'
1196 10779 110 1811 33183 1.49281251259 0.94432830525 '700106372.may1'
1197 10258 35 5901 23321 1.40082830902 0.892386163701 '700033777.may1'
1199 2926 91 426 34474 1.47376956255 0.882269119362 '700032107.may1'
1200 5091 37 4006 7051 1.45795118547 0.950379288712 '700114515.may1'
1205 6733 44 3120 15930 1.43830625998 0.954386589003 '700033767.may1'
1207 6160 41 2615 11034 1.44751435271 0.970661896187 '700023467.may1'
1208 2341 54 1059 4471 1.52385712403 0.954633289429 '700033821.may1'
1210 3196 77 1231 3820 1.5739178711 0.977305629039 '700099464.may1'
1211 3405 18 2915 1159 1.47201477426 0.960761470865 '700111272.may1'
1212 2954 57 689 1904 1.58620432076 0.894219731558 '700097545.may1'
1213 16383 50 15898 640 1.6594432523 0.913913291338 '700037872.may1'
1214 1357 50 726 14222 1.45594642112 0.755899700008 '700021689.may1'
1215 6886 10 6850 236 1.49961888793 0.806923711321 '700024163.may1'
1218 7747 103 2988 30238 1.49096713265 0.974054826473 '700023776.may1'
1220 2262 58 966 32694 1.43473761396 0.837131907931 '700032667.may1'
1221 497 19 174 2950 1.426462975 0.803060550594 '700105326.may1'
1230 1025 38 282 8698 1.45069436753 0.830924036802 '700096680.may1'
1232 2186 65 805 3432 1.56140847988 0.967849701725 '700033827.may1'
1233 5161 41 4593 895 1.60170636591 0.952915249228 '700097958.may1'
1235 7066 68 2226 37052 1.44423311118 0.955291782862 '700014982.may1'
1237 5861 351 853 8294 1.68676370055 0.976505614841 '700038978.may1'
1238 4064 26 2509 1767 1.49317741401 0.891623856355 '700038948.may1'
1240 6136 37 5973 331 1.68084652707 0.902398157783 '700023859.may1'
1241 4006 126 1915 5693 1.60278346887 0.979855917483 '700016985.may1'
1242 2438 42 1029 6268 1.47750256736 0.941504394213 '700095886.may1'
1243 2332 78 582 32732 1.46187573379 0.85180828928 '700035771.may1'
1245 3547 60 1970 39885 1.43000500601 0.883025471735 '700106530.may1'
1246 103 37 16 89 1.86109277758 0.562717653543 '700033489.may1'
1249 5003 99 1473 2748 1.62634624141 0.960500660261 '700111626.may1'
1250 426 25 185 1184 1.51410295924 0.870222527879 '700023112.may1'
1254 3016 43 1704 5897 1.48323900873 0.946479944068 '700095573.may1'
1255 1223 28 1073 1422 1.51654152337 0.787352221666 '700032184.may1'
1259 6089 18 5742 15368 1.35180057375 0.894084773923 '700024766.may1'
1261 3683 20 3615 257 1.60704008924 0.871124773463 '700098663.may1'
1264 2474 80 1043 1710 1.63692914112 0.965981798242 '700033382.may1'
1265 4069 28 3858 901 1.5488749888 0.963723148057 '700098661.may1'
1267 4753 14 4733 56 1.73299642608 0.634683041518 '700032378.may1'
1268 8562 31 8145 6864 1.44032004802 0.918876906371 '700102175.may1'
1269 2887 26 1045 39248 1.355213251 0.855657798614 '700097791.may1'
1270 380 12 270 5198 1.34914278704 -0.336134992104 '700106322.may1'
1273 2542 35 1141 24757 1.39857447532 0.884449651157 '700097521.may1'
1275 371 39 98 797 1.60449744551 0.888247593748 '700105898.may1'
1276 7268 50 6822 3619 1.52776012084 0.915657285531 '700098171.may1'
1277 3932 83 1207 12553 1.51268825608 0.933168705449 '700095681.may1'
1278 11024 33 9898 3519 1.48148189552 0.953033994457 '700037920.may1'
1279 347 34 95 1255 1.55049997035 0.800748222322 '700106362.may1'
1280 3589 65 2167 12913 1.48669106264 0.957849423944 '700096396.may1'
1281 3544 18 3457 144 1.65263612233 0.814376724767 '700032471.may1'
1282 14314 413 1982 7167 1.71490417357 0.964023463638 '700023539.may1'
1283 4492 84 2784 29806 1.47274092591 0.892200296256 '700096453.may1'
1284 6087 19 5870 387 1.56071451979 0.882511697826 '700099559.may1'
1286 3585 25 3244 444 1.5906778058 0.848086450841 '700023991.may1'
1287 5944 67 5070 10813 1.49861518917 0.929694979884 '700023857.may1'
1289 5372 212 1596 2521 1.72455510928 0.980921546545 '700037026.may1'
1292 2692 103 926 1554 1.67702823673 0.985753450636 '700096612.may1'
1293 3053 39 2116 1914 1.53863678694 0.952203143143 '700032260.may1'
1296 2924 94 543 22629 1.4958026649 0.918322984326 '700097042.may1'
1299 2702 56 1380 2431 1.56679552862 0.965369412949 '700114517.may1'
1302 3018 31 1876 1640 1.52009933575 0.897098992945 '700035685.may1'
1306 4233 62 2258 4812 1.53497261616 0.951329710012 '700032160.may1'
1311 3365 67 2618 558 1.71588956026 0.919945658297 '700033548.may1'
1312 1370 60 579 2384 1.57646141749 0.971192812064 '700035337.may1'
1313 3633 77 1155 21537 1.47909834812 0.932741704289 '700102330.may1'
1315 9118 309 1569 4842 1.71381375325 0.957921299755 '700024379.may1'
1317 1216 33 585 6065 1.45302181919 0.902662978358 '700111614.may1'
1322 5408 12 5305 728 1.44576871982 0.935013367655 '700099280.may1'
1323 2068 50 1018 10639 1.46948616839 0.93021629755 '700035820.may1'
1324 2541 17 1859 3260 1.40856146827 0.966610723462 '700033023.may1'
1326 2125 44 1704 3740 1.51110351938 0.908419955786 '700037924.may1'
1328 3758 42 3253 2381 1.53339189559 0.966742642165 '700096628.may1'
1330 2156 42 1293 3836 1.50430756013 0.966578703007 '700015894.may1'
1331 1842 99 181 12491 1.53070619272 0.882557585175 '700097511.may1'
1332 2934 65 1214 15333 1.47844377209 0.946049958637 '700099253.may1'
1333 2245 62 544 33172 1.44027140096 0.85953459684 '700032958.may1'
1335 1010 41 590 12653 1.44135396512 0.50440785767 '700095884.may1'
1337 2540 20 1230 2656 1.43791389873 0.914336401945 '700096216.may1'
1338 9963 37 3553 5057 1.47481131155 0.911396315777 '700024845.may1'
1339 1336 64 287 6969 1.51716193734 0.896114643503 '700107232.may1'
1340 3231 78 2153 2123 1.61691310042 0.980976768272 '700034204.may1'
1343 3444 85 2652 515 1.75990199579 0.946964395193 '700034954.may1'
1344 2687 32 1676 831 1.57350642737 0.914619387729 '700032117.may1'
1346 2265 12 1244 5573 1.34648528353 0.910365153345 '700035627.may1'
1348 13759 37 9738 318 1.68529484628 0.783046807016 '700024556.may1'
1350 2232 29 1896 1675 1.51031082199 0.902513556496 '700035891.may1'
1353 3914 14 3673 486 1.49579837672 0.870894852101 '700098479.may1'
1354 3463 221 639 7591 1.64405117869 0.958191357422 '700016470.may1'
1357 4409 24 1641 2642 1.45993311763 0.865933528019 '700038930.may1'
1358 4761 24 4645 143 1.70606579756 0.821790049603 '700098489.may1'
1359 249 19 185 337 1.57284086734 0.63290345362 '700032372.may1'
1360 4148 69 2060 6761 1.5269218545 0.980837928744 '700016664.may1'
1362 2972 96 1329 8935 1.54604425923 0.967762772132 '700034224.may1'
1363 6464 34 5780 2025 1.51796961794 0.972763323975 '700023489.may1'
1364 3364 64 2528 631 1.69642725302 0.926848110943 '700111348.may1'
1366 14963 42 10905 593 1.64141972995 0.783285349482 '700038968.may1'
1367 4250 65 2535 521 1.71873527942 0.885903373651 '700096011.may1'
1370 8253 69 2115 22020 1.46763672111 0.890565939737 '700023778.may1'
1372 4247 63 1208 14868 1.47680741068 0.960383484809 '700023226.may1'
1373 7968 44 3218 15328 1.43996991272 0.935127350379 '700024097.may1'
1374 6330 60 3481 10781 1.48748779715 0.968856806346 '700111194.may1'
1375 4430 208 676 12760 1.60426343834 0.965629178458 '700102541.may1'
1376 3711 59 2566 10884 1.48529726252 0.963308793003 '700035877.may1'
1378 2413 28 822 32958 1.36768320788 0.858031813973 '700096624.may1'
1379 2705 81 551 1798 1.63448465269 0.929414161142 '700097541.may1'
1386 371 17 157 1846 1.43751331413 0.713017329055 '700035569.may1'
1387 2625 25 2209 790 1.54312526647 0.951755085323 '700032974.may1'
1388 3828 30 2878 9719 1.42112426523 0.967938428058 '700106532.may1'
1389 258 27 46 1938 1.49219834253 0.434563878843 '700033414.may1'
1393 4103 186 837 5299 1.6505812763 0.971727946626 '700032414.may1'
1396 4679 24 3065 9376 1.39958151458 0.965991391804 '700098256.may1'
1397 9117 15 8893 572 1.49403505304 0.876946487361 '700021928.may1'
1398 1073 40 535 5561 1.47841169585 0.801207402187 '700035983.may1'
1399 1589 17 508 7561 1.37216296418 0.840823349938 '700015912.may1'
1404 1633 69 613 2127 1.60169734679 0.954517020186 '700096416.may1'
1405 4000 156 911 11092 1.58353919586 0.944231453102 '700033542.may1'
1407 22598 38 22426 680 1.61454460743 0.858281049999 '700103515.may1'
1408 4272 32 2693 13476 1.41382821415 0.935240492244 '700033492.may1'
1410 2736 23 973 1788 1.47708619487 0.876984756147 '700099492.may1'
1411 82 15 45 54 1.75638767997 0.929323468079 '700106569.may1'
1412 9658 186 2546 15002 1.58350711513 0.980051955862 '700033749.may1'
1413 6823 14 5120 8581 1.34696473856 0.940123148404 '700106318.may1'
1416 2418 42 2113 138 1.81531834685 0.837757129463 '700095697.may1'
1417 2292 84 593 32681 1.46874455523 0.845998222925 '700033818.may1'
1422 2061 10 1788 11105 1.30366126107 0.809291222318 '700106360.may1'
1424 3750 42 1258 9301 1.45794625403 0.90439602036 '700037230.may1'
1425 2841 81 604 40397 1.4565245075 0.882990508187 '700032025.may1'
1427 3981 62 1091 36805 1.43611763155 0.904739977089 '700099259.may1'
1429 3597 17 2295 1606 1.44525341769 0.845158540245 '700097165.may1'
1432 3722 243 1331 1633 1.78195483941 0.964704949785 '700095736.may1'
1433 267 22 34 21436 1.3597699986 -6.15594112766 '700021830.may1'
1436 3222 12 3193 184 1.5530460476 0.8061974551 '700032673.may1'
1437 3130 116 713 16565 1.531556313 0.947245066026 '700034196.may1'
1438 20363 51 14101 21652 1.43955745247 0.971063024116 '700105136.may1'
1439 1804 51 558 19001 1.44509984251 0.833664828004 '700035335.may1'
1442 2544 128 234 29716 1.51189091513 0.869960432427 '700032244.may1'
1444 7054 186 1439 4461 1.66319951133 0.943671815921 '700024673.may1'
1446 3524 121 1044 32562 1.50242298315 0.9121797349 '700016982.may1'
1447 2394 52 1580 946 1.62962199525 0.975316393812 '700098167.may1'
1448 3502 26 2645 7297 1.41874547641 0.954474504084 '700024282.may1'
1449 5131 28 4674 119 1.76033547923 0.762917830078 '700033244.may1'
1451 4314 373 439 1698 1.83239789332 0.929612871675 '700095669.may1'
1452 3568 35 1527 13856 1.42160393564 0.916191031435 '700105173.may1'
1453 2765 52 1821 2378 1.55932030817 0.976157944362 '700097944.may1'
1455 577 21 241 1064 1.49805241853 0.900001308803 '700023997.may1'
1459 7139 203 1759 2473 1.72100112545 0.933775859698 '700114246.may1'
1460 11823 17 5958 6055 1.38112816592 0.872378908034 '700106316.may1'
1461 363 24 40 41061 1.34658813949 -3.51359249048 '700023194.may1'
1462 2350 70 966 20726 1.47172932992 0.843264861656 '700095691.may1'
1463 5733 79 4479 4859 1.5613927318 0.952257785142 '700037971.may1'
1465 4345 39 3063 730 1.61204948643 0.843870583515 '700037018.may1'
1466 7137 33 3945 17269 1.40682851163 0.958638601405 '700103249.may1'
1468 404 37 84 5597 1.46953256551 0.301081182436 '700032119.may1'
1469 4198 25 3812 1709 1.49031761492 0.941716714595 '700033971.may1'
1470 6210 34 4594 25244 1.39512216109 0.966945891306 '700105914.may1'
1471 3209 26 2924 169 1.69919177478 0.834430697645 '700023989.may1'
1473 9173 404 1912 7561 1.70848955526 0.95684861348 '700038322.may1'
1475 2394 204 243 6683 1.64426958723 0.930848362267 '700096180.may1'
1478 4506 48 2368 31168 1.4192155015 0.925696720734 '700114258.may1'
1479 1233 65 197 20867 1.4643272642 0.744803561836 '700111618.may1'
1480 1586 96 345 3223 1.61107335285 0.962563669289 '700106784.may1'
1483 6618 20 6470 303 1.59104585169 0.871634935796 '700024080.may1'
1484 5197 17 4551 1751 1.44040996529 0.938532090437 '700024256.may1'
1486 1906 44 583 41310 1.40079871906 0.785536573173 '700096297.may1'
1487 5040 70 1564 21157 1.47080081108 0.962311198127 '700111186.may1'
1488 2363 65 647 15947 1.47659678728 0.917572488688 '700096542.may1'
1489 4061 147 478 29768 1.52463054548 0.890201965639 '700035557.may1'
1490 7592 91 3665 25580 1.48704634255 0.971247516154 '700095273.may1'
1491 249 12 44 20815 1.3028532676 -8.01749618029 '700023428.may1'
1493 114 33 50 35 2.03445059746 0.938916031441 '700105114.may1'
1496 2526 47 1337 4156 1.51246600111 0.966256884163 '700032043.may1'
1498 5109 35 3125 18065 1.41075638501 0.951758392067 '700103303.may1'
1499 647 49 176 5977 1.49673922539 0.694088961441 '700103328.may1'
1500 4658 27 4515 170 1.70536562496 0.813847899573 '700024429.may1'
1501 3233 53 1406 6525 1.5005010138 0.973183954393 '700035549.may1'
1504 3038 56 1073 1430 1.60562551051 0.936219304701 '700095705.may1'
1505 3339 108 853 12596 1.53901909145 0.949608664934 '700035824.may1'
1510 4041 32 2184 1481 1.53100749598 0.911102440122 '700024922.may1'
1513 5476 18 4803 731 1.50275271424 0.88924804942 '700033229.may1'
1515 5318 34 3915 647 1.60291812512 0.874399487677 '700024976.may1'
1516 812 41 284 2329 1.53188872156 0.907478335408 '700023224.may1'
1518 7683 111 1750 9062 1.56036315246 0.90750353665 '700016154.may1'
1521 1230 40 576 3670 1.50126175806 0.946277165631 '700033002.may1'
1522 3686 29 1499 27291 1.3774207472 0.864190092898 '700038900.may1'
1527 6310 299 1269 1449 1.82088664661 0.934375493091 '700024866.may1'
1528 8224 33 6891 938 1.5682493057 0.887133674317 '700024675.may1'
1529 3342 167 602 6114 1.62873010927 0.955153504084 '700097022.may1'
1531 1339 41 536 16805 1.4291148844 0.776577090716 '700015953.may1'
1532 3244 48 1298 36719 1.41297954132 0.897587363511 '700101805.may1'
1533 1409 96 276 7204 1.55859269761 0.893454503242 '700035605.may1'
1536 2699 21 2608 333 1.59010414831 0.908525223147 '700102348.may1'
1537 4786 89 1031 40313 1.46509117649 0.903791293733 '700024276.may1'
1539 2429 73 1182 15706 1.48873590375 0.907001822914 '700032013.may1'
1541 2349 23 1210 33236 1.3493983645 0.837560814686 '700096198.may1'
1543 2890 52 1787 3354 1.53696694752 0.961343419484 '700095251.may1'
1544 4720 33 3026 17156 1.40708743078 0.965525609986 '700035400.may1'
1546 3355 138 780 24480 1.5283522263 0.909158437871 '700032453.may1'
1548 38315 85 37664 4522 1.57414369578 0.917307599033 '700103513.may1'
1551 3989 95 2337 2514 1.62809746257 0.99044617256 '700111210.may1'
1554 282 17 59 12659 1.35290916678 -1.6987646111 '700021922.may1'
1556 3142 49 974 4094 1.51807641898 0.943101528109 '700099274.may1'
1558 3659 34 1895 10386 1.43109063733 0.934264819882 '700032016.may1'
1564 5520 62 2819 18842 1.4643414171 0.956010861256 '700102678.may1'
1565 15 11 3 3 2.82027200602 0.916758815845 '700033845.may1'
1566 8733 167 2273 11097 1.59046648144 0.94654242255 '700106259.may1'
1570 5170 13 5131 63 1.69865016546 0.65132792011 '700032365.may1'
1572 7983 231 1096 15599 1.60263501114 0.94556814115 '700024254.may1'
1573 2495 61 707 17890 1.46510020542 0.918880776458 '700107230.may1'
1577 5478 33 5337 296 1.67453223049 0.889279037747 '700037044.may1'
1578 8487 116 2418 24356 1.51221009289 0.951653156394 '700038980.may1'
1579 1028 57 398 5105 1.52215831618 0.838661477159 '700095500.may1'
1580 2084 82 703 5509 1.55774106121 0.936214475977 '700095793.may1'
1582 1105 14 1072 52 1.746722937 0.76363024388 '700035993.may1'
1583 4056 81 1771 12450 1.510658007 0.955157527977 '700033524.may1'
1585 1664 53 935 1797 1.5813674987 0.976479583813 '700034875.may1'
1587 982 41 202 8158 1.46172506533 0.810520824535 '700111354.may1'
1589 8565 72 2411 11516 1.50273832122 0.875903326347 '700024423.may1'
1590 5914 16 5664 5518 1.37836583129 0.949284796198 '700037716.may1'
1593 8010 129 927 33206 1.50739133873 0.91024100644 '700024811.may1'
1595 3202 66 1442 24614 1.4585402975 0.928604103155 '700097942.may1'
1596 1237 78 169 9071 1.52356206636 0.85301161081 '700111616.may1'
1599 11167 284 2194 18199 1.61368167781 0.969511503339 '700033153.may1'
1602 3363 72 1316 15154 1.48910058718 0.938652746202 '700034806.may1'
1603 217 27 109 330 1.63087587868 0.855526617187 '700015910.may1'
1604 6049 29 5611 608 1.58521175128 0.914881213831 '700023802.may1'
1609 427 49 90 1206 1.60160085182 0.808277470534 '700016748.may1'
1612 8033 32 4520 18458 1.40122839937 0.820260790566 '700033779.may1'
1614 3425 16 3398 52 1.77514176756 0.682114030325 '700096927.may1'
1616 6118 119 1387 26807 1.510003322 0.941350850313 '700114252.may1'
1620 3341 30 3232 167 1.72695257013 0.877726514551 '700096694.may1'
1621 1373 52 572 4283 1.52214781918 0.946143317292 '700032123.may1'
1623 4527 45 2113 20512 1.42984004883 0.94136567093 '700114256.may1'
1624 2343 61 572 10122 1.49235236976 0.926321592884 '700015888.may1'
1630 5354 38 5234 187 1.75362846524 0.836670275305 '700024882.may1'
1631 5368 44 1538 15029 1.44082715584 0.927965117221 '700037264.may1'
1632 2897 55 1678 6329 1.50615750764 0.97321146995 '700098621.may1'
1636 548 32 256 490 1.61884710053 0.973797143146 '700111497.may1'
1637 861 47 620 496 1.6754015994 0.936032920131 '700106924.may1'
1638 5809 91 2128 25693 1.48684591689 0.946404757083 '700016586.may1'
1640 10843 64 8056 15525 1.47632866143 0.989266175881 '700021866.may1'
1643 1311 64 241 11636 1.49025787863 0.800961569333 '700016376.may1'
1646 3212 55 1309 13258 1.46868653799 0.932279829356 '700098145.may1'
1647 3436 81 1213 4213 1.57328655688 0.96708009429 '700024928.may1'
1650 212 32 55 486 1.61978218189 0.776154323977 '700102084.may1'
1651 4133 87 3728 573 1.75142199433 0.935570417812 '700111212.may1'
1653 1121 52 642 3631 1.53207385295 0.887851615827 '700111612.may1'
1654 3753 43 3201 35948 1.40377445179 0.601495265581 '700023106.may1'
1658 4327 74 2302 28649 1.46270179365 0.939393315481 '700016933.may1'
1659 638 45 128 6565 1.48254578585 0.685748735379 '700024999.may1'
1660 914 61 457 2221 1.58347136447 0.909737946099 '700033716.may1'
1662 2968 82 1878 15876 1.49965329882 0.835603223617 '700038974.may1'
1663 5745 12 5724 58 1.69522497829 0.64675117497 '700037010.may1'
1665 9273 25 8817 248 1.64789061428 0.797395761152 '700095265.may1'
1666 4147 101 626 8957 1.55119692697 0.917686640818 '700034055.may1'
1667 3435 146 806 3724 1.6491135712 0.956417361545 '700097589.may1'
1668 3310 117 519 2955 1.64069959687 0.921536881479 '700035816.may1'
1672 3319 24 2708 1537 1.4917442023 0.963763678959 '700111274.may1'
1674 17524 46 13553 636 1.64803900671 0.846742236593 '700037429.may1'
1675 622 78 125 4310 1.56755500489 0.532779163624 '700016816.may1'
1678 4034 76 2065 6650 1.53826011822 0.959629497583 '700098924.may1'
1682 3661 29 1195 3598 1.46537666173 0.923328709473 '700033595.may1'
1683 29 16 10 7 2.42366028794 0.862470715494 '700114880.may1'
1685 4697 44 2943 2663 1.53180852746 0.929015627273 '700024683.may1'
1686 2891 59 1179 12248 1.47951592886 0.93837591508 '700100197.may1'
1687 1756 35 771 4909 1.47020747834 0.955842760894 '700107208.may1'
1689 8347 227 2260 3364 1.70818497471 0.96017806532 '700015981.may1'
1690 1316 46 564 286 1.73237597456 0.892528853486 '700015785.may1'
1692 3140 44 2814 157 1.80411562313 0.865086792354 '700034956.may1'
1693 1271 69 512 1726 1.61755002031 0.96745266671 '700034877.may1'
1694 569 35 97 15066 1.41811982074 0.262046067911 '700016091.may1'
1695 3921 12 3902 49 1.72235351331 0.646635723464 '700098034.may1'
1699 2149 38 1056 2984 1.50742749971 0.919713345554 '700035561.may1'
1704 148 27 89 55 1.88259783465 0.928130665064 '700106194.may1'
1705 1363 24 587 20901 1.36895445408 0.606253125134 '700024280.may1'
1707 88 19 30 116 1.68989522957 0.745960088013 '700111266.may1'
1710 7794 42 7662 326 1.70275914986 0.832562389527 '700105644.may1'
1711 4652 33 4498 254 1.6916991082 0.887176553787 '700023916.may1'
1712 3721 148 652 14491 1.56281014775 0.951670540489 '700095677.may1'
1714 5821 35 5592 331 1.67201904672 0.903101796615 '700037046.may1'
1716 2309 53 1080 1797 1.58133652249 0.978295905869 '700098487.may1'
1719 2185 104 443 11859 1.53849137644 0.905088215801 '700097030.may1'
1720 11623 208 2238 30764 1.55510619014 0.975464837174 '700016021.may1'
1722 6918 36 6642 9021 1.44335824397 0.58628752685 '700015292.may1'
1723 4044 77 1494 15433 1.49484423279 0.943984369351 '700098691.may1'
1724 4513 50 2079 9347 1.47579373655 0.972647208612 '700035657.may1'
1725 42 14 13 24 1.90012518239 0.915801460889 '700111278.may1'
1727 18716 334 4249 37305 1.58839741036 0.962980399414 '700021876.may1'
1728 2290 23 1444 6060 1.41388438019 0.939359194987 '700035436.may1'
1730 2682 46 1447 19897 1.43321009974 0.913543394639 '700100199.may1'
1731 3153 13 2476 1454 1.41647106806 0.935726030623 '700023940.may1'
1733 3316 90 700 7054 1.55294729463 0.952054243471 '700095235.may1'
1734 4580 55 2108 3902 1.53409871398 0.937187436872 '700033689.may1'
1736 2763 42 1596 19916 1.42442622028 0.819365566397 '700024756.may1'
1737 386 51 102 338 1.72935467637 0.950638087059 '700016750.may1'
1738 5197 46 4966 392 1.69677728891 0.908608599422 '700111805.may1'
1739 3338 108 1319 26383 1.50167944004 0.909594430079 '700016805.may1'
1740 1727 53 1305 1298 1.60605112978 0.985281038829 '700038620.may1'
1742 3555 35 2507 30042 1.391447362 0.461658967523 '700035428.may1'
1743 5849 45 3053 2599 1.5360477843 0.922484788221 '700033256.may1'
1746 3960 23 3838 671 1.5439252633 0.912884901918 '700023670.may1'
1748 2634 84 920 820 1.70900448507 0.948941666927 '700016746.may1'
1749 4580 276 589 10697 1.64418256135 0.949075928943 '700095486.may1'
1750 4587 41 4345 438 1.66734677936 0.904534621988 '700098169.may1'
1752 2300 39 1567 11944 1.43886950992 0.906557895888 '700099416.may1'
1754 2329 42 1903 5170 1.48766438706 0.905091918298 '700096408.may1'
1756 719 16 374 1963 1.42669082837 0.83986736419 '700103501.may1'
1757 12984 80 12500 2261 1.61525594955 0.910465397831 '700023098.may1'
1758 4737 235 488 18822 1.59333407458 0.94941723022 '700023987.may1'
1759 4290 90 683 34062 1.47328011953 0.900968298255 '700034057.may1'
1760 4470 50 769 26889 1.42881161 0.86466757267 '700102696.may1'
1762 1732 40 1068 3299 1.50746551838 0.967374959302 '700107224.may1'
1763 5011 69 3248 26220 1.45998841153 0.923567621652 '700102078.may1'
1766 122 23 50 208 1.65322727281 0.573103459885 '700105007.may1'
1768 4448 18 2356 2377 1.43105000513 0.87675403084 '700023003.may1'
1771 2325 31 1121 1615 1.52110999686 0.959258114828 '700097412.may1'
1772 4525 63 2361 9583 1.49847626598 0.979807582265 '700024215.may1'
1774 2981 174 591 4215 1.65989293665 0.965106675125 '700097503.may1'
1775 118 18 66 210 1.61043158398 0.303270473076 '700023323.may1'
1776 2744 49 1007 33700 1.41810617638 0.872739954703 '700096634.may1'
1778 3171 52 2204 22012 1.44071644348 0.862247396458 '700096123.may1'
1779 3234 53 1832 6955 1.49708343309 0.983076893074 '700032944.may1'
1780 3197 38 2859 2993 1.5072498988 0.933292905287 '700034134.may1'
1781 2652 66 1029 5852 1.53037431419 0.972521113399 '700098147.may1'
1782 286 28 71 6146 1.43456242185 -0.66286022137 '700035893.may1'
1788 3530 76 1170 14089 1.49802925145 0.950455678116 '700095693.may1'
1789 2753 55 945 37731 1.42428811329 0.876005319645 '700099249.may1'
1790 5086 21 4276 587 1.54116392882 0.855664611254 '700102090.may1'
1791 5696 35 1458 35625 1.38537764503 0.887610802837 '700106424.may1'
1792 4889 10 4793 305 1.47873446207 0.847194311448 '700021930.may1'
1793 1721 115 361 18376 1.52536667392 0.809920864916 '700097615.may1'
1794 3216 68 991 27376 1.45677465846 0.919108944493 '700033539.may1'
1796 3905 14 3690 2698 1.39466968721 0.973078386288 '700096210.may1'
1797 6347 27 5395 1322 1.51674570512 0.899315798584 '700100215.may1'
1799 5354 41 1718 18380 1.42539257417 0.896755355478 '700024780.may1'
1805 28 13 7 17 1.98295889742 0.399989368498 '700106567.may1'
1806 4623 34 2294 14165 1.41779980997 0.947570125135 '700105916.may1'
1808 6398 25 2659 5282 1.42933088131 0.86172771979 '700033026.may1'
1809 1455 23 799 4815 1.42447339342 0.946375780809 '700035339.may1'
1813 38 14 13 18 1.980364839 0.960959195646 '700103505.may1'
1815 3524 115 711 35399 1.4939600985 0.913045091772 '700016929.may1'
1816 6718 83 1351 39136 1.46003373962 0.919909938227 '700023404.may1'
1817 3327 35 1521 1874 1.5265746496 0.961513243543 '700096066.may1'
1819 2648 111 397 27016 1.50312885013 0.894696029492 '700095756.may1'
1821 3816 125 645 25372 1.51726853335 0.931013232743 '700033597.may1'
1822 34971 280 9472 19923 1.60696286848 0.961847458116 '700038626.may1'
1823 2967 41 1131 22248 1.41766584709 0.908002377196 '700097034.may1'
1825 11559 365 2658 8485 1.6892291818 0.95234471222 '700014956.may1'
1827 3092 102 2068 3765 1.60712448191 0.957576468914 '700016099.may1'
1828 4192 32 3674 1482 1.53094379465 0.936083962329 '700099265.may1'
1829 745 49 397 11672 1.46303102246 0.0142814686249 '700095575.may1'
1830 4318 17 4270 218 1.59663424901 0.812885507777 '700023200.may1'
1834 6714 21 6594 375 1.57910818543 0.886854704453 '700105996.may1'
1835 1428 48 473 7104 1.48537560608 0.891108188608 '700035617.may1'
1837 20134 74 19198 1767 1.62452769856 0.962237565209 '700037165.may1'
1840 7295 234 1877 5674 1.67088667923 0.972859914067 '700038761.may1'
1841 1810 17 1421 498 1.52292813809 0.914452815657 '700105001.may1'
1845 5615 29 2578 6478 1.43587846235 0.927557608786 '700111196.may1'
1847 3100 33 2558 1319 1.54303815729 0.972059441686 '700099268.may1'
1848 14563 98 3082 31987 1.483848791 0.935985378815 '700103247.may1'
1849 6272 54 3943 6410 1.50347615805 0.982002237772 '700111244.may1'
1851 1912 44 1071 2509 1.53563474276 0.965417120025 '700032972.may1'
1852 4532 49 3327 3912 1.52075679898 0.974144591994 '700105912.may1'
1853 20290 29 19230 1669 1.51054937537 0.907449316292 '700037838.may1'
1855 8044 44 7516 1107 1.59410239363 0.938434221211 '700038940.may1'
1857 5314 79 2311 28100 1.46962153037 0.938398278218 '700100201.may1'
1859 3276 49 1000 2948 1.53813252548 0.91420689154 '700016604.may1'
1860 2441 49 1944 641 1.65642333294 0.944283475357 '700095699.may1'
1861 5441 44 1520 17202 1.43502336101 0.910780333628 '700024894.may1'
1863 5616 25 4586 3568 1.44872247267 0.94964137698 '700099549.may1'
1866 2453 25 1419 3189 1.45460660242 0.902455345018 '700106079.may1'
1867 5670 80 1521 14744 1.50086828234 0.940936489572 '700105191.may1'
1870 6434 35 6343 202 1.72957009663 0.782497159064 '700024880.may1'
1871 2781 23 1052 29351 1.35341865056 0.792027317108 '700096303.may1'
1872 1622 78 440 7228 1.53624199536 0.931202427015 '700035341.may1'
1876 3879 62 2629 4014 1.54601609832 0.977001082495 '700032189.may1'
1881 3487 65 3052 4072 1.55049686097 0.836835837434 '700034216.may1'
1882 6404 46 4412 3952 1.51294942823 0.970206498579 '700037282.may1'
1884 4517 36 2026 18080 1.41345590121 0.955864495219 '700015301.may1'
1887 1167 44 389 5166 1.49285098905 0.912558884638 '700035345.may1'
1888 6853 35 6687 611 1.61214480326 0.850819700078 '700023861.may1'
1890 3703 95 1070 22304 1.49749285205 0.915778058548 '700035759.may1'
1893 4315 64 2489 1877 1.60171362892 0.961176621917 '700096465.may1'
1895 16870 77 14738 3697 1.57607908163 0.958654350625 '700038618.may1'
1900 9379 46 9113 2393 1.54407512964 0.824142453859 '700023531.may1'
1902 3756 76 1053 2725 1.59545808817 0.918301682074 '700095687.may1'
1904 3111 36 2656 1649 1.53867215983 0.971779751552 '700098719.may1'
1906 6044 215 1211 21397 1.57754797745 0.974471087087 '700034926.may1'
1907 1905 74 300 22526 1.47327674385 0.859774999427 '700111469.may1'
1909 8879 51 3227 6350 1.49781488801 0.887782301868 '700016366.may1'
1910 9093 104 3291 16086 1.52235606686 0.97910035264 '700016142.may1'
1912 11021 78 9600 21663 1.48006270232 0.85078483235 '700023104.may1'
1913 2600 35 2436 203 1.72887318375 0.913814304022 '700095766.may1'
1918 35529 17 35471 292 1.56821454158 0.752262258552 '700102581.may1'
1919 8765 111 2726 21032 1.51518722266 0.924139871779 '700038767.may1'
1921 2898 54 1576 25361 1.43839812056 0.897662812918 '700096962.may1'
1923 120 12 86 95 1.62645084628 0.950750555137 '700106719.may1'
1924 3194 51 1882 10976 1.4700155197 0.951736479046 '700096285.may1'
1925 2393 53 833 27475 1.43338191071 0.77521683839 '700024754.may1'
1926 5670 39 4847 11193 1.44177136076 0.950671167991 '700024278.may1'
1927 7496 51 3458 19215 1.44462083357 0.918043031612 '700024105.may1'
1931 143 13 24 1762 1.40646715343 -0.850569149814 '700024617.may1'
1932 4648 32 2152 7808 1.43767935833 0.931039479143 '700098772.may1'
1933 6019 16 5888 401 1.53108526698 0.889652355413 '700111807.may1'
1934 5237 14 5213 86 1.66912074855 0.695056118653 '700034296.may1'
1935 2236 82 709 8580 1.53185011608 0.95377343659 '700113674.may1'
1939 7528 31 4148 9262 1.42663295719 0.959341968492 '700015271.may1'
1941 264 24 40 5977 1.41912896834 -0.576270793672 '700023995.may1'
1942 3301 175 617 5544 1.64064150614 0.964243282049 '700098451.may1'
1943 3717 142 501 22355 1.53563879356 0.920378775726 '700035681.may1'
1945 7765 30 4474 20878 1.39032751486 0.913118814535 '700095271.may1'
1946 2624 80 939 11686 1.5126753015 0.846181099218 '700035563.may1'
1948 2911 54 2168 220 1.79250462351 0.889730475173 '700033545.may1'
1949 2281 51 1951 2785 1.54652287602 0.803056367404 '700032370.may1'
1950 1495 62 467 19673 1.46241147995 0.791957058878 '700015956.may1'
1951 4429 33 1763 4365 1.46979744428 0.900533775721 '700034136.may1'
1952 1823 78 1105 14407 1.49950474162 0.679846015982 '700034889.may1'
1953 3897 99 883 6521 1.56791639059 0.937209336667 '700033521.may1'
1955 5371 12 5346 87 1.63643591534 0.697778192453 '700023202.may1'
1957 6235 30 5572 243 1.68069580472 0.799175174636 '700024703.may1'
1958 3338 52 3024 653 1.66318583598 0.962429969483 '700034071.may1'
1959 1739 15 992 613 1.48912204443 0.883946950349 '700099428.may1'
1960 5281 33 5216 57 1.9216882312 0.706432493398 '700023434.may1'
1964 5266 154 1111 6283 1.61808899823 0.947836002591 '700023267.may1'
1966 2871 45 2073 12212 1.45232530595 0.918796717881 '700096196.may1'
1967 1805 149 777 8467 1.59526242759 0.790081650144 '700102167.may1'
1971 15071 66 14792 546 1.71600524337 0.889014046487 '700023100.may1'
1972 3783 27 3263 374 1.61842593573 0.875355202438 '700097956.may1'
1975 4251 81 1193 13046 1.50826107101 0.936318006057 '700032432.may1'
1976 3217 22 2726 1040 1.50582624498 0.927953963503 '700095711.may1'
1978 12828 46 10556 1535 1.57494702925 0.915556645162 '700106920.may1'
1979 3701 11 3639 598 1.44591213714 0.912395577969 '700034834.may1'
1982 2859 119 624 35119 1.49743757834 0.878932280402 '700097611.may1'
1985 5617 12 5568 131 1.58817118795 0.736261719921 '700037236.may1'
1986 7008 19 6946 174 1.64046885049 0.806344996382 '700095277.may1'
1987 11593 175 1489 32054 1.53710496503 0.925272512801 '700106099.may1'
1988 3927 113 796 15222 1.53340737089 0.933483669466 '700032019.may1'
1991 3969 52 1130 10263 1.47525252351 0.934547358344 '700016602.may1'
1992 6073 40 2491 2905 1.51509102922 0.930052546279 '700096923.may1'
1993 7312 35 6565 9414 1.43848089117 0.971735488241 '700033789.may1'
1994 6720 99 1109 27189 1.49214133388 0.922024327264 '700024717.may1'
1995 6171 66 3928 2068 1.59829925455 0.971160064087 '700024328.may1'
2000 2949 25 2611 200 1.6723319934 0.847979377967 '700106261.may1'
2001 3877 80 1500 4316 1.57032622001 0.974158568006 '700096437.may1'
2002 5982 91 1833 14938 1.51296864437 0.965190181779 '700016214.may1'
2004 1467 58 416 1705 1.5965965691 0.955770661809 '700111596.may1'
2005 656 30 212 1435 1.52483022738 0.929207050335 '700035840.may1'
2006 1433 138 130 9484 1.58029896608 0.828841147108 '700016973.may1'
2007 3145 17 2155 4924 1.38987352444 0.948227211583 '700102354.may1'
2008 9951 28 9618 2426 1.48326119742 0.969412521507 '700033791.may1'
2010 4533 34 2411 32964 1.38546283207 0.824107458252 '700024054.may1'
2014 2832 51 788 7208 1.49108623111 0.883069684419 '700095754.may1'
2015 1503 79 283 14726 1.49968185318 0.758421230948 '700111801.may1'
2017 4192 28 3594 1181 1.52920438882 0.959973567291 '700099502.may1'
2020 1192 50 311 14871 1.45393191988 0.78579841153 '700111485.may1'
2021 3180 178 626 9240 1.60835539293 0.937217516926 '700097773.may1'
2023 6577 438 661 4189 1.76519684113 0.947640720717 '700038414.may1'
2024 4107 129 686 20884 1.52993361117 0.940050593903 '700032001.may1'
2025 6528 137 943 24679 1.52726171893 0.914957677784 '700037718.may1'
2026 3135 38 1766 10396 1.44245564251 0.959011506094 '700105818.may1'
2027 2476 88 597 25530 1.48398704183 0.886527620561 '700035408.may1'
2028 3545 99 970 20153 1.50630530872 0.949539779514 '700097928.may1'
2031 3897 59 1274 6371 1.51338498265 0.960735347803 '700035533.may1'
2032 2528 68 460 19561 1.47156423527 0.914354538884 '700032099.may1'
2033 1470 65 397 33702 1.44395627748 0.696973672204 '700096636.may1'
2037 6765 258 1619 30785 1.57497972895 0.957700285793 '700023578.may1'
2038 974 55 369 13966 1.46625951919 0.600765174706 '700105900.may1'
2040 7140 13 5928 611 1.46862088756 0.809815832696 '700032274.may1'
2041 81 21 27 57 1.82223760518 0.928452699874 '700024760.may1'
2042 4023 84 2578 7505 1.54197405925 0.970311892585 '700035747.may1'
2043 807 11 796 19 1.8991059817 0.568526214666 '700105636.may1'
2044 8586 25 3964 16618 1.38121367131 0.902611380833 '700033008.may1'
2045 428 49 64 2134 1.55947534096 0.714728984238 '700105648.may1'
2046 1648 22 1077 3216 1.43925567614 0.963761313423 '700095579.may1'
2048 6171 15 6135 139 1.6231300361 0.770448541138 '700023204.may1'
2050 7050 45 6884 227 1.75750514593 0.840390394389 '700023432.may1'
2052 3205 58 1702 29755 1.43852766021 0.90676212585 '700098754.may1'
2053 5817 44 4478 5516 1.48930261177 0.987854901484 '700099994.may1'
2054 2031 49 636 12668 1.45921908504 0.910503149918 '700097515.may1'
2055 3762 16 2015 577 1.50281298312 0.839378186242 '700101823.may1'
2058 5029 42 2828 9416 1.45736148311 0.964633394968 '700100203.may1'
2059 6235 24 5812 937 1.52488679392 0.946693478758 '700023804.may1'
2060 4784 53 3332 26772 1.43443188765 0.919888172566 '700023021.may1'
2061 1594 18 1523 192 1.61990653216 0.896567534826 '700111501.may1'
2062 3001 66 750 11054 1.49596314987 0.93799108247 '700035545.may1'
2065 4225 22 1901 511 1.55925242805 0.786075339647 '700024308.may1'
2068 365 19 194 329 1.57523458025 0.883077615573 '700033412.may1'
2071 2561 47 956 7780 1.47848192416 0.915234588116 '700106976.may1'
2072 2665 99 447 32062 1.48467921735 0.885085432834 '700033830.may1'
2074 1275 28 850 2123 1.49117326073 0.856358879462 '700038783.may1'
2075 481 30 186 503 1.60686579836 0.956285977687 '700032266.may1'
2077 5182 95 2569 7498 1.55510880589 0.954705348599 '700099744.may1'
2078 3166 47 1322 2055 1.55693446227 0.959933930935 '700095709.may1'
2081 24118 35 22863 7467 1.44926726474 0.942869748399 '700037379.may1'
2082 588 41 259 4448 1.49320189315 0.587077301277 '700024758.may1'
2084 4262 20 3947 875 1.50476924895 0.958285283381 '700024268.may1'
2085 16410 32 15839 405 1.63705986952 0.833500885203 '700037918.may1'
2087 1805 27 744 3948 1.45231280929 0.896359372565 '700035212.may1'
2088 3623 169 1462 4576 1.65053552772 0.970599523107 '700097135.may1'
2089 7877 86 7058 35951 1.46681772322 0.556555032177 '700032278.may1'
2091 9912 223 1980 8334 1.63867125146 0.95892571969 '700105496.may1'
2093 4275 98 2102 5978 1.57218583559 0.974944086377 '700102694.may1'
2094 3743 108 647 9993 1.55188983369 0.963831652662 '700034051.may1'
2095 577 26 192 190 1.68532612691 0.860630384536 '700105992.may1'
2096 3910 67 2027 10598 1.49964276171 0.975423860357 '700033527.may1'
2097 2730 39 603 30595 1.40077305477 0.875471257985 '700098232.may1'
2098 2738 44 2476 483 1.66817906593 0.916222100663 '700111491.may1'
2099 2794 96 815 29042 1.48627366198 0.898159216495 '700095752.may1'
2100 2868 13 1653 1722 1.40763705398 0.920542521468 '700097607.may1'
2106 3164 50 1932 7366 1.48784311713 0.91639190409 '700035677.may1'
2109 3285 52 1684 8288 1.4859219039 0.923158373673 '700032438.may1'
2111 8794 15 8748 171 1.60020295493 0.783873362072 '700106091.may1'
2112 14255 38 13992 2151 1.52775530952 0.898088139708 '700038942.may1'
2113 4146 153 858 29982 1.52798785213 0.933312617979 '700016716.may1'
2114 2551 61 1735 3060 1.56151652023 0.971651022721 '700034657.may1'
2116 3005 63 817 10409 1.4942496298 0.948000725818 '700032669.may1'
2117 3898 14 3850 161 1.59389270625 0.822195906541 '700038320.may1'
2120 3001 86 733 24262 1.48414459864 0.914604635178 '700033815.may1'
2121 4021 52 1961 2637 1.55241014605 0.932509627859 '700038882.may1'
2123 4309 77 2721 26617 1.46960511181 0.918018247707 '700111334.may1'
2125 4325 82 994 32104 1.46729595701 0.934369236318 '700034200.may1'
2126 7991 48 7483 3174 1.5310727256 0.945796464129 '700034292.may1'
2128 4733 97 3384 7874 1.55443257374 0.875649257238 '700111634.may1'
2132 3618 19 2271 21075 1.34635417234 0.917906777732 '700098727.may1'
2134 7886 12 7778 883 1.43399583542 0.918596902507 '700033195.may1'
2135 3502 143 1215 5962 1.61354033372 0.981602378375 '700032087.may1'
2136 9124 30 8911 1259 1.53385573472 0.937698283441 '700016502.may1'
2137 1084 27 930 422 1.60714701587 0.968848272674 '700035349.may1'
2139 1598 17 772 1383 1.4538495927 0.840061177012 '700024056.may1'
2140 1758 66 355 29929 1.45024506669 0.793337738851 '700105904.may1'
2141 3092 16 2903 1158 1.45649398337 0.966463635259 '700035206.may1'
2143 3632 18 2605 1069 1.47713786053 0.895937817047 '700098639.may1'
2144 1576 47 903 6457 1.48810350053 0.858465540916 '700023533.may1'
2146 1687 28 1122 1472 1.51425807637 0.944494767601 '700035687.may1'
2148 1169 52 714 2314 1.56116524308 0.944113009487 '700024582.may1'
2150 3497 24 2787 966 1.5227393337 0.94515886175 '700033605.may1'
2152 3437 59 1175 14805 1.4705141197 0.926369812134 '700095504.may1'
2153 5865 13 5829 123 1.61043071758 0.758613818579 '700023283.may1'
2155 1107 15 713 4044 1.38438314222 0.912687718779 '700035625.may1'
2156 594 69 207 6324 1.53072705762 0.138139138202 '700034826.may1'
2159 4784 143 578 25591 1.52949349182 0.929140829342 '700024932.may1'
2161 6146 35 5864 190 1.73714885933 0.849981044286 '700099504.may1'
2166 9991 459 1358 7242 1.72540283485 0.9540887066 '700024318.may1'
2169 2638 57 994 39081 1.42616521058 0.865452509425 '700096204.may1'
2171 2729 10 2331 1095 1.39727526085 0.8711335488 '700097801.may1'
2174 177 15 92 493 1.50501698486 0.657022869809 '700106974.may1'
2175 3103 20 2744 4935 1.40780007667 0.956208339786 '700098238.may1'
2176 2227 54 600 6629 1.50165600953 0.948168752872 '700034857.may1'
2177 1670 68 808 5435 1.53796549055 0.938361034505 '700035611.may1'
2178 4908 97 1839 8304 1.55133757751 0.955058370606 '700099741.may1'
2179 449 31 233 1605 1.52152206753 0.796755269809 '700023198.may1'
2181 4599 27 3481 5070 1.43979768605 0.943296697083 '700024841.may1'
2183 5678 77 2534 16936 1.4903499961 0.969452036367 '700111767.may1'
2184 195 13 132 118 1.61545859288 0.958755740305 '700035985.may1'
2187 8337 138 1176 26030 1.52530861154 0.893639451016 '700014973.may1'
2188 5245 68 1835 11727 1.49601602458 0.959401942478 '700024876.may1'
2190 3199 49 1722 7633 1.48386714657 0.968765243343 '700016819.may1'
2191 4937 16 4830 719 1.48727527897 0.941373677306 '700111216.may1'
2192 2972 52 1078 7979 1.48786616568 0.931390818582 '700032663.may1'
2193 12780 101 11637 10391 1.54279106205 0.933525464564 '700016652.may1'
2194 7195 14 7064 2466 1.39893877485 0.949272897001 '700037234.may1'
2198 6721 29 5670 6548 1.43537339815 0.972685563608 '700037232.may1'
2199 1653 58 996 4162 1.53621337732 0.949328664958 '700034873.may1'
2203 5795 38 2905 385 1.66883527858 0.793183808276 '700107238.may1'
2204 4558 35 4370 901 1.57950552287 0.929063092483 '700098159.may1'
2205 6220 203 2547 5930 1.65213294724 0.975097309448 '700024233.may1'
2207 4033 15 3882 514 1.50189305706 0.914904701864 '700105796.may1'
2208 7317 79 4888 36281 1.45871205561 0.952565779034 '700033169.may1'
2210 3545 84 2201 1509 1.65341297749 0.947393618312 '700096566.may1'
2211 3145 90 1014 7171 1.55197859639 0.970455472079 '700098888.may1'
2213 5918 60 3249 19555 1.45952088838 0.974293953692 '700105500.may1'
2217 2303 64 1014 5679 1.52875025723 0.962600084127 '700016486.may1'
2218 2844 90 965 20207 1.49701674326 0.87273474295 '700097605.may1'
2220 3988 35 1839 3232 1.49311269942 0.93833568589 '700038976.may1'
2225 1222 30 925 971 1.55265693757 0.982263331039 '700106542.may1'
2226 10715 65 6721 10833 1.49542744195 0.974755689816 '700106465.may1'
2228 6863 206 1976 5238 1.66271858379 0.977747496136 '700037200.may1'
2229 2912 74 1774 3196 1.58124286158 0.972627072711 '700016580.may1'
2230 11902 39 5808 30078 1.40140398391 0.976224472808 '700038996.may1'
2231 1853 31 732 1620 1.52090577092 0.944377969173 '700097625.may1'
2235 4896 109 4036 7672 1.56833130512 0.768152038692 '700024681.may1'
2236 2723 82 886 15023 1.50238017609 0.939642811286 '700034816.may1'
2237 2051 89 510 10719 1.5281190793 0.930005308488 '700033402.may1'
2238 5652 45 3891 6435 1.48359192347 0.978672380761 '700106956.may1'
2240 1215 24 1157 60 1.8409791455 0.7933920372 '700034885.may1'
2243 2134 71 635 18190 1.47907682837 0.889074516163 '700106589.may1'
2244 4061 23 3874 766 1.5337326499 0.947153830871 '700098161.may1'
2245 3783 80 1706 14474 1.50178754712 0.953889136143 '700033589.may1'
2246 810 18 311 2186 1.43545825697 0.91545379748 '700032187.may1'
2247 25488 21 25353 279 1.60698218279 0.781187761415 '700102579.may1'
2248 9765 49 5499 17082 1.44582054522 0.963147231777 '700023311.may1'
2249 2357 48 860 6054 1.49380611102 0.953163576553 '700106978.may1'
2252 3906 51 1279 15906 1.45287646188 0.957804744656 '700024786.may1'
2253 1227 70 229 11762 1.49880664686 0.825519445128 '700105822.may1'
2254 5533 195 1707 4945 1.66085066274 0.985608507953 '700037284.may1'
2255 4859 35 4743 186 1.74015638869 0.852795046611 '700097623.may1'
2256 1867 52 622 2617 1.55290557115 0.952815158407 '700106723.may1'
2259 1927 85 704 17806 1.49757213275 0.857198838846 '700033398.may1'
2261 3135 52 2582 247 1.77095259561 0.896336469265 '700095878.may1'
2262 5704 82 1429 29552 1.47088255915 0.953177411806 '700024888.may1'
2268 3099 17 2239 8001 1.36994926012 0.94639884867 '700095253.may1'
2270 4332 22 4034 4261 1.42531717194 0.952408731759 '700098729.may1'
2272 8890 419 884 9687 1.69406496661 0.957556557116 '700024437.may1'
2274 3612 78 651 36827 1.45693299451 0.908276360462 '700095555.may1'
2275 2969 32 1045 31968 1.3809797565 0.846693036547 '700114931.may1'
2276 4657 24 4322 882 1.52924103227 0.951175443644 '700102346.may1'
2280 5433 26 5155 168 1.70012762195 0.814542162946 '700037276.may1'
2281 364 56 63 2429 1.56683088173 0.364360167842 '700096414.may1'
2284 3380 36 3181 98 1.84018508324 0.784904357116 '700096208.may1'
2285 8802 49 4376 25072 1.4297331483 0.923788406979 '700033181.may1'
2286 3887 46 3204 16617 1.44084257282 0.7239033977 '700033480.may1'
2288 288 24 123 1073 1.51537080583 0.781151756494 '700105656.may1'
2289 4199 91 867 20713 1.49689773564 0.928155216265 '700024169.may1'
2290 16255 20 13125 3119 1.4296843443 0.902472559675 '700038406.may1'
2291 1428 104 193 16487 1.52109659073 0.787725064264 '700096090.may1'
2292 3863 40 1978 6595 1.4696317447 0.966110238143 '700035675.may1'
2295 150 25 49 123 1.73395340408 0.906516820313 '700035210.may1'
2296 3664 55 1842 18609 1.45330493189 0.942930434052 '700038926.may1'
2297 470 50 51 12244 1.46283094804 -0.178311434798 '700023662.may1'
2299 1551 41 664 41246 1.39451333748 0.44742393059 '700024562.may1'
2300 6940 11 6812 832 1.42552849774 0.926331624947 '700111286.may1'
2302 4376 99 2857 22448 1.50110995287 0.911234286549 '700102334.may1'
2304 3722 53 1203 19346 1.44803694084 0.939798871562 '700114513.may1'
2305 1797 70 1249 2775 1.58438581702 0.918790314721 '700098928.may1'
2306 6505 38 6271 237 1.72364056269 0.87366202929 '700102173.may1'
2308 7671 30 7476 792 1.56834331616 0.930179958709 '700034128.may1'
2309 47819 48 47180 1507 1.58178235853 0.920863470097 '700105122.may1'
2310 8746 413 1216 3855 1.76574322655 0.957383839213 '700023023.may1'
2312 4292 61 1675 1106 1.63780492233 0.917255272009 '700034230.may1'
2314 581 12 446 1163 1.41818777491 0.899545458976 '700035361.may1'
2318 355 34 169 1461 1.53970554831 0.614681782483 '700033551.may1'
2319 2458 27 652 10130 1.40850771328 0.88973063364 '700035822.may1'
2320 3245 95 2242 4015 1.59459171384 0.897451356284 '700097533.may1'
2321 1066 20 813 11657 1.37230624642 0.5420815257 '700021880.may1'
2322 1858 104 374 22435 1.50582524421 0.829517993467 '700034883.may1'
2323 3786 59 2755 7300 1.50593746635 0.968627917725 '700096301.may1'
2324 7467 18 7427 173 1.63131056215 0.729482462524 '700105646.may1'
2326 2744 26 2357 399 1.60641197575 0.852419564503 '700096153.may1'
2327 3182 84 487 8444 1.53527294919 0.934086215882 '700034814.may1'
2328 4765 19 4351 910 1.49504628035 0.925064002728 '700096905.may1'
2329 3756 53 2990 2207 1.56675140728 0.978747159137 '700034270.may1'
2330 2319 52 1547 5658 1.50622008332 0.951601488796 '700098637.may1'
2334 2332 24 1941 2510 1.46276757975 0.97289080927 '700097396.may1'
2336 7659 16 7614 198 1.59623186295 0.792609072436 '700034294.may1'
2337 4258 90 1982 4880 1.57564192729 0.928033752026 '700037224.may1'
2338 9115 64 3777 1508 1.61858641135 0.895881922486 '700015677.may1'
2339 4768 44 2154 10961 1.45501857893 0.93824338058 '700037212.may1'
2341 4893 70 1675 3795 1.563421892 0.961926938428 '700034228.may1'
2343 1361 48 626 3250 1.52961349447 0.942107451284 '700015944.may1'
2345 5052 77 2060 3247 1.58480811049 0.962287496559 '700033941.may1'
2349 7614 34 7329 3154 1.49112887615 0.91633381862 '700095275.may1'
2351 2749 71 796 28857 1.45854876284 0.897242532076 '700033394.may1'
2356 5273 58 1488 20233 1.4547627795 0.932380893175 '700111190.may1'
2358 1626 63 474 16867 1.47092961438 0.858939784885 '700015935.may1'
2360 989 25 810 6578 1.41919718134 0.290073100932 '700105171.may1'
2361 5869 19 5813 212 1.61836858802 0.798786969911 '700105179.may1'
2364 7616 38 3097 11505 1.43790390947 0.954615301971 '700097171.may1'
2365 1634 37 822 3914 1.48868492047 0.920629279948 '700035613.may1'
2368 4166 26 3550 206 1.67531268142 0.81428866474 '700107236.may1'
2370 3196 20 1991 3235 1.42786397529 0.932464461455 '700098012.may1'
2373 3330 49 2531 6039 1.49617769943 0.967608982884 '700035673.may1'
2374 4651 15 2214 19241 1.3266269677 0.903415970361 '700096640.may1'
2375 16783 363 2824 28945 1.61002395278 0.98562570749 '700023633.may1'
2377 3111 88 837 3591 1.59340863099 0.968616469002 '700097543.may1'
2378 2518 46 1320 2999 1.52960160539 0.957052371132 '700032960.may1'
2380 4457 44 1820 24553 1.42043894927 0.951851092064 '700095868.may1'
2381 6782 64 5849 999 1.65311400587 0.964925133408 '700024391.may1'
2384 2482 47 1120 19683 1.43573054487 0.850865193081 '700015876.may1'
2390 1237 14 603 246 1.55223962679 0.826600829588 '700024558.may1'
2392 1707 63 1073 1871 1.60000337614 0.977655363232 '700035615.may1'
2394 4013 58 1668 2372 1.57271995865 0.940137707323 '700096887.may1'
2395 4921 152 487 31029 1.52570991583 0.919133471432 '700024940.may1'
2396 3938 64 1347 22234 1.46004812669 0.948454850178 '700096909.may1'
2398 4273 93 1033 27018 1.48658896194 0.945569548737 '700024944.may1'
2403 3402 51 735 13094 1.46170585715 0.87836872027 '700035669.may1'
2405 3370 39 2071 8491 1.4545509207 0.966593007014 '700038988.may1'
2407 4116 65 918 21659 1.46267635845 0.938509928392 '700099990.may1'
2408 3888 35 2358 8270 1.44444819297 0.955719562345 '700033530.may1'
2409 2675 52 1084 17753 1.44992824399 0.92513050269 '700032268.may1'
2410 13388 18 13355 68 1.75780602891 0.635930074453 '700105063.may1'
2411 69 11 23 309 1.49311501089 -1.09403895701 '700035363.may1'
2412 2690 40 1292 30430 1.40330937943 0.86889104405 '700097376.may1'
2415 2301 25 1451 5170 1.43034988936 0.955847516845 '700035633.may1'
2418 5822 82 4642 21121 1.4860101659 0.854542074981 '700034678.may1'
2419 2304 47 581 4510 1.50776104452 0.948532318021 '700032980.may1'
2423 5145 10 4953 385 1.46151803137 0.845026904763 '700114234.may1'
2425 1239 63 285 30924 1.44459626183 0.633548163697 '700111622.may1'
2427 4818 10 4804 72 1.62411178164 0.66473842992 '700098491.may1'
2428 2911 124 774 16064 1.53971633932 0.923032979752 '700098220.may1'
2429 3303 204 645 3961 1.6827545978 0.962926051037 '700097994.may1'
2432 1573 92 272 23942 1.49112623283 0.766208888298 '700035979.may1'
2434 3848 22 2572 672 1.5373769396 0.839258096286 '700106263.may1'
2436 5870 56 3474 30671 1.43406218702 0.918496072701 '700023253.may1'
2437 4920 100 695 40739 1.47513669942 0.911717839434 '700111779.may1'
2440 3542 67 1170 17464 1.47533154544 0.941042021163 '700016640.may1'
2441 4756 176 1154 26377 1.54745328041 0.954379559621 '700034254.may1'
2443 5049 55 1752 4818 1.52154671375 0.941279965633 '700024938.may1'
2447 312 24 111 435 1.5863231657 0.927253485321 '700096692.may1'
2448 7732 494 1716 2122 1.84418800086 0.95655884182 '700023477.may1'
2449 4183 28 2912 3218 1.46733572383 0.917253188464 '700097040.may1'
2450 5680 63 5386 866 1.66383783104 0.900503872411 '700097968.may1'
2452 2684 143 346 40214 1.50792096945 0.852338309251 '700033809.may1'
2453 1334 70 253 12543 1.49557570523 0.843345095321 '700035321.may1'
2454 5374 111 1017 39597 1.48577072846 0.93699806623 '700037730.may1'
2455 3171 102 1561 4269 1.59850182904 0.963626022584 '700016921.may1'
2456 1841 107 344 7712 1.56605650703 0.926222978731 '700105087.may1'
2459 4602 50 2667 623 1.66208066272 0.849566391042 '700097539.may1'
2460 2664 29 1009 6623 1.43484403102 0.910566715729 '700024831.may1'
2462 3944 95 2463 21385 1.49949347313 0.906393973804 '700016067.may1'
2464 2473 29 1620 2382 1.48856797737 0.876519780373 '700096915.may1'
2466 2761 38 1225 9758 1.44534845705 0.92914182144 '700035418.may1'
2468 4859 38 4683 396 1.66588713118 0.890948607908 '700038318.may1'
2470 4995 57 2060 8901 1.49187981374 0.939551530454 '700024435.may1'
2471 504 32 144 21241 1.39584835399 -0.358635854569 '700033975.may1'
2473 559 56 235 1543 1.59970970495 0.822299245953 '700016321.may1'
2477 7508 86 2560 40051 1.46227531678 0.962509775528 '700023956.may1'
2479 4033 20 3927 581 1.53495518842 0.93655487534 '700098731.may1'
2481 2342 29 2036 182 1.7093869475 0.861746592719 '700035204.may1'
2482 4844 196 596 7235 1.63452727735 0.95874633876 '700035861.may1'
2484 2938 46 952 12207 1.45455883391 0.949546822447 '700034962.may1'
2487 3667 72 1681 25775 1.46472035847 0.933439456084 '700024934.may1'
2489 1470 85 988 807 1.71221185041 0.967433035901 '700033783.may1'
2490 27417 334 5169 18509 1.62841499077 0.927843002906 '700038600.may1'
2491 3344 47 1899 14540 1.44881009897 0.899696995405 '700024609.may1'
2494 4495 19 4245 233 1.60873242607 0.816142838115 '700033041.may1'
2495 3670 24 3383 319 1.61549770107 0.883827860361 '700096925.may1'
2497 2419 54 456 32825 1.42802475865 0.858562364686 '700098463.may1'
2498 222 49 36 610 1.66104174469 0.444251454414 '700111352.may1'
2500 1806 55 1435 3619 1.53872645104 0.822007023235 '700037840.may1'
2501 5068 53 3764 236 1.78014149973 0.856764141518 '700024701.may1'
2502 4349 70 2973 4187 1.55714310261 0.919520599939 '700111346.may1'
2505 6620 94 3087 3703 1.59889656614 0.948557804388 '700037327.may1'
2507 750 30 266 2648 1.4864399088 0.880188033159 '700111608.may1'
2510 2536 55 1653 1277 1.6122278013 0.971684149739 '700096544.may1'
2512 2994 35 2014 9631 1.43745097926 0.960823441903 '700098467.may1'
2514 33737 17 33714 50 1.79696990289 0.532029654334 '700105065.may1'
2517 635 18 597 53 1.7997161273 0.82944282602 '700102352.may1'
2520 6697 21 6300 1620 1.47154277308 0.903358746866 '700037836.may1'
2523 3342 40 2725 7456 1.46351565578 0.937412561884 '700032264.may1'
2525 3911 60 3550 2297 1.57909370162 0.897395486104 '700023279.may1'
2526 4061 27 3879 230 1.66915947364 0.88097801465 '700023918.may1'
2527 3368 29 3204 364 1.6322482715 0.933708317671 '700038795.may1'
2532 3289 100 1107 10421 1.54161134909 0.964291747213 '700034120.may1'
2533 1509 70 580 7739 1.52090407625 0.903560360236 '700034871.may1'
2536 13846 35 7484 16354 1.41476048679 0.968306888911 '700103253.may1'
2538 5194 34 4966 141 1.77266612367 0.811879220574 '700111636.may1'
2539 3036 35 2313 1902 1.52560374652 0.943473274868 '700095880.may1'
2540 6730 315 964 5962 1.69970642981 0.95147269024 '700024752.may1'
2541 3667 88 1305 6677 1.5537973567 0.938782437685 '700032441.may1'
2543 5228 117 1020 4541 1.60975628616 0.951298382167 '700024711.may1'
2544 4853 95 694 33855 1.47849049037 0.893755093205 '700038924.may1'
2546 5545 43 4442 4583 1.49687892876 0.977639780193 '700105994.may1'
2547 3110 11 1886 27244 1.28715895715 0.846717036721 '700098469.may1'
2550 4278 38 2743 2435 1.51987660432 0.957947915468 '700102151.may1'
2552 1864 22 1758 273 1.61692568987 0.940237886413 '700095823.may1'
2553 8685 204 3355 7982 1.6321705223 0.961776371682 '700023936.may1'
2555 7703 34 6899 1194 1.55412583332 0.947724906541 '700105175.may1'
2556 4767 59 1545 33492 1.43534371353 0.936241353201 '700037724.may1'
2557 2361 45 516 11135 1.45657895228 0.907502694588 '700096550.may1'
2558 1963 66 493 21672 1.46410739588 0.874615264387 '700033404.may1'
2559 4088 45 3155 6266 1.4849780319 0.926128742083 '700024001.may1'
2562 6013 118 883 21858 1.51912710286 0.929968570264 '700103311.may1'
2563 955 41 325 3364 1.50919617193 0.892647910296 '700033851.may1'
2564 8849 19 8419 517 1.53662377331 0.859388435849 '700105494.may1'
2565 2786 38 1097 1163 1.57078137908 0.925599725646 '700035551.may1'
2566 3860 82 1591 18022 1.49349890553 0.945239332585 '700024936.may1'
2569 2318 38 1060 8512 1.4517176736 0.873683572373 '700023904.may1'
2572 47 13 25 23 1.90006765424 0.917358534353 '700097962.may1'
2573 2701 19 1395 2820 1.42873883134 0.931775522764 '700102098.may1'
2577 3564 120 1285 3234 1.63689838602 0.984888559281 '700016564.may1'
2582 8002 20 7891 836 1.50798052025 0.911602011366 '700106089.may1'
2583 5066 183 936 22775 1.55879923935 0.945435504078 '700023902.may1'
2585 4232 81 2820 10562 1.51926238055 0.960099650552 '700097966.may1'
2586 7005 11 6882 424 1.46934091353 0.84496305268 '700023493.may1'
2587 7656 134 1464 26768 1.52118244019 0.9184631531 '700023515.may1'
2588 18062 143 10153 31532 1.51930491841 0.98745010671 '700106350.may1'
2589 4359 13 4343 40 1.77339959163 0.598671403133 '700106520.may1'
2591 2695 88 480 35760 1.46913783959 0.858172296019 '700098908.may1'
