2 513 158 35 22 0.2773 0.3945 0.73022429528 0.767907373366 0.740074254001
19 929 161 233 91 0.0749 0.1318 1.01518546966 0.947001458462 0.848993390323
24 1269 302 197 95 0.0992 0.1478 1.12766465426 0.980439740973 0.804763562265
26 4415 388 800 269 0.0406 0.06 1.08529064177 1.14097315461 0.634165328304
28 909 267 200 94 0.0672 0.1448 1.17898838492 0.973993494592 0.871639093567
29 27283 846 2476 702 0.048 0.0282 1.10903622931 1.32117219344 0.28028205941
30 18000 401 2134 426 0.0587 0.0377 0.944582342681 1.20394779593 0.098464249731
34 378 81 71 33 0.1675 0.2622 0.737316193743 0.790500178 0.826113210837
77 1529 91 344 88 0.1127 0.1188 0.755906440793 0.907143813003 0.560204170376
88 1088 254 86 49 0.209 0.2425 0.858416445721 0.876879068602 0.728661718812
89 1149 170 158 70 0.0897 0.1686 0.809707904467 0.915061537002 0.844282803019
102 164 38 53 22 0.2012 0.3076 0.769460562945 0.705117017958 0.658037317556
109 48 22 7 5 0.6386 0.6934 0.428282889897 0.574052436033 0.391563905105
119 1736 272 230 105 0.1035 0.1325 0.967617372982 0.989975008339 0.738062987232
135 7430 365 1931 412 0.0207 0.0379 1.13318887705 1.19217561506 0.637146689515
139 780 250 95 52 0.1494 0.2308 0.996109975835 0.885151133858 0.900953246499
177 1012 186 185 81 0.0721 0.1513 0.924947379123 0.939974041426 0.863209679559
187 771 34 146 34 0.2913 0.218 0.518267215622 0.727208331597 -0.289021001282
194 401 75 134 50 0.0776 0.1851 0.845702085891 0.831398718935 0.900293673764
200 1888 303 208 100 0.1042 0.1421 0.929626966952 0.98646452165 0.756032809727
203 9049 244 1300 261 0.0491 0.0538 0.823776881406 1.10705679093 0.563130893399
208 2435 109 587 123 0.0973 0.0914 0.846129241213 0.956205934836 0.491326118466
212 1137 282 183 89 0.104 0.154 1.13271833482 0.966915274964 0.883266128712
228 2412 379 279 131 0.0893 0.1179 1.03758564275 1.0339911016 0.736986433312
237 10631 437 2272 478 0.0273 0.0343 1.1055303098 1.22448555269 0.507536307748
238 1053 55 188 50 0.208 0.173 0.555399897415 0.811375986818 0.350665264593
247 1271 315 211 102 0.0719 0.1406 1.09189035067 0.991627010437 0.880359614098
248 921 127 211 78 0.1062 0.1425 0.940312249774 0.915821991332 0.630453976391
259 961 223 116 60 0.1245 0.2028 0.935684478036 0.907052466412 0.81921137396
261 2495 20 841 1 0.2645 1.0 0.530985580901 0.0 -3.01031036549
270 1046 138 259 92 0.0691 0.1251 0.930678262296 0.941038157583 0.80680883306
275 22911 532 2075 502 0.0492 0.0346 0.946387100044 1.24557298933 0.424771611498
283 1045 192 154 71 0.084 0.17 0.885745490803 0.921671774686 0.915060749199
301 2445 398 186 97 0.1813 0.1545 0.963473865604 0.988734101467 0.567029581563
308 37 12 10 6 0.4773 0.6025 0.398463517313 0.503314507496 0.61908656005
309 1188 296 83 48 0.1984 0.2545 0.875853710181 0.880344153732 0.780646552965
317 982 202 113 57 0.1138 0.2058 0.878448521256 0.89398517602 0.845671852233
318 1142 316 245 114 0.0567 0.1272 1.18934865381 1.01068307892 0.913741001045
323 1330 294 156 79 0.0997 0.1722 0.979873251946 0.95077713065 0.819140565036
325 3063 271 885 249 0.0396 0.0583 1.18766589778 1.10805452892 0.473939302997
340 2089 109 513 116 0.0933 0.0964 0.864424917509 0.95032686984 0.372467411847
348 951 254 135 69 0.1271 0.1855 1.0449596784 0.929429147172 0.896961658183
352 2918 84 481 93 0.1634 0.11 0.678691305807 0.906218004456 0.121916430842
377 37416 801 3640 801 0.0287 0.024 1.0342935755 1.33569854181 0.396011878753
384 4540 354 1366 356 0.0263 0.0438 1.21231829697 1.17200537569 0.658279848352
386 3724 121 352 101 0.1769 0.1115 0.645328953971 0.944215982568 -0.186005621675
391 1004 126 254 88 0.0719 0.1279 0.897184462444 0.931303753465 0.821135324293
393 1046 284 170 85 0.0964 0.1602 1.11352824322 0.96221468471 0.898949145835
394 2487 350 425 174 0.0599 0.0889 1.0925850795 1.07388918362 0.746645609727
399 8538 500 1242 383 0.0429 0.0452 1.06732688233 1.20508469954 0.595076290227
400 2063 92 193 65 0.3582 0.1553 0.577544759769 0.875712284167 -0.950031612956
404 1115 243 109 58 0.1515 0.2111 0.869325613278 0.902689136059 0.805882207252
411 1246 267 218 100 0.0863 0.1368 1.09078469525 0.982153906567 0.82936834428
419 961 229 147 73 0.112 0.1738 0.996162724234 0.934000726658 0.857599763374
423 4111 444 648 249 0.0444 0.0673 1.09585200329 1.13679549499 0.707802005091
426 936 289 107 59 0.1641 0.2159 1.06357693788 0.907462305013 0.885776422282
430 1102 264 64 38 0.2045 0.2962 0.782006896602 0.846009125259 0.747150555933
432 1095 227 157 75 0.0932 0.169 0.910396977795 0.934502722158 0.917239580896
436 1029 296 156 80 0.1093 0.1698 1.13517729896 0.95339742969 0.879618016945
439 826 242 42 27 0.3197 0.3662 0.681395288245 0.797959434657 0.724727726583
442 1502 269 174 85 0.0945 0.158 0.924591553077 0.959127119442 0.835572070557
446 985 180 173 76 0.0955 0.159 0.931345556456 0.929987996633 0.81353107964
447 57 19 19 9 0.3282 0.4872 0.591038289531 0.571487337504 0.779984796382
448 28141 587 3546 650 0.0339 0.0271 1.04412879325 1.28570409523 0.477226655342
458 789 245 67 39 0.2161 0.285 0.868784000778 0.84657524605 0.881786308681
464 929 253 216 99 0.066 0.1365 1.18748811105 0.978387323001 0.899045248284
466 3439 115 650 128 0.1357 0.0889 0.821535087305 0.965866136544 0.154028216932
471 943 202 106 54 0.1219 0.2151 0.862698047131 0.883478498501 0.824426807838
472 1105 177 243 96 0.0801 0.128 0.99281189892 0.959859558925 0.829868851703
481 10822 362 1894 390 0.03 0.0401 0.978587444379 1.18562402302 0.640018387403
484 1060 241 139 70 0.121 0.1817 0.947425992153 0.930091672332 0.862299120378
485 973 221 122 62 0.1305 0.1966 0.91391063017 0.907522449155 0.849543670437
491 1083 302 109 60 0.1279 0.2156 0.974731444828 0.910663014933 0.878678390816
496 893 221 131 65 0.0911 0.1887 0.96989110534 0.914140309228 0.883081861143
502 4982 279 643 205 0.0853 0.0713 0.930479846132 1.08553497415 0.205644070926
503 428 76 127 48 0.1029 0.1909 0.849925096072 0.828434524196 0.820582601203
504 755 161 178 76 0.0747 0.1547 0.995906391269 0.92521181842 0.87210870751
507 557 17 138 1 0.4 1.0 0.369879795053 0.0 -3.98683546823
513 333 59 95 37 0.151 0.223 0.800791502975 0.783823950514 0.765715224134
526 5160 469 512 216 0.073 0.0785 1.03713520447 1.11732038044 0.55877162966
533 1042 275 147 75 0.1319 0.1765 1.11693391591 0.942201749276 0.786952677692
539 1041 259 153 76 0.1142 0.1722 1.04882615563 0.942979741624 0.866077184322
551 5525 312 1033 279 0.0496 0.0543 1.02066099041 1.13249040156 0.599711471556
557 847 235 106 56 0.1578 0.2157 1.00023860309 0.894456575212 0.863928894743
561 560 144 37 22 0.3085 0.3874 0.673092342046 0.755623966837 0.615878455939
570 7878 338 1717 367 0.0389 0.0417 1.07283881341 1.17235117291 0.514225734277
573 845 197 107 55 0.1591 0.2109 0.911959112441 0.888554856555 0.792348575496
581 1350 160 292 104 0.0751 0.117 0.920871377681 0.964806018991 0.724673750766
582 3155 438 335 156 0.1041 0.1044 1.04463671279 1.06512155032 0.659853991306
587 5859 305 409 162 0.1054 0.0917 0.788050844852 1.05789293152 0.322068689936
591 1008 229 212 95 0.0776 0.1384 1.10075261484 0.970719102141 0.893279753437
598 737 222 71 40 0.2211 0.275 0.88745914162 0.84562459144 0.877220979979
606 919 162 153 68 0.1195 0.1708 0.899621874072 0.909310887066 0.823889703246
609 524 146 52 30 0.2355 0.3142 0.796157644891 0.797316616332 0.759116308984
619 838 206 113 58 0.1122 0.2042 0.938815469992 0.899515311636 0.889902654081
649 2535 238 561 180 0.0533 0.0776 1.01481573188 1.05844881663 0.77182402551
651 7111 414 1963 451 0.0267 0.0358 1.2384461414 1.21296636775 0.535438458059
654 1114 269 118 63 0.1511 0.2019 0.980452661948 0.915049427218 0.77381089615
659 1475 275 287 124 0.0668 0.1145 1.08216733603 1.01706738904 0.882808953817
670 374 73 120 46 0.1055 0.1976 0.878390933265 0.821920394884 0.850183337665
690 1015 142 278 98 0.0724 0.1198 0.99319878245 0.949744668058 0.824514137499
705 2866 250 886 242 0.0371 0.0586 1.16440514063 1.09856718801 0.502301691909
734 684 162 115 55 0.1144 0.2029 0.901719997936 0.880640465392 0.875316064119
753 5680 449 688 259 0.049 0.0648 1.02065319913 1.14287267306 0.632783211101
760 19835 700 3600 751 0.0298 0.0246 1.2558505217 1.31745750105 0.301810091902
761 614 100 197 70 0.0723 0.149 0.923196089557 0.885784334438 0.871641955769
782 921 198 233 97 0.0683 0.1306 1.11351193581 0.966627563892 0.874898741433
789 4178 394 1549 416 0.0174 0.0386 1.28619379642 1.19836879361 0.773422707912
796 1606 294 161 82 0.1251 0.1671 0.923160766439 0.958082884976 0.737930381877
817 918 162 142 64 0.0929 0.1774 0.866989820915 0.901655890715 0.870145612421
861 930 278 91 51 0.2139 0.241 1.03011447226 0.886208901501 0.813120139309
868 1065 136 298 100 0.0611 0.1162 0.938080950625 0.948804687867 0.847431162606
881 36 17 7 4 0.5606 0.7366 0.472919153082 0.482507241311 0.553143865642
890 1416 299 157 81 0.1114 0.1694 0.963206680352 0.956133469384 0.816260636542
904 1000 240 120 62 0.1306 0.2 0.920412706496 0.906729719309 0.86313153565
915 4655 350 711 240 0.0623 0.0651 1.04176331167 1.11994655335 0.488777696601
918 800 128 151 63 0.1026 0.172 0.843195099578 0.89126544542 0.826356265055
919 3022 97 365 91 0.2078 0.1165 0.636405768608 0.915369804753 -0.180763425217
930 834 167 139 64 0.1209 0.1799 0.92476511457 0.90208391646 0.846570254565
935 106 11 28 9 0.4949 0.4675 0.277474099972 0.51089567259 -0.321627672165
939 662 245 156 77 0.0673 0.1676 1.18983801719 0.940038098353 0.919592269751
941 72 16 15 8 0.5176 0.5208 0.33338308392 0.545086431972 0.195012042995
945 785 174 107 54 0.1215 0.2085 0.915040563705 0.88087061481 0.786138719379
948 3339 105 648 121 0.1212 0.0912 0.762713100225 0.951933229985 0.224868531602
953 1191 251 360 142 0.0406 0.0983 1.1927548935 1.02899561767 0.884022650643
955 6781 31 2137 1 0.2179 1.0 0.639539157828 0.0 -6.61346744353
958 4047 220 922 222 0.0577 0.0617 1.00991727722 1.07889590208 0.386669291916
976 993 262 145 73 0.1335 0.1781 1.120623163 0.933763338901 0.797300023882
987 1241 202 304 117 0.0593 0.1114 1.03870961098 0.991163741125 0.848259762887
988 926 218 110 57 0.1403 0.2098 0.936133866327 0.892918956016 0.818819882058
998 872 181 70 38 0.2165 0.2742 0.752365475588 0.8349706716 0.695836763492
1000 948 162 194 81 0.0783 0.1463 0.912686204336 0.934921096896 0.891717527706
1005 7592 356 1923 403 0.0285 0.0386 1.09842478205 1.1871596635 0.662018471696
1015 1246 174 218 89 0.0914 0.1376 0.907855234827 0.949076434226 0.79581607326
1016 1885 68 305 69 0.1738 0.1378 0.66330711972 0.860198633628 0.0447025045665
1044 1163 153 223 86 0.0671 0.1377 0.88462651489 0.938741637461 0.801608434813
1054 1074 281 129 68 0.1342 0.1916 1.008598384 0.929324653116 0.869083325247
1055 2032 306 320 137 0.0689 0.1073 1.03616304526 1.03372866952 0.706616098142
1058 1575 322 410 166 0.0424 0.091 1.24276792979 1.0631671124 0.839166788053
1062 828 207 116 59 0.163 0.2017 1.02098552593 0.898171759576 0.806627817015
1063 1215 245 163 79 0.1144 0.1638 0.955811837257 0.944973352533 0.792766963736
1066 1205 311 249 115 0.066 0.126 1.21539378311 1.01038036066 0.859564505262
1069 973 241 115 60 0.162 0.2051 0.971557132801 0.907506596405 0.811607457975
1076 1214 253 83 47 0.1885 0.2507 0.816700800459 0.871787313377 0.65016446922
1091 940 260 114 61 0.1378 0.2062 0.996845141528 0.910412226716 0.86749752545
1096 897 247 138 70 0.1242 0.1833 1.08917629475 0.929753969667 0.899496153689
1097 858 79 301 81 0.0867 0.1245 0.91415305094 0.887012348489 0.613181485188
1102 1646 60 336 67 0.1539 0.137 0.639597349118 0.843149943824 0.320553113544
1106 939 224 116 60 0.1765 0.2031 1.00273662001 0.907953952506 0.756584638452
1107 154 37 59 24 0.1518 0.287 0.762646284782 0.708703308581 0.899346218369
1116 856 120 289 95 0.0575 0.118 0.975309609444 0.934825559802 0.835608940763
1122 1010 157 330 114 0.0488 0.1067 1.03887638078 0.974210509124 0.847866380064
1123 779 150 148 65 0.0807 0.1742 0.919173806686 0.900018917251 0.844872411966
1124 814 180 90 47 0.1698 0.2354 0.851003953034 0.86306494701 0.800678464612
1130 1090 272 102 56 0.1669 0.2223 0.907026595795 0.899895984707 0.850382917811
1134 1044 246 76 44 0.234 0.262 0.807687673489 0.863063371403 0.646698477957
1137 5945 513 2158 558 0.0141 0.0307 1.34812252126 1.25485414905 0.708169700962
1138 850 146 222 86 0.0703 0.1355 0.976960189252 0.935365616732 0.817003037461
1139 899 290 117 64 0.1497 0.2027 1.1423564488 0.921394087759 0.848760235118
1140 9446 418 2328 477 0.0251 0.0339 1.13817146818 1.22037491502 0.614158701821
1143 1004 250 120 63 0.1285 0.1982 0.950619188651 0.915815905739 0.873760946196
1146 717 187 61 35 0.2187 0.2919 0.807107508228 0.823414565606 0.768075254664
1152 1035 239 117 61 0.1593 0.2026 0.939422517016 0.907603690817 0.801411514824
1155 3316 299 949 271 0.0361 0.0551 1.20248699475 1.12606208804 0.475571232541
1165 2279 286 540 190 0.0484 0.0775 1.132480351 1.07716375946 0.796156756509
1166 6266 582 1813 522 0.0189 0.0343 1.35486458341 1.25650142508 0.711398737079
1167 389 114 41 23 0.2189 0.3615 0.73374319192 0.75491505786 0.806740873311
1168 936 251 149 74 0.1189 0.175 1.11145667815 0.937245864667 0.880004450746
1171 5682 271 1260 285 0.0605 0.0509 1.13619228296 1.12503171134 0.104078493396
1173 20 12 4 3 0.6944 0.8152 0.384770186301 0.50839156457 0.546820553456
