0 5430 280 0.939870512643
1 11559 365 0.95234471222
11 3769 92 0.776062387346
12 5902 74 0.863713866758
13 260 76 0.761346719468
14 539 63 0.714449488404
15 2268 60 0.832349606145
16 10668 345 0.962432083051
20 7528 31 0.959341968492
21 7701 34 0.963255058208
26 6918 36 0.58628752685
29 4517 36 0.955864495219
35 6151 32 0.952682206747
40 1832 28 0.669640099567
41 3186 11 0.910927261194
42 210 11 -22.4218960416
43 124 29 0.534365179326
44 9115 64 0.895881922486
45 1955 161 0.894154214149
46 1316 46 0.892528853486
47 2482 47 0.850865193081
49 2343 61 0.926321592884
50 2545 70 0.928132405181
51 2284 63 0.979211159938
52 2156 42 0.966578703007
53 1826 61 0.940452789983
57 1075 27 0.847422034049
58 1090 16 0.885515671651
59 1216 65 0.81978473199
60 217 27 0.855526617187
61 1589 17 0.840823349938
62 2164 33 0.957249548162
63 1626 63 0.858939784885
64 1165 47 0.957160522692
65 1361 48 0.942107451284
66 1333 29 0.947788617263
67 1560 35 0.958066227253
68 1339 41 0.776577090716
69 1495 62 0.791957058878
70 1933 86 0.879004839958
71 1947 118 0.87486368071
72 1306 11 0.813066558049
73 1373 11 0.852586945872
74 1495 55 0.715824437901
76 1272 15 0.888872705757
77 8347 227 0.96017806532
81 11623 208 0.975464837174
82 8448 240 0.975146318558
84 5216 74 0.957664325311
86 3944 95 0.906393973804
96 10146 84 0.979006589079
98 569 35 0.262046067911
101 8765 76 0.806354448025
102 3092 102 0.957576468914
103 11205 80 0.951923006441
104 9093 104 0.97910035264
106 7683 111 0.90750353665
109 13472 88 0.959672027503
119 5982 91 0.965190181779
123 559 56 0.822299245953
125 8524 36 0.873535796654
138 8879 51 0.887782301868
143 1311 64 0.800961569333
147 6196 66 0.985967893118
148 3685 45 0.974200200371
153 3463 221 0.958191357422
154 2835 84 0.912957173067
157 2303 64 0.962600084127
158 3124 32 0.88816772435
162 9124 30 0.937698283441
163 9327 33 0.890998108975
164 9194 27 0.906165548776
165 3564 120 0.984888559281
167 3082 114 0.955100740474
169 2912 74 0.972627072711
170 2749 33 0.930827153492
171 6276 135 0.972806776879
175 3969 52 0.934547358344
176 3276 49 0.91420689154
177 4094 53 0.926797570341
178 9607 374 0.971155032204
183 12014 75 0.956662053688
184 3542 67 0.941042021163
188 12780 101 0.933525464564
189 12596 145 0.955861851438
191 13884 122 0.86523190329
192 4148 69 0.980837928744
193 4146 153 0.933312617979
198 2485 43 0.900265695458
203 3314 37 0.95567545484
204 2634 84 0.948941666927
205 427 49 0.808277470534
206 386 51 0.950638087059
208 7588 47 0.930644458167
209 7593 35 0.946430776227
213 4977 245 0.967839877808
218 3754 45 0.922237156363
222 3338 108 0.909594430079
226 622 78 0.532779163624
227 3199 49 0.968765243343
228 3171 102 0.963626022584
230 4327 74 0.939393315481
232 2884 81 0.917038914045
233 3275 25 0.872729345134
234 2979 56 0.901731096322
239 2595 132 0.969968453244
240 1433 138 0.828841147108
243 4006 126 0.979855917483
244 3598 146 0.890290196129
245 5289 118 0.939747931833
248 1357 50 0.755899700008
249 4934 24 0.952665529622
252 6167 402 0.95505374343
255 267 22 -6.15594112766
265 10843 64 0.989266175881
269 1066 20 0.5420815257
271 412 12 0.161131626908
272 8502 44 0.970684494224
275 211 20 -3.83642905289
276 282 17 -1.6987646111
277 9117 15 0.876946487361
278 4889 10 0.847194311448
279 4221 10 0.790203842339
280 2041 41 0.954344423696
281 5257 43 0.938026006369
282 4448 18 0.87675403084
289 4784 53 0.919888172566
290 8746 413 0.957383839213
299 16711 350 0.956888362038
300 12984 80 0.910465397831
301 15071 66 0.889014046487
302 12012 34 0.51767645007
303 11021 78 0.85078483235
306 426 25 0.870222527879
311 449 31 0.796755269809
312 4318 17 0.812885507777
313 5371 12 0.697778192453
314 6171 15 0.770448541138
319 3722 35 0.96300509469
320 4779 59 0.925377279676
321 5580 34 0.921814567454
323 812 41 0.907478335408
324 4247 63 0.960383484809
327 1539 61 0.83408893114
328 5870 56 0.918496072701
333 5266 154 0.947836002591
336 529 29 -0.283034594351
337 689 21 0.867004064101
338 3911 60 0.897395486104
339 2997 50 0.970395294724
340 5865 13 0.758613818579
344 9765 49 0.963147231777
348 88 19 0.776684002046
349 8861 36 0.915449383027
350 118 18 0.303270473076
351 140 21 0.425895518973
357 3887 22 0.969518783708
364 249 12 -8.01749618029
365 7050 45 0.840390394389
366 5281 33 0.706432493398
367 4320 14 0.756560318425
369 7632 110 0.928657461436
372 6160 41 0.970661896187
377 7732 494 0.95655884182
378 441 23 0.844055847445
381 6871 68 0.969465146057
382 6464 34 0.972763323975
383 5293 11 0.853887529411
384 7005 11 0.84496305268
386 7656 134 0.9184631531
389 7188 73 0.963222956929
394 9379 46 0.824142453859
395 1576 47 0.858465540916
397 14314 413 0.964023463638
400 6185 49 0.885030925469
405 6765 258 0.957700285793
414 4999 30 0.852740614312
422 16783 363 0.98562570749
423 4405 290 0.974947209877
424 470 50 -0.178311434798
425 3386 48 0.973431695879
426 3266 35 0.956740654333
427 3960 23 0.912884901918
440 7747 103 0.974054826473
441 8253 69 0.890565939737
446 7404 393 0.959311930152
447 157 17 0.737713543719
450 6104 22 0.88931126294
451 6049 29 0.914881213831
452 6235 24 0.946693478758
457 5151 52 0.973648194396
462 8127 163 0.969861165255
467 3181 26 0.97758174124
468 5944 67 0.929694979884
469 6136 37 0.902398157783
470 6853 35 0.850819700078
474 3916 87 0.935540871156
475 3640 38 0.933670131064
480 5066 183 0.945435504078
481 2318 38 0.873683572373
482 2679 24 0.894597976569
483 232 22 -0.706114173086
484 400 31 -2.24494380205
485 487 29 0.687065506489
486 4577 35 0.819192532632
487 4652 33 0.887176553787
488 4061 27 0.88097801465
489 8685 204 0.961776371682
490 3166 16 0.893702931154
491 3153 13 0.935726030623
492 160 21 0.94877583207
494 6652 46 0.977720635016
496 11287 117 0.934598754911
504 4737 235 0.94941723022
505 3209 26 0.834430697645
506 3585 25 0.848086450841
507 264 24 -0.576270793672
508 577 21 0.900001308803
509 4088 45 0.926128742083
510 5088 22 0.870227517669
512 4604 111 0.920534753665
519 7898 120 0.973999314221
520 6396 73 0.966360971257
523 1598 17 0.840061177012
528 6014 14 0.91988684116
529 6805 23 0.966858211983
530 6618 20 0.871634935796
531 7968 44 0.935127350379
533 7496 51 0.918043031612
534 16034 568 0.957718182164
543 2788 45 0.834055462599
545 7268 39 0.905866452389
546 4221 20 0.850282059314
547 6886 10 0.806923711321
548 4199 91 0.928155216265
550 8910 116 0.97062203055
558 4525 63 0.979807582265
566 6220 203 0.975097309448
567 7983 231 0.94556814115
568 5197 17 0.938532090437
569 4986 24 0.862391458923
572 238 16 -0.595518744519
573 3480 18 0.88627623982
574 4262 20 0.958285283381
575 3286 18 0.785375870926
577 5670 39 0.950671167991
578 1363 24 0.606253125134
579 3502 26 0.954474504084
584 4225 22 0.786075339647
585 3430 45 0.848879746665
588 6049 35 0.952069315287
589 9991 459 0.9540887066
593 6171 66 0.971160064087
594 7366 62 0.990398604068
608 9118 309 0.957921299755
609 6782 64 0.964925133408
610 5210 15 0.929061004589
615 8565 72 0.875903326347
617 4658 27 0.813847899573
618 4995 57 0.939551530454
619 8890 419 0.957556557116
625 8123 78 0.93445808382
626 15885 214 0.958765915487
630 10566 76 0.956655067152
631 9313 65 0.943111909589
633 11754 52 0.86671256997
636 9821 312 0.952124330425
637 6695 27 0.846617083867
638 7731 38 0.964433267932
644 8239 113 0.977415228042
649 13759 37 0.783046807016
650 1237 14 0.826600829588
653 9459 110 0.974951277733
660 1169 52 0.944113009487
663 3497 24 0.893685490339
664 5486 15 0.925457873151
665 3344 47 0.899696995405
666 3881 37 0.929474877354
667 5183 169 0.966114360028
668 143 13 -0.850569149814
675 4034 65 0.951368858769
680 5986 88 0.960829508267
686 7054 186 0.943671815921
687 8224 33 0.887133674317
688 4406 88 0.86113374715
689 4896 109 0.768152038692
690 4697 44 0.929015627273
691 5068 53 0.856764141518
692 6235 30 0.799175174636
694 847 61 -0.00538266247605
695 3898 75 0.969254428419
696 5228 117 0.951298382167
697 6720 99 0.922024327264
700 6762 45 0.951510527997
702 2749 34 0.932390855396
705 6730 315 0.95147269024
706 2393 53 0.77521683839
707 2763 42 0.819365566397
708 588 41 0.587077301277
709 81 21 0.928452699874
710 6089 18 0.894084773923
711 5630 18 0.946493654745
715 5354 41 0.896755355478
718 3906 51 0.957804744656
720 9129 190 0.943272471962
724 6554 44 0.959926585182
730 2664 29 0.910566715729
732 3995 49 0.930467835322
733 4599 27 0.943296697083
734 5929 39 0.96264105636
735 9963 37 0.911396315777
736 6310 299 0.934375493091
737 4130 52 0.908038480489
738 3364 34 0.754223035853
741 5245 68 0.959401942478
742 6382 62 0.935595216797
743 6434 35 0.782497159064
744 5354 38 0.836670275305
746 5704 82 0.953177411806
748 4888 52 0.956078816937
749 5441 44 0.910780333628
754 10590 40 0.899706659832
755 4041 32 0.911102440122
758 3436 81 0.96708009429
759 4680 122 0.984589531716
760 4784 143 0.929140829342
761 3667 72 0.933439456084
762 3860 82 0.945239332585
763 5049 55 0.941279965633
764 4921 152 0.919133471432
766 4273 93 0.945569548737
769 5206 30 0.86177673804
770 5618 29 0.896271975296
771 4592 85 0.797023415023
772 3207 69 0.826296734878
773 5318 34 0.874399487677
782 8466 307 0.970816221621
783 638 45 0.685748735379
784 4107 129 0.940050593903
785 2944 66 0.900561957908
786 3461 79 0.935454111072
787 2429 73 0.907001822914
788 3659 34 0.934264819882
789 3927 113 0.933483669466
793 3163 34 0.928636683474
794 2941 30 0.958423614304
795 584 62 0.939029085317
796 3330 80 0.924163311912
797 2526 47 0.966256884163
798 3502 143 0.981602378375
800 2528 68 0.914354538884
803 2523 36 0.959006272505
808 2510 66 0.970142467592
809 2687 32 0.914619387729
810 404 37 0.301081182436
811 1373 52 0.946143317292
812 2737 37 0.931863622478
817 4233 62 0.951329710012
822 3544 11 0.956539977071
823 1793 40 0.785836985992
824 1223 28 0.787352221666
825 810 18 0.91545379748
826 3879 62 0.977001082495
827 2544 128 0.869960432427
829 6647 51 0.947661079842
830 538 15 0.982206768306
831 3053 39 0.952203143143
832 622 10 0.871599126717
833 3342 40 0.937412561884
834 481 30 0.956285977687
835 2675 52 0.92513050269
837 7140 13 0.809815832696
840 4176 23 0.92127196171
841 6875 10 0.867262398423
842 488 51 0.62408190457
843 131 26 0.896899335432
847 4473 81 0.992550991362
848 5533 26 0.944849388899
853 5170 13 0.65132792011
854 7278 14 0.794257320461
855 2281 51 0.803056367404
856 249 19 0.63290345362
857 2655 35 0.962040454436
858 7570 32 0.789453821478
859 4753 14 0.634683041518
860 4103 186 0.971727946626
861 3738 111 0.939577097357
862 4251 81 0.936318006057
864 3285 52 0.923158373673
865 3667 88 0.938782437685
869 3355 138 0.909158437871
870 2339 105 0.867811179983
871 1641 88 0.868493086949
873 728 88 0.352135005412
874 3263 45 0.97700796793
875 3544 18 0.814376724767
876 3034 18 0.627320613826
878 3423 51 0.914126052258
881 2972 52 0.931390818582
884 3005 63 0.948000725818
886 3222 12 0.8061974551
887 3234 53 0.983076893074
891 2518 46 0.957052371132
892 2400 32 0.884513895509
897 1912 44 0.965417120025
898 2625 25 0.951755085323
900 887 40 0.792899874546
901 2304 47 0.948532318021
902 1230 40 0.946277165631
904 8586 25 0.902611380833
909 2541 17 0.966610723462
910 6398 25 0.86172771979
911 95 37 0.38232611044
912 777 58 0.50969410969
913 5754 32 0.889161103115
914 4495 19 0.816142838115
915 9268 21 0.780942956983
916 11167 284 0.969511503339
922 4172 70 0.925289093949
926 8802 49 0.923788406979
929 1070 40 0.0421483104965
930 2114 61 0.896043765435
931 8213 38 0.951000216414
932 4767 17 0.865584197654
933 7886 12 0.918596902507
934 7708 152 0.958226832986
939 5476 18 0.88924804942
944 5131 28 0.762917830078
945 6153 17 0.776905913212
948 5849 45 0.922484788221
949 2474 80 0.965981798242
951 2749 71 0.897242532076
952 2106 74 0.865735771398
953 1927 85 0.857198838846
954 2166 47 0.971763917028
955 2051 89 0.930005308488
956 1963 66 0.874615264387
959 2319 51 0.916060620996
960 365 19 0.883077615573
961 258 27 0.434563878843
963 4208 165 0.945040372763
974 3887 46 0.7239033977
975 2991 42 0.824372400729
976 48 27 0.276005520282
977 103 37 0.562717653543
978 4272 32 0.935240492244
979 8276 37 0.955587770815
980 7476 34 0.923641386326
981 7654 36 0.895534982913
982 4231 141 0.981741397289
984 3897 99 0.937209336667
985 4056 81 0.955157527977
986 3910 67 0.975423860357
987 3888 35 0.955719562345
988 3360 105 0.938597688849
989 2820 124 0.907211643837
990 3216 68 0.919108944493
991 4000 156 0.944231453102
992 2911 54 0.889730475173
993 3365 67 0.919945658297
994 355 34 0.614681782483
995 549 60 0.868045307179
996 2245 43 0.931391657935
998 3783 80 0.953889136143
1001 3661 29 0.923328709473
1002 3816 125 0.931013232743
1006 3497 24 0.94515886175
1007 3086 27 0.98885825582
1009 1381 56 0.63925589014
1010 3011 39 0.92327708356
1011 4923 203 0.966378600751
1015 4580 55 0.937187436872
1016 4888 90 0.940454253256
1021 4019 57 0.928853820996
1022 4421 44 0.913836119922
1023 3687 92 0.839085238262
1024 914 61 0.909737946099
1025 1159 56 0.982311449456
1026 9658 186 0.980051955862
1031 6733 44 0.954386589003
1036 10258 35 0.892386163701
1037 8033 32 0.820260790566
1039 1470 85 0.967433035901
1040 9726 74 0.94267817463
1041 7534 39 0.92661209111
1042 7312 35 0.971735488241
1043 9951 28 0.969412521507
1044 3637 117 0.973816353757
1046 3001 86 0.914604635178
1048 2341 54 0.954633289429
1049 2999 70 0.901982778746
1050 2186 65 0.967849701725
1054 2602 33 0.893864044407
1055 2168 62 0.942295729692
1056 15 11 0.916758815845
1057 258 45 0.82332052584
1058 955 41 0.892647910296
1059 5052 77 0.962287496559
1063 4567 71 0.941799716758
1069 2756 36 0.871948649724
1070 4198 25 0.941716714595
1071 621 42 0.425246692308
1072 504 32 -0.358635854569
1075 3598 189 0.982667549356
1076 3743 108 0.963831652662
1077 4147 101 0.917686640818
1079 3115 80 0.974435783011
1080 3514 45 0.947211576056
1085 3338 52 0.962429969483
1086 3111 42 0.974284541286
1088 2207 73 0.832926266577
1089 3242 56 0.925892828246
1090 2119 99 0.971109376751
1094 2534 65 0.972349953142
1095 2975 27 0.967544285226
1096 3289 100 0.964291747213
1100 7671 30 0.930179958709
1101 8240 20 0.775601590417
1103 3197 38 0.933292905287
1104 4429 33 0.900533775721
1105 4055 137 0.973445884138
1106 3130 116 0.947245066026
1109 3231 78 0.980976768272
1110 3938 43 0.914059408322
1111 3661 90 0.922601003146
1113 3501 91 0.906382374948
1115 3487 65 0.836835837434
1116 2467 83 0.932139866219
1117 2311 119 0.800576542334
1118 1783 143 0.640028393809
1119 2972 96 0.967762772132
1120 4168 89 0.965092567708
1121 4893 70 0.961926938428
1122 4292 61 0.917255272009
1123 4756 176 0.954379559621
1124 2867 104 0.911463882951
1127 3756 53 0.978747159137
1128 2124 17 0.892886585863
1137 7991 48 0.945796464129
1138 7659 16 0.792609072436
1139 5237 14 0.695056118653
1140 3456 153 0.97963287492
1144 2551 61 0.971651022721
1145 3689 37 0.97079095192
1147 5822 82 0.854542074981
1150 5872 20 0.854236169686
1151 7734 25 0.885989057726
1154 6747 70 0.938362494769
1155 4568 179 0.965017561973
1157 3363 72 0.938652746202
1158 2767 85 0.898442263116
1159 2778 81 0.935753562551
1160 2645 23 0.937480444001
1161 3182 84 0.934086215882
1162 2723 82 0.939642811286
1165 2909 59 0.894078999707
1166 3648 51 0.822957886426
1167 594 69 0.138139138202
1168 1324 108 0.695275343056
1169 2115 53 0.924935512826
1170 2874 64 0.967977481554
1171 3701 11 0.912395577969
1172 2227 54 0.948168752872
1173 1316 100 0.652635350485
1174 1252 45 0.930324625734
1175 1509 70 0.903560360236
1176 1653 58 0.949328664958
1177 1664 53 0.976479583813
1178 1271 69 0.96745266671
1179 1562 93 0.904562129704
1181 1858 104 0.829517993467
1182 1215 24 0.7933920372
1183 1266 14 0.879470912046
1184 1823 78 0.679846015982
1185 1785 68 0.694818005014
1186 3132 51 0.984456446618
1187 6044 215 0.974471087087
1197 3444 85 0.946964395193
1198 3140 44 0.865086792354
1200 1305 48 0.349529159167
1201 2938 46 0.949546822447
1202 3385 74 0.967249151866
1207 2353 27 0.952153796361
1212 2342 29 0.861746592719
1213 3092 16 0.966463635259
1214 824 31 0.731473712844
1215 150 25 0.906516820313
1216 1805 27 0.896359372565
1219 3449 69 0.962357664508
1220 3604 64 0.937100468445
1221 2539 59 0.958674253931
1222 3680 38 0.917430943472
1227 3549 19 0.916314965043
1228 1514 25 0.873948800866
1229 819 31 0.701968934648
1230 1334 70 0.843345095321
1231 1768 97 0.97140620224
1232 1465 49 0.941619277463
1233 1804 51 0.833664828004
1234 1370 60 0.971192812064
1235 1455 23 0.946375780809
1236 1622 78 0.931202427015
1237 1474 54 0.876371678742
1238 1167 44 0.912558884638
1239 1944 77 0.924412435805
1240 1084 27 0.968848272674
1241 1200 23 0.934714721442
1242 295 16 0.906798351893
1243 225 10 0.835628579573
1244 581 12 0.899545458976
1245 69 11 -1.09403895701
1246 47 11 0.460295192677
1247 2330 20 0.940622789825
1248 3274 60 0.966114754273
1249 4720 33 0.965525609986
1250 2476 88 0.886527620561
1254 2761 38 0.92914182144
1259 3555 35 0.461658967523
1260 2290 23 0.939359194987
1261 3897 59 0.960735347803
1262 2961 86 0.939045959701
1263 3001 66 0.93799108247
1265 3233 53 0.973183954393
1266 2786 38 0.925599725646
1267 3913 101 0.944974754367
1268 2259 65 0.887065951045
1269 4061 147 0.890201965639
1271 2149 38 0.919713345554
1272 2624 80 0.846181099218
1273 42 10 -0.0123628306675
1274 46 14 0.757534739049
1275 371 17 0.713017329055
1276 1907 30 0.962160679879
1277 1409 96 0.893454503242
1278 1607 61 0.885132850949
1279 1670 68 0.938361034505
1280 1634 37 0.920629279948
1281 1707 63 0.977655363232
1282 1428 48 0.891108188608
1284 1438 40 0.871081991205
1285 1497 67 0.894598494831
1286 1107 15 0.912687718779
1287 2265 12 0.910365153345
1290 2301 25 0.955847516845
1291 4513 50 0.972647208612
1292 2975 87 0.909983477226
1293 3402 51 0.87836872027
1295 3330 49 0.967608982884
1296 3863 40 0.966110238143
1297 3164 50 0.91639190409
1298 2646 61 0.903523444774
1299 3717 142 0.920378775726
1301 3018 31 0.897098992945
1302 1687 28 0.944494767601
1303 472 50 -0.0393716561477
1304 139 14 0.547384911392
1305 1600 26 0.880620132845
1306 4023 84 0.970311892585
1307 3928 160 0.957836115116
1308 3703 95 0.915778058548
1310 2108 68 0.968926581946
1311 3580 30 0.931711820805
1312 3452 121 0.909087728758
1314 2332 78 0.85180828928
1317 2849 24 0.877170904909
1318 61 17 -1.11017936377
1319 246 12 0.629483534714
1320 1762 34 0.958354748647
1321 3045 102 0.946496562975
1323 3310 117 0.921536881479
1325 2068 50 0.93021629755
1326 2458 27 0.88973063364
1327 3339 108 0.949608664934
1328 1892 61 0.828881953866
1331 656 30 0.929207050335
1332 4844 196 0.95874633876
1336 3711 59 0.963308793003
1337 4056 40 0.971638442473
1342 2232 29 0.902513556496
1343 286 28 -0.66286022137
1344 2650 43 0.819542835865
1345 4159 126 0.933545812688
1346 3716 122 0.924948706289
1347 3955 100 0.939960290802
1348 1375 58 0.708161274536
1349 1141 54 0.859822403768
1350 1472 30 0.858146992119
1351 1527 58 0.822681474177
1354 1573 92 0.766208888298
1356 1073 40 0.801207402187
1357 195 13 0.958755740305
1359 926 37 0.790091900299
1360 1354 13 0.885602256549
1361 1105 14 0.76363024388
1362 5745 12 0.64675117497
1363 6080 17 0.682451222568
1364 4345 39 0.843870583515
1365 2607 58 0.955700780277
1368 5372 212 0.980921546545
1369 5478 33 0.889279037747
1370 5821 35 0.903101796615
1371 4100 69 0.932519242254
1373 5079 66 0.936322078087
1383 5906 136 0.969144443046
1386 20134 74 0.962237565209
1388 1620 83 0.620929509996
1389 6863 206 0.977747496136
1393 4768 44 0.93824338058
1398 3268 60 0.968842277059
1399 4258 90 0.928033752026
1401 3750 42 0.90439602036
1402 6721 29 0.972685563608
1403 7195 14 0.949272897001
1404 5617 12 0.736261719921
1408 3772 48 0.95295303654
1409 5368 44 0.927965117221
1414 4896 28 0.818111077343
1415 5433 26 0.814542162946
1417 6404 46 0.970206498579
1418 5533 195 0.985608507953
1420 6620 94 0.948557804388
1422 24118 35 0.942869748399
1423 13199 19 0.931256961895
1424 955 34 0.16932714965
1425 5102 63 0.960225768012
1426 6580 45 0.890398603321
1427 17524 46 0.846742236593
1439 3882 37 0.776735288611
1440 2352 44 0.949200875105
1443 7321 96 0.955308985038
1444 8759 44 0.897855545764
1445 7709 45 0.90123585198
1446 7207 58 0.947405504262
1447 10367 471 0.953604957862
1455 9054 123 0.937110494345
1458 11649 86 0.919714558399
1459 14441 65 0.944334325274
1460 3311 61 0.981431091642
1461 2683 76 0.651704803518
1464 6517 31 0.990723707029
1465 7046 49 0.9760238715
1466 5914 16 0.949284796198
1467 6528 137 0.914957677784
1469 4830 67 0.964669839771
1476 6932 134 0.979152085089
1477 1221 50 0.805900195593
1478 17554 81 0.943013020307
1479 18992 98 0.952083742851
1481 6697 21 0.903358746866
1482 20290 29 0.907449316292
1483 1806 55 0.822007023235
1484 1768 54 0.897951926095
1485 15703 50 0.84755318616
1486 16383 50 0.913913291338
1487 16410 32 0.833500885203
1488 11024 33 0.953033994457
1489 3831 42 0.968678596149
1490 2125 44 0.908419955786
1492 5733 79 0.952257785142
1494 12362 106 0.976321416432
1495 15442 99 0.981887770977
1498 10691 71 0.937634354383
1499 213 34 0.0336752786356
1508 17934 686 0.962711866797
1511 5544 66 0.93904052261
1518 8439 53 0.983354345616
1519 8187 70 0.973861883752
1522 8565 334 0.97518998927
1528 4000 43 0.956682711062
1533 7392 30 0.94270151263
1534 2827 26 0.910060151016
1537 537 62 0.593579119346
1539 4254 106 0.974196517483
1542 4859 38 0.890948607908
1543 3898 14 0.822195906541
1544 9173 404 0.95684861348
1545 4192 35 0.943595181426
1546 3661 39 0.810748428616
1549 4036 55 0.933517167494
1559 7911 238 0.969634184686
1560 15168 24 0.830690556844
1561 16255 20 0.902472559675
1563 4653 29 0.851771571464
1564 6577 438 0.947640720717
1569 16497 87 0.947636720607
1582 10641 32 0.941010321601
1583 16110 41 0.950779941718
1584 128 14 0.878492679449
1586 249 16 -9.05046364743
1589 5418 45 0.967645463472
1595 7404 299 0.950268110533
1597 6646 29 0.93589442825
1599 4890 52 0.917522730101
1608 9600 36 0.960466877495
1609 6832 38 0.95031395405
1615 27417 334 0.927843002906
1618 14069 50 0.966377954891
1623 16870 77 0.958654350625
1624 1727 53 0.985281038829
1627 34971 280 0.961847458116
1635 8447 120 0.944565188627
1636 14178 32 0.850548853473
1639 14110 49 0.899289040421
1640 13658 38 0.688228579408
1641 11300 24 0.684334626132
1642 17311 429 0.960893178548
1643 7295 234 0.972859914067
1645 8765 111 0.924139871779
1647 3534 16 0.972245475047
1651 1275 28 0.856358879462
1653 3368 29 0.933708317671
1654 15053 27 0.91943816505
1655 12425 62 0.813740850485
1660 4021 52 0.932509627859
1665 3686 29 0.864190092898
1666 8877 280 0.971073544081
1668 3664 55 0.942930434052
1670 4409 24 0.865933528019
1675 8044 44 0.938434221211
1676 14255 38 0.898088139708
1677 4064 26 0.891623856355
1678 5637 39 0.909356505975
1679 14963 42 0.783285349482
1680 12820 22 0.839135395583
1681 2532 50 0.920703653423
1682 2968 82 0.835603223617
1683 3988 35 0.93833568589
1684 5861 351 0.976505614841
1685 8487 116 0.951653156394
1688 3370 39 0.966593007014
1689 5219 36 0.9736802016
1692 11902 39 0.976224472808
1694 3316 90 0.952054243471
1697 3388 71 0.913903631735
1698 2890 52 0.961343419484
1699 3099 17 0.94639884867
1704 7187 19 0.659080906445
1705 9273 25 0.797395761152
1706 3643 16 0.90330007327
1708 7765 30 0.913118814535
1709 7592 91 0.971247516154
1710 7614 34 0.91633381862
1711 7008 19 0.806344996382
1712 5122 266 0.933956646656
1713 3862 79 0.934019571999
1714 4916 60 0.958293965479
1715 3207 50 0.95903719761
1716 3867 72 0.96030296175
1717 4160 38 0.931687561788
1718 3859 66 0.949327009069
1719 4208 61 0.94742112539
1722 3355 38 0.872668555295
1723 4324 35 0.912123618147
1725 5494 95 0.870270907703
1726 3151 35 0.913259376283
1727 7321 197 0.963502188792
1728 3428 118 0.92951974774
1729 2534 87 0.918336786796
1731 4828 95 0.985873320701
1732 3202 30 0.961098814635
1735 3170 90 0.92148958565
1737 2962 48 0.928440646909
1738 4271 38 0.973896650348
1740 5053 100 0.940548928348
1741 3071 38 0.95138048868
1742 4580 276 0.949075928943
1745 1028 57 0.838661477159
1747 3437 59 0.926369812134
1752 7299 43 0.898960011966
1753 9196 64 0.917823579282
1756 7504 61 0.931342363129
1757 4480 125 0.980777438268
1761 3102 98 0.923916525898
1762 3297 37 0.982705892311
1767 2768 34 0.922208545946
1768 3016 43 0.946479944068
1769 745 49 0.0142814686249
1770 692 46 0.674826723766
1771 1648 22 0.963761313423
1772 4314 373 0.929612871675
1773 3721 148 0.951670540489
1774 3932 83 0.933168705449
1775 3994 83 0.933722789826
1776 3213 95 0.973769287498
1777 3756 76 0.918301682074
1778 2720 91 0.931005848765
1779 2350 70 0.843264861656
1780 3530 76 0.950455678116
1781 3260 80 0.922075297734
1782 2418 42 0.837757129463
1783 2441 49 0.944283475357
1786 3038 56 0.936219304701
1787 3166 45 0.974317879701
1788 3166 47 0.959933930935
1789 3217 22 0.927953963503
1790 3722 243 0.964704949785
1792 3113 79 0.931554409461
1794 2794 96 0.898159216495
1795 2832 51 0.883069684419
1796 2648 111 0.894696029492
1800 2841 42 0.885196153178
1801 2600 35 0.913814304022
1804 2451 50 0.952130217183
1805 2084 82 0.936214475977
1807 1801 49 0.806578700215
1808 2724 50 0.962898864452
1812 1619 42 0.847647353486
1814 1864 22 0.940237886413
1815 4321 70 0.966161485739
1820 4457 44 0.951851092064
1825 3135 52 0.896336469265
1826 3036 35 0.943473274868
1828 1010 41 0.50440785767
1829 2438 42 0.941504394213
1830 2099 112 0.932568852434
1832 1782 55 0.823194963469
1834 2639 58 0.986249819473
1836 1472 54 0.899091729071
1837 2203 70 0.880106465257
1840 4250 65 0.885903373651
1841 3327 35 0.961513243543
1846 2566 32 0.892939568475
1849 1428 104 0.787725064264
1851 7140 29 0.947773848574
1852 3171 52 0.862247396458
1857 3555 36 0.91364274077
1862 2744 26 0.852419564503
1863 2394 204 0.930848362267
1864 2228 70 0.897671782423
1865 2235 57 0.894040782231
1867 2871 45 0.918796717881
1868 2349 23 0.837560814686
1873 3380 36 0.784904357116
1874 3905 14 0.973078386288
1875 2540 20 0.914336401945
1876 3194 51 0.951736479046
1879 3786 59 0.968627917725
1880 2781 23 0.792027317108
1885 4594 498 0.935478171453
1887 3259 67 0.890029969477
1889 3589 65 0.957849423944
1890 3910 39 0.927611908262
1895 2329 42 0.905091918298
1896 3153 39 0.914281537152
1897 332 52 -0.37236188893
1898 364 56 0.364360167842
1899 1633 69 0.954517020186
1900 3877 80 0.974158568006
1904 4492 84 0.892200296256
1905 3758 14 0.930216916605
1910 4315 64 0.961176621917
1911 3628 51 0.947352335775
1912 4681 32 0.943209997191
1913 2249 136 0.938031992215
1915 2363 65 0.917572488688
1916 2536 55 0.971684149739
1917 2753 62 0.925064871798
1918 2075 23 0.962998462433
1919 2361 45 0.907502694588
1920 3819 78 0.977326392169
1923 4473 35 0.836400959871
1924 3758 15 0.858401093641
1925 3545 84 0.947393618312
1926 2692 103 0.985753450636
1928 2413 28 0.858031813973
1929 3758 42 0.966742642165
1930 2408 27 0.943174004663
1935 4651 15 0.903415970361
1936 3466 17 0.909466894168
1937 1809 64 0.970462757908
1940 3026 47 0.861658258534
1941 2735 17 0.946406804261
1944 1025 38 0.830924036802
1946 312 24 0.927253485321
1947 3341 30 0.877726514551
1948 3708 47 0.972356693824
1950 3360 39 0.929155947157
1953 3498 19 0.929177133563
1958 6355 27 0.994319518469
1959 4013 58 0.940137707323
1961 3666 50 0.945667740907
1963 4713 38 0.952449049654
1964 4765 19 0.925064002728
1966 3938 64 0.948454850178
1969 2473 29 0.876519780373
1970 3638 25 0.869237360105
1971 6073 40 0.930052546279
1972 3670 24 0.883827860361
1973 3425 16 0.682114030325
1974 2898 54 0.897662812918
1976 2542 37 0.913800494562
1979 3627 31 0.971666797016
1984 4917 34 0.985223997959
1985 4513 34 0.979651607957
1986 5018 25 0.965445282734
1987 3342 167 0.955153504084
1988 2185 104 0.905088215801
1989 2967 41 0.908002377196
1990 4299 76 0.950249446742
1991 4380 109 0.957487686135
1992 4183 28 0.917253188464
1993 2924 94 0.918322984326
1997 2845 40 0.95305118695
1998 2418 77 0.820782621525
1999 4374 15 0.921608056642
2000 3623 169 0.970599523107
2004 3389 57 0.954841231559
2005 3702 32 0.881129675423
2010 4798 31 0.956617745018
2011 3597 17 0.845158540245
2012 7616 38 0.954615301971
2013 3950 121 0.942382836055
2017 3334 64 0.934335215624
2018 3978 49 0.934613087172
2023 3008 22 0.876383523949
2024 2902 23 0.851151038492
2026 3631 49 0.906189589433
2027 3980 85 0.9592669167
2029 3628 82 0.937799017202
2031 3979 51 0.945931697794
2032 2949 54 0.976895777641
2036 3135 160 0.914463178069
2037 3091 61 0.975212821393
2038 10902 40 0.859242513429
2040 5150 66 0.961363698719
2041 4775 217 0.931232545914
2042 2713 109 0.912193931749
2044 3541 76 0.939284241449
2045 4312 70 0.96814493329
2046 3310 50 0.940119607183
2047 3012 100 0.932673235836
2048 2462 89 0.870502917281
2053 3887 45 0.883674573464
2054 3757 73 0.940756116505
2055 7107 79 0.942522880779
2056 3149 57 0.919828054031
2057 2690 40 0.86889104405
2060 2093 73 0.849416315175
2063 2332 24 0.97289080927
2064 2509 19 0.911226469019
2067 2325 31 0.959258114828
2068 2950 101 0.964947862098
2071 3720 56 0.953309583063
2072 3004 44 0.892007068462
2077 2028 22 0.960015268045
2078 3610 47 0.914808776566
2080 2266 39 0.970453893548
2081 3874 34 0.952960684879
2082 4241 37 0.959541464565
2083 4514 14 0.873929383001
2084 2981 174 0.965106675125
2085 1842 99 0.882557585175
2086 2031 49 0.910503149918
2087 3033 70 0.943577350915
2088 3707 74 0.927070178181
2089 2542 35 0.884449651157
2093 1921 103 0.87580637841
2095 3245 95 0.897451356284
2096 4602 50 0.849566391042
2097 2705 81 0.929414161142
2098 3111 88 0.968616469002
2099 2954 57 0.894219731558
2100 3435 146 0.956417361545
2101 1901 93 0.887277213985
2104 2844 90 0.87273474295
2105 2868 13 0.920542521468
2109 1721 115 0.809920864916
2110 4142 73 0.900957534919
2111 4859 35 0.852795046611
2112 1853 31 0.944377969173
2113 5351 450 0.939965352442
2114 3370 101 0.957110621167
2115 3480 86 0.944934554128
2116 3995 75 0.934348336817
2118 3058 36 0.936260513653
2120 3695 76 0.899900109166
2123 4331 23 0.897536591004
2124 3246 15 0.935679880902
2125 11986 422 0.962992727652
2129 3732 34 0.98243487946
2130 7850 44 0.931305755027
2131 2192 78 0.918398695803
2135 8510 67 0.891041763411
2136 6387 28 0.821944187311
2139 7918 17 0.82603246603
2140 3180 178 0.937217516926
2144 2617 35 0.866062546445
2150 2729 10 0.8711335488
2151 3923 35 0.902809506189
2153 4065 273 0.965023755022
2157 3152 60 0.977936422305
2158 3862 41 0.920454406869
2163 2449 36 0.981090146484
2164 4107 38 0.920510530309
2165 855 72 0.565114262078
2166 565 36 0.907332506559
2167 3887 68 0.963665400026
2168 3168 38 0.872954411563
2169 2770 23 0.85250221079
2170 3545 99 0.949539779514
2171 2803 105 0.908424723461
2173 3202 66 0.928604103155
2174 2765 52 0.976157944362
2180 3783 27 0.875355202438
2181 5161 41 0.952915249228
2182 47 13 0.917358534353
2183 4012 51 0.911052397279
2184 4232 81 0.960099650552
2185 5680 63 0.900503872411
2186 3303 204 0.962926051037
2190 4110 61 0.992312233986
2191 3196 20 0.932464461455
2197 5393 14 0.617721309266
2198 3921 12 0.646635723464
2199 3761 66 0.958272528754
2201 2582 45 0.855246475356
2202 3212 55 0.932279829356
2203 2652 66 0.972521113399
2209 4558 35 0.929063092483
2210 4061 23 0.947153830871
2211 134 25 0.767539903647
2212 2394 52 0.975316393812
2213 4587 41 0.904534621988
2214 7268 50 0.915657285531
2215 2911 124 0.923032979752
2217 2730 39 0.875471257985
2219 2724 48 0.969105468582
2220 3103 20 0.956208339786
2225 4679 24 0.965991391804
2226 5129 212 0.955849928947
2228 3995 62 0.961390431091
2230 3921 75 0.973465115265
2236 2276 34 0.830492494077
2237 2724 25 0.822361741507
2238 3016 41 0.955571807216
2239 4388 87 0.883150334136
2240 3685 39 0.966032046804
2241 4511 32 0.96193045994
2242 5691 222 0.963288372993
2244 4492 55 0.908914774957
2246 4153 62 0.966477276633
2247 3831 20 0.866345411859
2252 9553 81 0.903018383273
2253 5393 98 0.934430103459
2254 5095 52 0.931390003477
2255 3489 48 0.873630605711
2256 4233 50 0.969564589756
2257 4974 15 0.863502573013
2258 3301 175 0.964243282049
2262 2994 35 0.960823441903
2263 3110 11 0.846717036721
2268 3914 14 0.870894852101
2269 3553 34 0.823816479221
2270 2309 53 0.978295905869
2271 4761 24 0.821790049603
2272 4818 10 0.66473842992
2273 9266 346 0.97804520294
2275 7220 139 0.932639140216
2278 10169 94 0.928676567203
2283 4487 118 0.950373917213
2284 5086 31 0.900189057767
2285 1841 114 0.813001144611
2286 2472 120 0.844364443877
2287 5830 45 0.967155029468
2288 2897 55 0.97321146995
2291 2948 50 0.904564477975
2292 2319 52 0.951601488796
2293 3632 18 0.895937817047
2298 4133 14 0.757813523823
2299 3458 33 0.86154033228
2300 4094 41 0.91327509676
2301 4069 28 0.963723148057
2302 3683 20 0.871124773463
2303 4044 77 0.943984369351
2305 3051 57 0.924232234432
2308 2586 37 0.939944234354
2309 3302 73 0.946407381679
2310 2536 61 0.899332934071
2313 3111 36 0.971779751552
2314 4863 35 0.813388818722
2315 3618 19 0.917906777732
2316 4332 22 0.952408731759
2317 4033 20 0.93655487534
2318 3205 58 0.90676212585
2320 3783 84 0.912288723455
2323 4648 32 0.931039479143
2328 3145 90 0.970455472079
2333 2683 48 0.962974524072
2338 4034 76 0.959629497583
2340 1797 70 0.918790314721
2341 5381 46 0.897945309102
2342 5844 157 0.972030965367
2346 2909 66 0.897224827464
2347 6265 52 0.96824758549
2351 20 10 0.388798019732
2352 5301 73 0.943203907586
2353 2041 31 0.880673654644
2354 4032 32 0.977070097351
2355 2909 33 0.97258811801
2356 5642 14 0.891493792685
2357 5862 131 0.969591188954
2359 3820 97 0.926828999508
2367 2626 31 0.914557893877
2368 3998 43 0.976226600694
2371 2697 60 0.872777965172
2372 4152 292 0.951849877161
2373 2873 147 0.940247292738
2374 3821 51 0.965229528472
2375 3600 72 0.969426829383
2376 4286 42 0.975581995791
2377 2513 30 0.933536360461
2382 2176 38 0.962800094649
2383 5684 54 0.896362385252
2385 2831 38 0.936003024508
2386 3402 40 0.954458217863
2387 3875 75 0.961689917312
2388 4116 12 0.553447317971
2389 4120 81 0.987445180492
2390 2202 73 0.883787352644
2393 2934 65 0.946049958637
2394 2975 28 0.935636258073
2399 4192 32 0.936083962329
2400 3100 33 0.972059441686
2401 3142 49 0.943101528109
2402 4685 39 0.962742225489
2403 5408 12 0.935013367655
2404 5927 65 0.978932630061
2407 2178 62 0.89951736202
2408 6246 48 0.98683490407
2409 4741 33 0.955269475893
2414 5867 36 0.939882686487
2415 4774 29 0.936401980036
2417 2506 42 0.799234653666
2418 5550 23 0.936910715357
2419 2706 14 0.967502353296
2420 4440 11 0.950197702891
2421 6035 49 0.955832350975
2424 2300 39 0.906557895888
2430 1739 15 0.883946950349
2431 520 14 0.953425505292
2432 3196 77 0.977305629039
2442 2736 23 0.876984756147
2443 5793 28 0.941995676938
2444 3961 33 0.971760949275
2445 4192 28 0.959973567291
2446 6146 35 0.849981044286
2447 4366 57 0.954852636967
2451 4611 83 0.963396369081
2452 5616 25 0.94964137698
2457 6087 19 0.882511697826
2458 6813 27 0.850555439439
2459 2286 26 0.930715733986
2460 5724 107 0.961491787295
2464 3744 30 0.960958939258
2469 4272 22 0.8969288232
2470 5137 99 0.947724204536
2471 4908 97 0.955058370606
2472 5182 95 0.954705348599
2475 2924 88 0.931744601793
2477 2551 70 0.960764364401
2478 2447 28 0.90287285523
2479 2308 80 0.861328645653
2485 5419 218 0.983084900876
2488 271 35 0.914989988946
2489 3133 102 0.931493063841
2490 3898 11 0.831858291216
2495 4292 14 0.937572791322
2496 4130 14 0.914407934087
2497 634 27 0.866023640133
2498 3857 37 0.806045418543
2499 4366 28 0.900872571127
2500 4609 80 0.960407771749
2503 3356 104 0.940438068157
2505 2975 33 0.891783998493
2510 6598 57 0.943270737961
2511 5250 43 0.973190104353
2514 4213 69 0.86548270343
2515 10503 126 0.942906276201
2516 10548 112 0.931821743274
2517 9044 144 0.921898684882
2518 5262 139 0.961163495369
2520 4116 65 0.938509928392
2522 5817 44 0.987854901484
2523 5273 29 0.876433236407
2528 4039 41 0.897737382453
2529 2963 33 0.964097492348
2530 7341 10 0.918359489936
2531 3089 143 0.89342538088
2533 2138 53 0.903067960652
2534 2176 52 0.941042757979
2535 2076 42 0.936077929092
2536 2336 11 0.868495969558
2540 3454 20 0.90854519257
2541 3583 25 0.817184322418
2542 1657 40 0.948024107503
2543 3179 47 0.928759049689
2545 5841 56 0.992820183832
2547 2891 59 0.93837591508
2548 2682 46 0.913543394639
2549 5314 79 0.938398278218
2550 5029 42 0.964633394968
2555 6347 27 0.899315798584
2556 5532 38 0.937599177849
2558 2851 84 0.920017260094
2561 3335 28 0.934227245987
2563 3296 101 0.932471462594
2564 2264 94 0.875770529802
2566 2473 15 0.930287347491
2567 3014 27 0.887643053488
2568 4156 24 0.940282540982
2569 3075 22 0.946607134535
2570 4195 19 0.91832649095
2572 4400 204 0.955977553066
2576 3597 41 0.930163104478
2583 2537 58 0.958437194839
2584 583 72 0.576537913306
2585 3575 35 0.946125747722
2586 2289 48 0.972478037123
2587 2324 97 0.917099054043
2588 2856 66 0.910697424351
2590 2038 41 0.963757347723
2591 2414 78 0.918811789833
2593 2315 87 0.861261991563
2595 2208 98 0.95722856333
2596 3400 16 0.761539041492
2597 1903 17 0.930071676717
2598 361 33 0.595458774795
2600 2660 45 0.888275515063
2601 3965 117 0.965143384307
2603 2264 50 0.890118629383
2604 3213 60 0.980645641798
2605 1987 42 0.970941186707
2606 2070 28 0.880055358335
2609 1981 51 0.911508617768
2611 537 57 0.913204269208
2612 2588 31 0.954823214286
2613 559 48 -0.250019804817
2614 1159 48 0.915796720507
2615 2033 11 0.927391163416
2616 3755 26 0.962794488776
2617 6920 150 0.970811078897
2627 3505 55 0.911672438207
2628 4486 67 0.896139286808
2630 530 62 0.335912655485
2632 3814 247 0.929122248259
2635 2988 78 0.943527018558
2636 3129 123 0.923121122862
2637 3377 35 0.868197920018
2638 308 35 0.65862170824
2642 8670 61 0.894321301207
2643 7641 33 0.800789893686
2646 7241 102 0.954858061576
2651 6637 49 0.981685467756
2656 6222 25 0.927120618554
2657 5751 30 0.874627353448
2660 5778 177 0.967559333977
2661 6535 92 0.934997404961
2662 5969 69 0.929468834759
2664 6573 49 0.932990251529
2665 5851 21 0.893515144141
2666 7193 61 0.927092894073
2670 5238 25 0.912763409391
2671 5201 35 0.98737864226
2672 2377 29 0.744037178492
2673 1961 46 0.809062695636
2674 3856 41 0.952988452427
2675 6706 27 0.91906014444
2676 3230 190 0.961779600377
2678 4115 65 0.943758398184
2679 1395 51 0.795523905084
2680 4792 84 0.896740829612
2681 3148 38 0.948629000628
2682 3733 94 0.926710680629
2686 3921 71 0.925679525304
2687 140 36 0.742295295543
2688 227 42 0.587674966144
2689 2714 36 0.889286391075
2690 5460 175 0.960013365445
2692 5339 140 0.915991179076
2695 3794 46 0.92985882946
2700 3364 54 0.891662640274
2701 3454 53 0.900137972156
2703 2014 60 0.399375470056
2704 1603 47 0.79129491065
2705 3352 90 0.975408005421
2708 251 21 0.85007570232
2709 3368 27 0.962003227425
2710 2753 14 0.900299243279
2715 8567 20 0.92462281272
2716 8486 20 0.907543736519
2719 6497 48 0.967848063406
2720 7638 49 0.981969981135
2721 7264 38 0.948148471365
2722 5951 16 0.947909442083
2723 4892 263 0.966655678324
2727 3951 110 0.944244969514
2728 3882 29 0.969989515896
2733 3943 64 0.985432788972
2734 3956 35 0.943269583698
2735 281 65 0.913619860097
2736 776 50 0.664866275084
2737 4108 44 0.972075420867
2738 4776 109 0.968143770712
2739 4319 96 0.947333070246
2742 2630 21 0.931148287062
2743 3412 21 0.916546764334
2744 3953 74 0.959379053162
2748 21190 67 0.959909336593
2749 5639 24 0.952550848197
2751 5031 35 0.895233698748
2752 4429 53 0.987036674888
2762 4977 18 0.857858695522
2763 3762 16 0.839378186242
2764 6312 18 0.70114605856
2765 5184 13 0.737646232774
2766 1926 49 0.969958754987
2767 1681 107 0.846066130239
2768 1205 41 0.866165614244
2769 1235 51 0.810789463853
2770 1313 40 0.980546824819
2771 1332 30 0.926030544052
2772 1170 56 0.775142342478
2773 1676 57 0.841388777626
2775 1720 109 0.730428880427
2776 3738 111 0.954426286539
2778 4059 92 0.949442031734
2781 3553 39 0.887366237437
2786 2953 16 0.808806165225
2787 2867 28 0.882976223112
2789 2234 52 0.737934672983
2790 2696 38 0.960624947018
2791 4314 119 0.965555264934
2794 5011 69 0.923567621652
2797 212 32 0.776154323977
2800 5086 21 0.855664611254
2801 2297 11 0.943738438715
2802 2701 19 0.931775522764
2804 5028 64 0.97429268614
2808 4278 38 0.957947915468
2814 5325 141 0.96421775252
2815 7667 147 0.974366430499
2816 1805 149 0.790081650144
2818 6505 38 0.87366202929
2819 8562 31 0.918876906371
2820 9767 46 0.950025090658
2821 3021 173 0.964039224847
2823 2844 49 0.891984397267
2825 2623 57 0.939562221946
2826 3269 55 0.978196613971
2827 2902 53 0.916287263872
2828 2884 62 0.885023481202
2831 2593 22 0.954107613119
2832 2724 17 0.972703097655
2833 4531 61 0.913975028693
2834 2864 27 0.910764663567
2835 4203 120 0.96561471993
2837 3633 77 0.932741704289
2838 4376 99 0.911234286549
2839 3822 40 0.924162240221
2844 4657 24 0.951175443644
2845 2699 21 0.908525223147
2846 635 18 0.82944282602
2847 3145 17 0.948227211583
2848 5189 161 0.951294049513
2850 2827 86 0.892266986694
2851 3878 87 0.965487834796
2852 4165 34 0.966549563411
2853 3663 65 0.963509986297
2855 3143 69 0.898971641576
2856 3206 113 0.925404669624
2858 3026 27 0.808507146953
2859 3260 28 0.845926546366
2860 1373 59 0.542779810442
2861 2549 76 0.873662624917
2862 2075 25 0.908820625458
2863 3963 107 0.956155829982
2864 2992 136 0.913403683005
2865 3329 80 0.940714442992
2867 4226 82 0.975237047228
2868 3022 44 0.945646236338
2869 3248 81 0.941641713126
2870 3220 86 0.940948353823
2873 2630 42 0.811330573236
2874 2882 20 0.789229831217
2876 547 30 0.132687962063
2878 4430 208 0.965629178458
2883 22864 36 0.955039969508
2888 25488 21 0.781187761415
2889 35529 17 0.752262258552
2890 28911 22 0.645233610461
2891 3448 185 0.964719629626
2892 2993 185 0.954169159111
2893 7441 116 0.942496339523
2894 6311 114 0.949968457354
2895 2600 75 0.914317166561
2898 3009 132 0.897626430692
2901 4866 59 0.846464797526
2902 5575 59 0.802507808339
2904 6222 114 0.912011803273
2905 3367 14 0.730928347136
2906 2921 42 0.891739721563
2907 3492 29 0.793250068198
2908 5520 62 0.956010861256
2912 4275 98 0.974944086377
2913 4470 50 0.86466757267
2920 6110 99 0.951552511063
2928 6759 78 0.933539092332
2929 7645 67 0.939219539541
2930 4527 138 0.949753977455
2933 3123 62 0.949648802807
2935 6785 116 0.933914434659
2936 2850 71 0.921411117263
2937 5610 96 0.963785049229
2938 2602 50 0.954388907871
2939 3744 79 0.914869539725
2940 2604 66 0.914603457904
2941 2367 77 0.864474548844
2943 3507 25 0.787414353462
2944 2463 23 0.84886988233
2945 8275 150 0.73471484548
2946 6147 93 0.924189565939
2950 1849 58 0.827299468445
2951 2406 44 0.933903746427
2952 1829 100 0.950983068108
2956 178 13 0.852646727868
2957 632 19 0.891016636041
2958 310 34 0.841155455083
2959 14563 98 0.935985378815
2960 7137 33 0.958638601405
2962 13846 35 0.968306888911
2971 5109 35 0.951758392067
2972 6859 37 0.969351672306
2974 6013 118 0.929968570264
2982 647 49 0.694088961441
2983 30 17 0.599349514945
2986 251 26 0.950409276837
2987 7146 71 0.934451276711
2989 302 34 0.653194038995
2995 11385 276 0.943682171988
2996 719 16 0.83986736419
2997 38 14 0.960959195646
2998 26 14 0.432429178015
2999 38315 85 0.917307599033
3000 22598 38 0.858281049999
3006 1431 46 0.958598679164
3007 2615 23 0.820792434568
3008 1463 12 0.745869533037
3009 134 15 0.891745593109
3010 306 48 0.799878123977
3011 534 44 0.639883453929
3020 451 45 0.82900974759
3026 864 51 0.757885928115
3029 2902 23 0.937246530879
3030 3472 27 0.862583230752
3031 3916 64 0.971500481509
3033 6228 53 0.967764985031
3034 10972 163 0.966327084131
3035 104 20 -0.185995212649
3036 87 10 0.0690466310498
3037 2032 29 0.742429931192
3038 291 12 0.855385624041
3040 6426 47 0.904710298505
3041 6207 49 0.940490250512
3042 1380 88 0.956578244675
3043 1810 17 0.914452815657
3046 122 23 0.573103459885
3049 6997 32 0.979511279733
3051 466 11 0.862283886555
3053 13388 18 0.635930074453
3054 33737 17 0.532029654334
3062 1841 107 0.926222978731
3065 126 21 0.910145997255
3066 114 33 0.938916031441
3068 1687 30 0.946286921151
3069 47819 48 0.920863470097
3073 20363 51 0.971063024116
3078 829 15 0.948046464222
3080 205 23 0.859419016298
3081 989 25 0.290073100932
3082 3568 35 0.916191031435
3083 7703 34 0.947724906541
3084 5936 25 0.813165779824
3085 5869 19 0.798786969911
3086 11815 247 0.958353357399
3088 8508 125 0.926414196336
3090 5670 80 0.940936489572
3096 1664 26 0.868687374311
3097 3128 34 0.726682568689
3099 6065 20 0.941378492951
3100 7263 15 0.943947180077
3101 6287 19 0.810617722435
3102 7881 127 0.976898530148
3105 4372 59 0.948335548629
3107 6310 20 0.931610378314
3109 116 28 0.849338231623
3113 3161 20 0.930557457098
3114 410 18 0.951788720484
3115 230 31 0.668750662216
3117 497 19 0.803060550594
3118 8878 81 0.968516266165
3121 2464 35 0.925269328741
3123 2642 215 0.948795455365
3125 2631 24 0.932067444531
3126 1801 25 0.93698283388
3128 195 22 0.936641669235
3129 4079 27 0.95421989206
3132 144 42 0.939747827835
3135 4769 24 0.902226140565
3136 5965 15 0.661691593002
3137 5636 14 0.825312788001
3138 105 24 0.771349496658
3139 8444 392 0.95638065173
3140 8849 19 0.859388435849
3141 9912 223 0.95892571969
3143 5918 60 0.974293953692
3152 80 12 0.899711848112
3154 126 18 0.828220333183
3155 968 41 0.855485963824
3157 340 37 0.930319083281
3160 11367 332 0.956284256524
3161 1623 67 0.940693510136
3162 807 11 0.568526214666
3163 7794 42 0.832562389527
3164 7467 18 0.729482462524
3165 428 49 0.714728984238
3168 288 24 0.781151756494
3182 2480 54 0.763919687071
3183 141 25 0.547319395899
3185 4718 36 0.964866748619
3186 8064 258 0.953085988641
3187 121 20 0.468845438843
3188 259 23 -1.07752384029
3189 215 19 0.238181872622
3191 563 32 0.325371300669
3192 361 22 0.664272611996
3194 3617 38 0.896706841367
3195 4102 28 0.85717800791
3196 4033 15 0.914904701864
3203 3135 38 0.959011506094
3205 1227 70 0.825519445128
3208 1705 12 0.883024654413
3209 1812 35 0.834597278018
3210 3102 36 0.922653138486
3211 6824 199 0.963186166531
3212 145 34 0.768830855245
3216 3133 29 0.956173221369
3218 160 41 0.672717116933
3223 371 39 0.888247593748
3224 974 55 0.600765174706
3226 1758 66 0.793337738851
3229 4532 49 0.974144591994
3230 6210 34 0.966945891306
3231 4623 34 0.947570125135
3240 577 26 0.860630384536
3241 5545 43 0.977639780193
3242 6714 21 0.886854704453
3243 110 34 0.296214955147
3251 4513 32 0.938539066823
3252 867 18 0.903265719858
3253 478 34 0.346208930592
3254 306 13 0.816640567695
3255 3575 30 0.889679811802
3256 4136 19 0.703901508137
3257 5118 239 0.960051060051
3258 2178 36 0.918128932195
3259 2453 25 0.902455345018
3260 1468 23 0.773515178724
3261 5557 37 0.630428751846
3262 8002 20 0.911602011366
3263 8794 15 0.783873362072
3264 10481 211 0.96588310336
3269 10859 132 0.913639808564
3274 8934 16 0.735231694078
3278 13173 406 0.953926519191
3279 2562 17 0.850932937881
3280 3701 36 0.813298540118
3281 511 46 0.63533941279
3282 148 27 0.928130665064
3283 8733 167 0.94654242255
3284 2949 25 0.847979377967
3285 3848 22 0.839258096286
3286 11823 17 0.872378908034
3287 6823 14 0.940123148404
3288 380 12 -0.336134992104
3289 18062 143 0.98745010671
3290 2061 10 0.809291222318
3291 347 34 0.800748222322
3309 10715 65 0.974755689816
3312 4925 26 0.912519120253
3313 4099 30 0.9085116383
3314 4359 13 0.598671403133
3319 3828 30 0.967938428058
3323 1222 30 0.982263331039
3326 28 13 0.399989368498
3327 82 15 0.929323468079
3329 5885 111 0.946627378931
3330 6020 86 0.944379597346
3331 1069 54 0.977273550024
3333 6109 123 0.938403953904
3335 2134 71 0.889074516163
3341 173 24 0.109893658247
3343 1996 21 0.860257967057
3344 72 10 0.343455724479
3345 1713 31 0.941247671217
3346 219 42 0.625874083261
3347 404 22 0.031933618382
3348 838 68 0.595571320762
3349 363 32 -0.920964677597
3350 2421 14 0.89745254238
3351 1888 15 0.386271021605
3353 115 11 0.885634917361
3354 1423 52 0.952866548004
3355 11118 15 0.863563100294
3357 114 10 0.888100241413
3358 120 12 0.950750555137
3359 1867 52 0.952815158407
3363 1586 96 0.962563669289
3364 11822 24 0.897549209444
3366 2016 34 0.548566458012
3367 1710 61 0.944035000731
3368 81 18 -0.443520251587
3369 11588 87 0.943919339115
3374 2446 44 0.918933954174
3376 414 14 0.886228981005
3377 8318 56 0.859471226079
3378 9810 31 0.965099060931
3379 8330 16 0.768060837322
3382 12828 46 0.915556645162
3384 861 47 0.936032920131
3385 345 26 0.956696979352
3387 1552 72 0.966499127946
3391 5652 45 0.978672380761
3392 4391 32 0.950017349164
3399 177 15 0.657022869809
3400 2561 47 0.915234588116
3401 2357 48 0.953163576553
3404 3285 25 0.933697891345
3405 2253 68 0.974090822662
3406 3298 125 0.982518580878
3408 2321 71 0.896861360663
3409 2383 63 0.891882299299
3410 2982 62 0.893823487227
3411 2104 50 0.91243796326
3416 2358 32 0.828549608339
3417 2090 46 0.919301825942
3418 120 29 0.970219740752
3419 2065 84 0.738476013928
3420 1590 35 0.926311812599
3421 1756 35 0.955842760894
3422 2032 66 0.944763898174
3423 1267 31 0.83302489068
3424 2047 45 0.86457115923
3425 1732 40 0.967374959302
3427 1462 46 0.892642609938
3428 2495 61 0.918880776458
3429 1336 64 0.896114643503
3430 1943 84 0.883519438796
3431 4166 26 0.81428866474
3432 5795 38 0.793183808276
3433 2783 119 0.941472283157
3434 6678 45 0.956689092885
3435 16098 212 0.977764106959
3438 4717 50 0.909214578413
3439 4452 62 0.970998051157
3440 6966 34 0.963167113876
3445 6635 27 0.797457458399
3446 6084 21 0.822172178677
3447 1848 80 0.930401785175
3448 1983 88 0.839757629475
3449 4080 20 0.975885599137
3450 7773 58 0.887867058673
3451 6292 12 0.845787719204
3452 6741 11 0.5556998165
3453 9271 325 0.96519590651
3454 10537 207 0.962300717592
3463 4346 48 0.815143503154
3464 5858 103 0.936502539543
3465 2295 154 0.94631455224
3466 5591 194 0.986288252082
3467 7535 118 0.975618345707
3468 7650 87 0.979144024349
3472 4379 92 0.99306535582
3473 4817 38 0.875095320848
3478 5137 40 0.889324209362
3479 4360 39 0.89066862629
3480 10811 36 0.901728102298
3481 28635 104 0.949443466123
3482 5632 48 0.975367944813
3483 5748 451 0.942338253653
3486 3988 84 0.951902718016
3487 3822 69 0.963586258044
3488 4191 43 0.869836662756
3493 6722 51 0.871771878029
3494 3826 290 0.905251817859
3495 1164 152 0.932656257129
3498 9254 217 0.970152821051
3499 2433 117 0.862307501798
3500 1717 56 0.974653614784
3501 1532 20 0.931168867474
3502 1822 32 0.978881153296
3503 1537 25 0.959212477741
3504 1042 33 0.910273291871
3505 2148 24 0.777253470196
3506 835 49 0.646498801502
3507 1178 67 0.764768644259
3508 5414 27 0.705044364198
3509 6987 26 0.791214034155
3511 7887 111 0.983572035931
3515 6906 115 0.964115740339
3516 4221 44 0.956801962361
3521 3450 89 0.970713961447
3523 405 50 0.974319948724
3524 1502 93 0.988445385178
3525 3479 69 0.970621485125
3531 4918 39 0.926046333511
3533 3957 67 0.952267529651
3536 1364 30 0.861639331389
3537 3921 47 0.934936427436
3538 4049 70 0.963208163422
3539 1280 58 0.971912593996
3540 1069 67 0.888461938191
3541 6945 95 0.948131416353
3542 1138 49 0.736083871874
3543 1363 66 0.911872639945
3544 2069 25 0.943824092463
3545 1583 62 0.765960450758
3547 1072 56 0.62626712963
3549 4322 72 0.930033339792
3550 5658 136 0.947556983774
3551 3719 32 0.929059205538
3552 3467 101 0.956534627957
3557 4152 30 0.937866265347
3562 3809 121 0.914340258539
3563 4900 92 0.815759024322
3564 3064 340 0.942963268678
3565 3238 260 0.937123366125
3566 3639 64 0.928224238335
3567 7959 10 0.781152499017
3568 8362 107 0.981017863988
3572 4429 57 0.97501832338
3573 5036 55 0.961055820012
3575 3304 52 0.888687198723
3578 28904 105 0.943034043337
3580 743 73 0.902962530851
3581 1882 103 0.942036830721
3582 4023 57 0.969312282711
3583 12580 438 0.96033733083
3593 9580 137 0.911303770372
3594 11513 139 0.878429550447
3595 2731 255 0.900171706739
3596 2505 257 0.921260946564
3597 8946 79 0.907685474079
3599 10355 34 0.889465701226
3600 10198 22 0.879800473784
3601 15037 186 0.968643161492
3604 2116 20 0.932864366595
3605 1493 28 0.884850343614
3606 1867 87 0.935266416503
3609 1220 64 0.858808660828
3610 5045 48 0.967238675666
3611 6180 51 0.968661389036
3612 9379 51 0.967161766404
3614 4589 27 0.962896626675
3615 11454 226 0.95872323373
3617 1335 37 0.836856720487
3619 1194 20 0.788661082972
3620 1238 22 0.778335465417
3621 1479 59 0.932433032301
3622 2138 88 0.87207290614
3625 4507 22 0.965294147258
3626 5439 27 0.976900143779
3627 5288 79 0.934699643834
3628 5113 52 0.917280797071
3629 5626 204 0.955060014102
3633 4754 96 0.952949472662
3634 4261 23 0.957923187992
3639 3832 63 0.934301395791
3640 4307 57 0.958851381703
3641 127 20 0.94801822333
3642 143 33 0.981360716013
3643 5891 93 0.914529163126
3645 4283 14 0.794405569106
3646 22016 27 0.821690809411
3647 9693 314 0.962660136029
3648 5359 107 0.946475411976
3649 5789 65 0.922260418178
3652 9068 24 0.9221753991
3657 5001 41 0.921807872114
3658 5301 31 0.922535071945
3659 172 20 0.803463092507
3660 4572 54 0.880786164136
3661 5073 16 0.81451046305
3662 4670 13 0.911395336118
3663 10966 75 0.980883180639
3664 1310 105 0.895395009766
3665 862 48 0.91109063371
3666 1388 50 0.872626042938
3667 1727 29 0.93863093314
3668 6809 39 0.898553742656
3669 1336 57 0.903448737227
3670 1421 73 0.940259643823
3672 1091 84 0.881623505933
3674 5691 28 0.920249647814
3675 5489 68 0.950305624686
3676 5988 206 0.959581468896
3680 6018 128 0.952844990709
3685 4915 58 0.912541011069
3686 4526 53 0.906932639462
3687 614 74 0.889350640483
3688 918 73 0.94910801539
3689 4729 53 0.956441392295
3694 6238 96 0.964340543749
3695 5389 60 0.890990907063
3700 5052 56 0.947320495833
3701 3922 80 0.937643084392
3703 358 66 0.884643730444
3704 5452 46 0.949421625376
3705 1529 33 0.946966151058
3706 1975 52 0.834027469192
3707 976 19 0.717257448486
3708 1835 33 0.848690194573
3709 1749 16 0.954613284323
3710 1588 14 0.961338614194
3713 978 30 0.643667228262
3714 1333 32 0.699197051401
3715 5638 58 0.983644087976
3717 2926 30 0.95535840221
3718 1984 23 0.940328802849
3719 2455 12 0.687559315895
3720 9969 314 0.979216499141
3723 4693 104 0.943355042178
3724 4038 49 0.945747484067
3730 4834 124 0.92196613654
3731 5740 12 0.743486821308
3732 5025 15 0.681585458222
3733 12349 420 0.96181250356
3737 10221 60 0.976507212644
3738 11373 53 0.939133815301
3743 9731 88 0.980721224412
3744 11532 84 0.975814650579
3745 1801 81 0.840699815995
3748 2238 60 0.94550108518
3752 2778 36 0.973379699509
3753 2327 24 0.850605933129
3758 5967 62 0.933583117486
3759 5910 35 0.93117629483
3760 3624 77 0.878950796416
3761 5316 48 0.92948225403
3762 2545 40 0.924958730816
3763 4033 36 0.959903773066
3764 20647 198 0.985793617581
3766 1814 22 0.905906282527
3768 2244 37 0.962967772795
3769 1685 21 0.830892810428
3770 1297 60 0.888202151311
3771 2938 77 0.89603776887
3773 1105 65 0.756007488496
3774 3927 33 0.825392084868
3775 4501 39 0.87895699829
3776 901 86 0.694068929639
3777 3679 46 0.901640944688
3778 3201 13 0.713804624225
3779 3847 13 0.70492168134
3780 3481 61 0.962306009354
3782 2398 43 0.944743756526
3784 2718 45 0.933970501239
3785 2841 44 0.944155377398
3790 6989 64 0.93601509203
3791 6430 59 0.864076071048
3792 46 12 0.932056760259
3793 6573 66 0.981732182155
3794 4420 36 0.935264669529
3795 4737 15 0.919602150087
3796 2092 110 0.970109272262
3800 2794 28 0.952306337608
3806 5626 45 0.941140422076
3807 5536 51 0.889669450153
3808 49 22 0.825810914124
3810 10741 79 0.973691807913
3815 8905 57 0.947124798143
3820 9126 75 0.954949667727
3821 8553 122 0.979455293493
3822 3564 95 0.905908675063
3823 5808 109 0.960830793404
3835 4568 36 0.842730247212
3836 4564 37 0.942583448941
3837 26 11 0.334658707322
3838 4978 79 0.98008293395
3841 7354 129 0.968030837353
3843 5033 55 0.932251901908
3844 5847 45 0.940434768276
3849 7044 106 0.964152818463
3850 6045 95 0.951717444881
3852 743 98 0.951138589734
3853 6052 132 0.973939776948
3855 7388 70 0.913781109583
3856 6515 59 0.882534922148
3857 1261 23 0.951594488454
3860 1154 44 0.854863965065
3861 2464 54 0.920290767757
3862 1536 20 0.882061120205
3863 1145 60 0.883442825069
3864 1256 62 0.847848851094
3866 1258 77 0.71630585495
3867 5858 59 0.934396605529
3868 4929 25 0.881447549317
3870 15689 211 0.964746159825
3873 943 61 0.853058914322
3874 6539 141 0.974780226911
3875 1085 27 0.83419970877
3876 1334 93 0.812110845049
3879 1134 105 0.825004366633
3880 4806 64 0.924337579658
3881 3767 57 0.938999410682
3883 9200 83 0.978011839351
3884 808 30 0.910066733777
3885 969 26 0.890466614669
3886 2243 64 0.950887637646
3887 1585 55 0.958958812222
3888 1698 11 0.97172208202
3889 1013 62 0.910453621983
3893 6404 43 0.904015893379
3894 6694 30 0.899986595201
3896 6003 28 0.957012101359
3900 5207 70 0.960696520071
3902 8736 60 0.920619596337
3907 4645 33 0.880034961609
3908 3146 53 0.949630585383
3911 6307 49 0.91447185848
3912 5221 23 0.730092602421
3913 7262 315 0.962426838403
3915 2023 56 0.920592612157
3916 1938 54 0.897780238724
3917 1306 27 0.930819642905
3918 1377 38 0.972061906466
3919 1469 39 0.978766317096
3923 5522 41 0.948859807093
3924 5684 30 0.912971521884
3925 21 14 0.6230022337
3926 26 12 -0.318487218079
3927 5996 51 0.832756080788
3928 6126 232 0.957354791561
3931 986 58 0.901994654036
3933 7910 26 0.891593445491
3938 8566 78 0.947981846431
3939 7470 36 0.773214395395
3940 92 29 0.411511092472
3941 206 33 0.684600293902
3942 4051 43 0.932141875196
3943 9664 92 0.963228002607
3944 9077 36 0.898356587291
3945 6584 30 0.6559260683
3946 1337 38 0.967206116509
3947 1359 113 0.709306131269
3948 1098 50 0.87426300572
3949 1805 107 0.950816364422
3950 1492 92 0.901006144058
3951 1467 36 0.939983782612
3952 1112 64 0.849353851001
3954 1120 94 0.899469238497
3955 1573 125 0.864961321165
3956 6912 38 0.977632549136
3957 6205 54 0.79759427041
3958 30 13 0.554055205273
3959 12588 80 0.942395182686
3960 4345 35 0.921436765307
3961 3213 14 0.765869250744
3962 18895 617 0.960724417086
3965 3590 71 0.970198056877
3966 3314 69 0.975197002083
3971 2551 122 0.935782544334
3974 7023 118 0.932834777134
3975 3613 111 0.923759287625
3977 2126 88 0.957742569886
3978 3187 60 0.896925821917
3979 3360 47 0.951795818685
3980 17798 289 0.967328435592
3985 1543 15 0.804141510509
3990 15 10 0.934534726349
3991 39 14 0.911620733326
3992 3320 15 0.878613908809
3993 3896 14 0.932788661179
3994 2904 10 0.950930382743
3995 1223 68 0.961873478517
3999 2796 54 0.872015378043
4000 2806 32 0.929915650272
4001 1933 46 0.851673830901
4002 2390 57 0.854309122777
4005 9702 96 0.993586718258
4006 6067 76 0.950459221016
4008 4088 30 0.81553036933
4009 6002 44 0.891891614351
4010 6304 14 0.912920605177
4012 1598 107 0.933350867236
4013 1594 40 0.836070274066
4014 3388 91 0.932394973327
4015 2128 66 0.955082147505
4016 1662 27 0.907113786797
4018 1200 52 0.893729604854
4021 4728 50 0.929895559564
4022 5530 29 0.954723557837
4023 8180 125 0.865785148738
4024 3914 36 0.837460757736
4025 2740 45 0.948672445407
4026 1509 75 0.884624774393
4027 1621 59 0.92069451835
4030 3054 27 0.922845857542
4035 20 12 0.416716860009
4036 15908 324 0.968178843664
4040 1639 41 0.885889084937
4041 2241 16 0.924861076066
4042 2228 51 0.856423200725
4046 9437 53 0.935626767777
4047 9190 82 0.94905493951
4048 4833 71 0.944155255319
4049 2378 83 0.892220704158
4053 2431 26 0.93788276606
4054 3591 15 0.909420680734
4059 6121 54 0.912377272737
4060 10998 37 0.893050858852
4062 9880 81 0.908985878905
4065 5419 40 0.987316357527
4070 5260 32 0.979128209598
4071 5110 13 0.927407423043
4074 3820 42 0.932715119471
4075 5118 24 0.942212317572
4076 5940 54 0.980953657179
4077 6678 20 0.913118897504
4078 771 91 0.937614489128
4079 954 66 0.780242351298
4080 935 37 0.777960370935
4081 1794 63 0.882260694315
4082 932 22 0.780796896609
4083 1205 12 0.771235310238
4084 1045 62 0.85876090933
4085 1479 103 0.852106850357
4086 607 43 0.526297280647
4087 696 54 0.86471534838
4088 1969 25 0.850651241378
4089 1719 26 0.853436775121
4090 2606 172 0.927155994414
4091 3322 138 0.832517463489
4092 2153 64 0.930825907152
4093 1728 49 0.950604936526
4094 1320 63 0.883622685851
4095 935 31 0.757211182592
4096 1042 38 0.793441309514
4097 1312 42 0.971138561702
4098 1078 22 0.938555443266
4099 1159 49 0.905448692139
4100 1872 44 0.882602654316
4101 864 52 0.851539935776
4102 1118 77 0.824420130782
4103 1471 16 0.916890964728
4104 1747 28 0.968858889617
4105 2520 136 0.9166145395
4106 1628 56 0.940411947449
4107 9474 153 0.978982467218
4108 5040 70 0.962311198127
4109 5273 58 0.932380893175
4111 6330 60 0.968856806346
4112 5615 29 0.927557608786
4117 2469 28 0.884688882006
4118 3528 36 0.831459328486
4119 3989 95 0.99044617256
4120 4133 87 0.935570417812
4121 4108 56 0.905563539359
4122 4937 16 0.941373677306
4123 6272 54 0.982002237772
4127 1889 42 0.909078723669
4130 88 19 0.745960088013
4133 3405 18 0.960761470865
4134 3319 24 0.963763678959
4135 105 20 0.926359869639
4136 42 14 0.915801460889
4137 3555 58 0.977769109236
4138 2229 35 0.953012418092
4139 711 17 0.954710310331
4140 6940 11 0.926331624947
4141 7142 195 0.97858101314
4145 4309 77 0.918018247707
4146 5117 51 0.936531440577
4148 856 38 0.811048998584
4151 4349 70 0.919520599939
4152 3364 64 0.926848110943
4153 284 49 0.819503237129
4154 222 49 0.444251454414
4155 982 41 0.810520824535
4157 3695 28 0.914709288536
4158 4804 16 0.709917059196
4159 2257 82 0.897638325936
4160 6662 215 0.976693160496
4161 1905 74 0.859774999427
4163 3520 52 0.887218321558
4164 3951 60 0.937243509178
4165 1742 19 0.786039443894
4167 2422 51 0.905168275999
4168 1192 50 0.78579841153
4170 1763 36 0.926201189425
4171 2738 44 0.916222100663
4172 548 32 0.973797143146
4173 1594 18 0.896567534826
4174 1789 25 0.971857784302
4175 1144 75 0.942863636984
4176 708 36 0.828489086529
4177 959 58 0.854721023971
4178 1526 61 0.819398786273
4179 978 23 0.923826224887
4180 958 51 0.854432674247
4182 870 51 0.712293926973
4183 1006 64 0.915403745166
4184 2027 50 0.907742034907
4185 2659 46 0.968709538428
4186 1633 95 0.975270509771
4187 2357 39 0.872517530876
4188 1467 58 0.955770661809
4189 1125 72 0.821614203434
4190 750 30 0.880188033159
4192 1121 52 0.887851615827
4193 1216 33 0.902662978358
4194 1237 78 0.85301161081
4195 1233 65 0.744803561836
4196 791 57 0.738530152947
4197 1239 63 0.633548163697
4198 2202 71 0.972004133343
4199 5003 99 0.960500660261
4200 2401 95 0.94473673431
4201 2292 57 0.962661971108
4202 4733 97 0.875649257238
4203 5194 34 0.811879220574
4204 5059 28 0.790124476906
4205 5678 77 0.969452036367
4215 5099 85 0.975744043511
4216 4073 58 0.97745944466
4218 1503 79 0.758421230948
4220 5197 46 0.908608599422
4221 6019 16 0.889652355413
4222 972 28 0.912251390092
4223 1321 39 0.676882523976
4224 1017 26 0.64033339164
4225 1399 37 0.724091053836
4226 1143 36 0.899016663258
4227 1110 23 0.865237325849
4228 890 30 0.722564403225
4229 1251 43 0.799033487719
4232 1567 45 0.965285404047
4233 1949 52 0.966524907545
4234 3487 198 0.929765284634
4235 1940 35 0.877676736342
4236 2264 35 0.906835488356
4237 8004 199 0.972946634183
4241 4879 81 0.92874126273
4247 6137 77 0.932781175854
4248 5415 69 0.967838155428
4249 426 43 0.87206282829
4250 3037 112 0.913052912871
4255 2550 67 0.926170484283
4256 4096 189 0.964833532302
4267 4664 95 0.929321270478
4270 4131 41 0.963495974804
4273 4764 81 0.895976048855
4275 5104 131 0.973895719476
4277 7700 42 0.894520320633
4278 1342 29 0.914269401617
4280 7816 70 0.941724615245
4286 1759 34 0.433006782466
4289 5376 66 0.699908804994
4290 5536 40 0.964602640009
4292 6258 60 0.919735301989
4294 4724 30 0.958169520363
4295 3956 27 0.909462737877
4299 2418 30 0.88114642412
4301 3031 56 0.961102692733
4302 7567 65 0.955299018736
4303 8966 50 0.966684735899
4304 8434 52 0.98222332516
4305 6676 275 0.95565104772
4306 3330 74 0.959961716138
4307 3211 74 0.986074628054
4308 17890 81 0.880684789807
4309 7759 27 0.752235183258
4310 7137 79 0.932722012222
4314 7067 101 0.94266197919
4318 12102 212 0.978872737565
4321 4858 70 0.966382460022
4322 6520 54 0.953599642763
4325 5813 63 0.952968364432
4327 2790 51 0.972882688877
4328 4244 144 0.972844958224
4330 2236 82 0.95377343659
4331 8595 168 0.981349052467
4333 681 37 0.613524780364
4341 4389 27 0.954701189101
4343 2571 76 0.907983402664
4344 4003 50 0.941897540261
4345 470 54 0.63917366149
4346 3180 108 0.916331147453
4347 412 31 0.718715136101
4348 2574 63 0.952936667383
4350 9644 371 0.949202389739
4360 3324 41 0.819581593784
4361 1555 35 0.895054691751
4362 5693 35 0.917827667698
4363 5987 97 0.930213933788
4364 6111 91 0.956067730904
4365 5586 24 0.950084090894
4366 5532 98 0.980162356856
4367 3025 27 0.952622971845
4374 5422 20 0.969057101155
4377 5247 28 0.971468115403
4378 5753 27 0.960779566024
4379 5145 10 0.845026904763
4380 2261 64 0.971854980779
4382 7139 203 0.933775859698
4384 6118 119 0.941350850313
4386 4527 45 0.94136567093
4387 4506 48 0.925696720734
4391 7045 108 0.980759872972
4394 8831 35 0.928175967495
4395 7747 19 0.854573019671
4403 39 16 0.873186495366
4404 142 24 0.909048417443
4405 2042 50 0.926465949442
4407 7635 119 0.950862828208
4409 6557 75 0.957215097037
4410 5737 88 0.967061076467
4416 5183 93 0.922899229453
4418 5456 93 0.956384764558
4419 4940 69 0.965021679109
4424 64 17 0.931669086365
4425 3126 73 0.933409005223
4426 5113 318 0.948398033773
4427 108 10 0.921751569954
4428 4850 20 0.670509985631
4429 4822 101 0.974661232608
4430 4757 42 0.953425162928
4431 7703 21 0.967805904864
4432 7860 19 0.856591382725
4433 8798 12 0.77984095659
4442 6722 111 0.975979597043
4443 3722 53 0.939798871562
4444 5091 37 0.950379288712
4445 2702 56 0.965369412949
4447 28 17 0.843330010903
4448 3534 73 0.847215833619
4460 5217 22 0.826835634331
4461 6678 33 0.970660857136
4462 7186 291 0.977491688676
4463 539 30 0.143752377658
4466 4934 68 0.914396813383
4469 1589 34 0.903151992644
4470 3617 49 0.952370909059
4472 4747 103 0.922588653987
4476 5892 190 0.959113465494
4477 5508 84 0.988740393217
4478 2732 65 0.969812190218
4479 5254 119 0.976490557379
4481 4212 24 0.939314610963
4482 6523 22 0.923406197545
4483 4657 35 0.970819871133
4493 10290 102 0.937734325229
4494 3039 30 0.951020759766
4496 29 16 0.862470715494
4497 9005 44 0.926329381784
4498 2969 32 0.846693036547
4500 661 40 0.448573997059
4503 2583 71 0.91798935897
