0 5430 280 1006 1.77180020281 0.939870512643
1 11559 365 2658 1.6892291818 0.95234471222
11 3769 92 3303 1.60323883183 0.776062387346
12 5902 74 5581 1.65299232139 0.863713866758
13 260 76 29 1.81906767899 0.761346719468
14 539 63 202 1.59408238564 0.714449488404
15 2268 60 1075 1.47420849436 0.832349606145
16 10668 345 4876 1.68434557568 0.962432083051
20 7528 31 4148 1.42663295719 0.959341968492
21 7701 34 3674 1.42428336887 0.963255058208
26 6918 36 6642 1.44335824397 0.58628752685
29 4517 36 2026 1.41345590121 0.955864495219
35 6151 32 3232 1.43265896022 0.952682206747
40 1832 28 1788 2.03611982516 0.669640099567
41 3186 11 3107 1.47594547574 0.910927261194
42 210 11 33 1.29836923035 -22.4218960416
43 124 29 18 1.6785388187 0.534365179326
44 9115 64 3777 1.61858641135 0.895881922486
45 1955 161 234 1.58943522343 0.894154214149
46 1316 46 564 1.73237597456 0.892528853486
47 2482 47 1120 1.43573054487 0.850865193081
49 2343 61 572 1.49235236976 0.926321592884
50 2545 70 1046 1.48819075513 0.928132405181
51 2284 63 1308 1.56108007617 0.979211159938
52 2156 42 1293 1.50430756013 0.966578703007
53 1826 61 1061 1.53330962404 0.940452789983
57 1075 27 922 1.51754928764 0.847422034049
58 1090 16 1034 1.54710160282 0.885515671651
59 1216 65 324 1.55228873037 0.81978473199
60 217 27 109 1.63087587868 0.855526617187
61 1589 17 508 1.37216296418 0.840823349938
62 2164 33 1634 1.53944057844 0.957249548162
64 1165 47 448 1.55873386726 0.957160522692
65 1361 48 626 1.52961349447 0.942107451284
66 1333 29 750 1.44967562901 0.947788617263
67 1560 35 772 1.48650369819 0.958066227253
68 1339 41 536 1.4291148844 0.776577090716
72 1306 11 1269 1.62305878072 0.813066558049
73 1373 11 1244 1.51452534258 0.852586945872
76 1272 15 445 1.40278205609 0.888872705757
77 8347 227 2260 1.70818497471 0.96017806532
82 8448 240 2044 1.61887374922 0.975146318558
84 5216 74 1377 1.48809076232 0.957664325311
96 10146 84 6895 1.50430587313 0.979006589079
98 569 35 97 1.41811982074 0.262046067911
101 8765 76 8286 1.55497653081 0.806354448025
102 3092 102 2068 1.60712448191 0.957576468914
103 11205 80 10225 1.55276617911 0.951923006441
104 9093 104 3291 1.52235606686 0.97910035264
106 7683 111 1750 1.56036315246 0.90750353665
123 559 56 235 1.59970970495 0.822299245953
125 8524 36 5761 1.57968485563 0.873535796654
138 8879 51 3227 1.49781488801 0.887782301868
143 1311 64 241 1.49025787863 0.800961569333
147 6196 66 4603 1.52255745224 0.985967893118
148 3685 45 2562 1.4975296758 0.974200200371
153 3463 221 639 1.64405117869 0.958191357422
157 2303 64 1014 1.52875025723 0.962600084127
162 9124 30 8911 1.53385573472 0.937698283441
163 9327 33 9151 1.64045614219 0.890998108975
164 9194 27 9015 1.58174324351 0.906165548776
165 3564 120 1285 1.63689838602 0.984888559281
167 3082 114 730 1.5721358653 0.955100740474
169 2912 74 1774 1.58124286158 0.972627072711
170 2749 33 919 1.44354715463 0.930827153492
171 6276 135 3538 1.54459673337 0.972806776879
175 3969 52 1130 1.47525252351 0.934547358344
176 3276 49 1000 1.53813252548 0.91420689154
177 4094 53 1020 1.44784999986 0.926797570341
178 9607 374 2698 1.69791703363 0.971155032204
183 12014 75 7456 1.50920274863 0.956662053688
184 3542 67 1170 1.47533154544 0.941042021163
188 12780 101 11637 1.54279106205 0.933525464564
191 13884 122 12781 1.55699856612 0.86523190329
192 4148 69 2060 1.5269218545 0.980837928744
198 2485 43 840 1.44866127236 0.900265695458
203 3314 37 1697 1.51179813224 0.95567545484
204 2634 84 920 1.70900448507 0.948941666927
205 427 49 90 1.60160085182 0.808277470534
206 386 51 102 1.72935467637 0.950638087059
208 7588 47 6934 1.51175579567 0.930644458167
209 7593 35 7300 1.59411126506 0.946430776227
213 4977 245 1218 1.6623551984 0.967839877808
218 3754 45 1392 1.42783866677 0.922237156363
226 622 78 125 1.56755500489 0.532779163624
227 3199 49 1722 1.48386714657 0.968765243343
228 3171 102 1561 1.59850182904 0.963626022584
233 3275 25 1756 1.38602085919 0.872729345134
239 2595 132 498 1.64351636404 0.969968453244
240 1433 138 130 1.58029896608 0.828841147108
243 4006 126 1915 1.60278346887 0.979855917483
248 1357 50 726 1.45594642112 0.755899700008
249 4934 24 4069 1.40324529033 0.952665529622
252 6167 402 617 1.76487636229 0.95505374343
255 267 22 34 1.3597699986 -6.15594112766
265 10843 64 8056 1.47632866143 0.989266175881
269 1066 20 813 1.37230624642 0.5420815257
271 412 12 93 1.33117683535 0.161131626908
272 8502 44 5671 1.47460920998 0.970684494224
275 211 20 22 1.38333188265 -3.83642905289
276 282 17 59 1.35290916678 -1.6987646111
277 9117 15 8893 1.49403505304 0.876946487361
278 4889 10 4793 1.47873446207 0.847194311448
279 4221 10 4128 1.51411517999 0.790203842339
280 2041 41 1017 1.59596595416 0.954344423696
282 4448 18 2356 1.43105000513 0.87675403084
290 8746 413 1216 1.76574322655 0.957383839213
299 16711 350 6965 1.64661950654 0.956888362038
300 12984 80 12500 1.61525594955 0.910465397831
301 15071 66 14792 1.71600524337 0.889014046487
302 12012 34 11967 2.13492032518 0.51767645007
306 426 25 185 1.51410295924 0.870222527879
311 449 31 233 1.52152206753 0.796755269809
312 4318 17 4270 1.59663424901 0.812885507777
313 5371 12 5346 1.63643591534 0.697778192453
314 6171 15 6135 1.6231300361 0.770448541138
319 3722 35 2213 1.42092281725 0.96300509469
321 5580 34 3423 1.48173441019 0.921814567454
323 812 41 284 1.53188872156 0.907478335408
324 4247 63 1208 1.47680741068 0.960383484809
327 1539 61 387 1.47312576636 0.83408893114
333 5266 154 1111 1.61808899823 0.947836002591
336 529 29 261 1.40179562277 -0.283034594351
337 689 21 246 1.43179532673 0.867004064101
338 3911 60 3550 1.57909370162 0.897395486104
339 2997 50 2286 1.5070507234 0.970395294724
340 5865 13 5829 1.61043071758 0.758613818579
344 9765 49 5499 1.44582054522 0.963147231777
348 88 19 49 1.80751433653 0.776684002046
349 8861 36 8255 1.54605878057 0.915449383027
350 118 18 66 1.61043158398 0.303270473076
351 140 21 64 1.58972452176 0.425895518973
357 3887 22 2519 1.4376123762 0.969518783708
364 249 12 44 1.3028532676 -8.01749618029
365 7050 45 6884 1.75750514593 0.840390394389
366 5281 33 5216 1.9216882312 0.706432493398
367 4320 14 4204 1.61350519569 0.756560318425
372 6160 41 2615 1.44751435271 0.970661896187
377 7732 494 1716 1.84418800086 0.95655884182
378 441 23 285 1.52224573556 0.844055847445
381 6871 68 3178 1.53477522571 0.969465146057
382 6464 34 5780 1.51796961794 0.972763323975
383 5293 11 5168 1.4731981115 0.853887529411
384 7005 11 6882 1.46934091353 0.84496305268
389 7188 73 2513 1.51053590099 0.963222956929
394 9379 46 9113 1.54407512964 0.824142453859
395 1576 47 903 1.48810350053 0.858465540916
397 14314 413 1982 1.71490417357 0.964023463638
414 4999 30 1593 1.40680305855 0.852740614312
423 4405 290 733 1.73297788334 0.974947209877
424 470 50 51 1.46283094804 -0.178311434798
425 3386 48 2520 1.4955776004 0.973431695879
426 3266 35 2903 1.50387306721 0.956740654333
427 3960 23 3838 1.5439252633 0.912884901918
446 7404 393 1211 1.77060187725 0.959311930152
447 157 17 71 1.54941989768 0.737713543719
450 6104 22 5983 1.59196655246 0.88931126294
451 6049 29 5611 1.58521175128 0.914881213831
452 6235 24 5812 1.52488679392 0.946693478758
457 5151 52 2749 1.47442818824 0.973648194396
462 8127 163 3329 1.65391683484 0.969861165255
467 3181 26 2855 1.47944084774 0.97758174124
468 5944 67 5070 1.49861518917 0.929694979884
469 6136 37 5973 1.68084652707 0.902398157783
470 6853 35 6687 1.61214480326 0.850819700078
481 2318 38 1060 1.4517176736 0.873683572373
482 2679 24 1518 1.55203659829 0.894597976569
483 232 22 73 1.42866253722 -0.706114173086
484 400 31 136 1.3930602688 -2.24494380205
485 487 29 137 1.46396431272 0.687065506489
486 4577 35 4351 1.5054314936 0.819192532632
487 4652 33 4498 1.6916991082 0.887176553787
488 4061 27 3879 1.66915947364 0.88097801465
489 8685 204 3355 1.6321705223 0.961776371682
490 3166 16 2351 1.45905825535 0.893702931154
491 3153 13 2476 1.41647106806 0.935726030623
492 160 21 53 1.67858176496 0.94877583207
494 6652 46 3544 1.45927614193 0.977720635016
504 4737 235 488 1.59333407458 0.94941723022
505 3209 26 2924 1.69919177478 0.834430697645
506 3585 25 3244 1.5906778058 0.848086450841
507 264 24 40 1.41912896834 -0.576270793672
508 577 21 241 1.49805241853 0.900001308803
509 4088 45 3155 1.4849780319 0.926128742083
510 5088 22 4958 1.63056839327 0.870227517669
523 1598 17 772 1.4538495927 0.840061177012
528 6014 14 5900 1.41530902963 0.91988684116
529 6805 23 6400 1.47762965993 0.966858211983
530 6618 20 6470 1.59104585169 0.871634935796
531 7968 44 3218 1.43996991272 0.935127350379
533 7496 51 3458 1.44462083357 0.918043031612
534 16034 568 4312 1.73078198885 0.957718182164
545 7268 39 6915 1.6632711936 0.905866452389
546 4221 20 4068 1.61841850073 0.850282059314
547 6886 10 6850 1.49961888793 0.806923711321
550 8910 116 3760 1.5983299988 0.97062203055
558 4525 63 2361 1.49847626598 0.979807582265
566 6220 203 2547 1.65213294724 0.975097309448
567 7983 231 1096 1.60263501114 0.94556814115
568 5197 17 4551 1.44040996529 0.938532090437
569 4986 24 4797 1.50578126956 0.862391458923
572 238 16 62 1.37966539044 -0.595518744519
573 3480 18 3335 1.58137713556 0.88627623982
574 4262 20 3947 1.50476924895 0.958285283381
575 3286 18 3240 1.67531473205 0.785375870926
577 5670 39 4847 1.44177136076 0.950671167991
578 1363 24 587 1.36895445408 0.606253125134
579 3502 26 2645 1.41874547641 0.954474504084
584 4225 22 1901 1.55925242805 0.786075339647
585 3430 45 1810 1.73211061157 0.848879746665
589 9991 459 1358 1.72540283485 0.9540887066
593 6171 66 3928 1.59829925455 0.971160064087
594 7366 62 5362 1.5123532363 0.990398604068
608 9118 309 1569 1.71381375325 0.957921299755
609 6782 64 5849 1.65311400587 0.964925133408
610 5210 15 5108 1.45191374719 0.929061004589
615 8565 72 2411 1.50273832122 0.875903326347
617 4658 27 4515 1.70536562496 0.813847899573
618 4995 57 2060 1.49187981374 0.939551530454
619 8890 419 884 1.69406496661 0.957556557116
625 8123 78 4413 1.55676369158 0.93445808382
626 15885 214 4271 1.61781655396 0.958765915487
630 10566 76 4106 1.48708157617 0.956655067152
633 11754 52 11506 1.60695502125 0.86671256997
636 9821 312 2524 1.70997107269 0.952124330425
637 6695 27 6068 1.61346341021 0.846617083867
638 7731 38 7000 1.55239241156 0.964433267932
649 13759 37 9738 1.68529484628 0.783046807016
650 1237 14 603 1.55223962679 0.826600829588
660 1169 52 714 1.56116524308 0.944113009487
663 3497 24 2925 1.54893843967 0.893685490339
664 5486 15 4539 1.36993478239 0.925457873151
665 3344 47 1899 1.44881009897 0.899696995405
667 5183 169 1488 1.63517105852 0.966114360028
668 143 13 24 1.40646715343 -0.850569149814
675 4034 65 1447 1.46186628478 0.951368858769
686 7054 186 1439 1.66319951133 0.943671815921
687 8224 33 6891 1.5682493057 0.887133674317
688 4406 88 3662 1.64418043296 0.86113374715
689 4896 109 4036 1.56833130512 0.768152038692
690 4697 44 2943 1.53180852746 0.929015627273
691 5068 53 3764 1.78014149973 0.856764141518
692 6235 30 5572 1.68069580472 0.799175174636
695 3898 75 1588 1.53445865567 0.969254428419
696 5228 117 1020 1.60975628616 0.951298382167
700 6762 45 3163 1.45840544446 0.951510527997
702 2749 34 2597 1.63164475584 0.932390855396
705 6730 315 964 1.69970642981 0.95147269024
707 2763 42 1596 1.42442622028 0.819365566397
708 588 41 259 1.49320189315 0.587077301277
709 81 21 27 1.82223760518 0.928452699874
710 6089 18 5742 1.35180057375 0.894084773923
711 5630 18 5363 1.48930997765 0.946493654745
715 5354 41 1718 1.42539257417 0.896755355478
718 3906 51 1279 1.45287646188 0.957804744656
720 9129 190 2466 1.69595245881 0.943272471962
724 6554 44 3115 1.42691083856 0.959926585182
730 2664 29 1009 1.43484403102 0.910566715729
732 3995 49 1149 1.45931320616 0.930467835322
733 4599 27 3481 1.43979768605 0.943296697083
734 5929 39 4014 1.44263536857 0.96264105636
735 9963 37 3553 1.47481131155 0.911396315777
736 6310 299 1269 1.82088664661 0.934375493091
737 4130 52 3394 1.50239726112 0.908038480489
738 3364 34 2504 1.81769199924 0.754223035853
741 5245 68 1835 1.49601602458 0.959401942478
742 6382 62 5619 1.50476615123 0.935595216797
743 6434 35 6343 1.72957009663 0.782497159064
744 5354 38 5234 1.75362846524 0.836670275305
748 4888 52 2906 1.46176722339 0.956078816937
749 5441 44 1520 1.43502336101 0.910780333628
754 10590 40 5376 1.53093827415 0.899706659832
755 4041 32 2184 1.53100749598 0.911102440122
758 3436 81 1213 1.57328655688 0.96708009429
759 4680 122 2370 1.59745645795 0.984589531716
762 3860 82 1591 1.49349890553 0.945239332585
763 5049 55 1752 1.52154671375 0.941279965633
769 5206 30 4440 1.62536241236 0.86177673804
770 5618 29 5481 1.64433367482 0.896271975296
771 4592 85 3974 1.59823238621 0.797023415023
772 3207 69 2433 1.52721215436 0.826296734878
773 5318 34 3915 1.60291812512 0.874399487677
782 8466 307 1799 1.64556155439 0.970816221621
783 638 45 128 1.48254578585 0.685748735379
784 4107 129 686 1.52993361117 0.940050593903
785 2944 66 497 1.46389465917 0.900561957908
786 3461 79 1653 1.48912245311 0.935454111072
787 2429 73 1182 1.48873590375 0.907001822914
788 3659 34 1895 1.43109063733 0.934264819882
789 3927 113 796 1.53340737089 0.933483669466
793 3163 34 1717 1.41580047883 0.928636683474
794 2941 30 1942 1.46121762462 0.958423614304
795 584 62 108 1.69166879656 0.939029085317
797 2526 47 1337 1.51246600111 0.966256884163
798 3502 143 1215 1.61354033372 0.981602378375
800 2528 68 460 1.47156423527 0.914354538884
803 2523 36 1295 1.55936170252 0.959006272505
808 2510 66 1609 1.60573756989 0.970142467592
809 2687 32 1676 1.57350642737 0.914619387729
810 404 37 84 1.46953256551 0.301081182436
811 1373 52 572 1.52214781918 0.946143317292
812 2737 37 1140 1.50503780861 0.931863622478
817 4233 62 2258 1.53497261616 0.951329710012
822 3544 11 3119 1.37372183427 0.956539977071
823 1793 40 1574 1.54794255562 0.785836985992
824 1223 28 1073 1.51654152337 0.787352221666
825 810 18 311 1.43545825697 0.91545379748
826 3879 62 2629 1.54601609832 0.977001082495
830 538 15 450 1.56646380296 0.982206768306
831 3053 39 2116 1.53863678694 0.952203143143
832 622 10 489 1.51075160024 0.871599126717
833 3342 40 2725 1.46351565578 0.937412561884
834 481 30 186 1.60686579836 0.956285977687
835 2675 52 1084 1.44992824399 0.92513050269
837 7140 13 5928 1.46862088756 0.809815832696
840 4176 23 2184 1.3739614566 0.92127196171
841 6875 10 6807 1.45804188655 0.867262398423
842 488 51 82 1.53268691747 0.62408190457
843 131 26 30 1.84459213393 0.896899335432
847 4473 81 3138 1.59036099376 0.992550991362
848 5533 26 2681 1.41398661896 0.944849388899
853 5170 13 5131 1.69865016546 0.65132792011
854 7278 14 7135 1.53442252059 0.794257320461
855 2281 51 1951 1.54652287602 0.803056367404
856 249 19 185 1.57284086734 0.63290345362
857 2655 35 1370 1.50473476043 0.962040454436
858 7570 32 7486 1.77522829861 0.789453821478
859 4753 14 4733 1.73299642608 0.634683041518
860 4103 186 837 1.6505812763 0.971727946626
861 3738 111 683 1.52329622536 0.939577097357
862 4251 81 1193 1.50826107101 0.936318006057
864 3285 52 1684 1.4859219039 0.923158373673
865 3667 88 1305 1.5537973567 0.938782437685
870 2339 105 468 1.51677389197 0.867811179983
871 1641 88 325 1.54022796049 0.868493086949
873 728 88 95 1.53195438538 0.352135005412
874 3263 45 1814 1.49952921013 0.97700796793
875 3544 18 3457 1.65263612233 0.814376724767
876 3034 18 3009 1.84332259369 0.627320613826
878 3423 51 933 1.45098500036 0.914126052258
881 2972 52 1078 1.48786616568 0.931390818582
884 3005 63 817 1.4942496298 0.948000725818
886 3222 12 3193 1.5530460476 0.8061974551
887 3234 53 1832 1.49708343309 0.983076893074
891 2518 46 1320 1.52960160539 0.957052371132
897 1912 44 1071 1.53563474276 0.965417120025
898 2625 25 2209 1.54312526647 0.951755085323
900 887 40 456 1.4848774667 0.792899874546
901 2304 47 581 1.50776104452 0.948532318021
902 1230 40 576 1.50126175806 0.946277165631
904 8586 25 3964 1.38121367131 0.902611380833
909 2541 17 1859 1.40856146827 0.966610723462
910 6398 25 2659 1.42933088131 0.86172771979
911 95 37 7 1.88167083756 0.38232611044
912 777 58 93 1.4638518068 0.50969410969
913 5754 32 4194 1.60369804658 0.889161103115
914 4495 19 4245 1.60873242607 0.816142838115
915 9268 21 9173 1.6748560228 0.780942956983
916 11167 284 2194 1.61368167781 0.969511503339
929 1070 40 736 1.42299108997 0.0421483104965
930 2114 61 735 1.4829954931 0.896043765435
931 8213 38 6062 1.48734882398 0.951000216414
932 4767 17 4701 1.57130729466 0.865584197654
933 7886 12 7778 1.43399583542 0.918596902507
934 7708 152 1846 1.59011234477 0.958226832986
939 5476 18 4803 1.50275271424 0.88924804942
944 5131 28 4674 1.76033547923 0.762917830078
945 6153 17 5557 1.58371591007 0.776905913212
948 5849 45 3053 1.5360477843 0.922484788221
949 2474 80 1043 1.63692914112 0.965981798242
953 1927 85 704 1.49757213275 0.857198838846
954 2166 47 1578 1.63922868616 0.971763917028
955 2051 89 510 1.5281190793 0.930005308488
959 2319 51 1158 1.50991892679 0.916060620996
960 365 19 194 1.57523458025 0.883077615573
961 258 27 46 1.49219834253 0.434563878843
963 4208 165 567 1.68156795138 0.945040372763
974 3887 46 3204 1.44084257282 0.7239033977
975 2991 42 1947 1.60095058603 0.824372400729
976 48 27 5 2.17131231752 0.276005520282
977 103 37 16 1.86109277758 0.562717653543
978 4272 32 2693 1.41382821415 0.935240492244
979 8276 37 7815 1.53358598854 0.955587770815
980 7476 34 6805 1.57227261858 0.923641386326
981 7654 36 7328 1.66487775352 0.895534982913
982 4231 141 1561 1.63447677237 0.981741397289
984 3897 99 883 1.56791639059 0.937209336667
985 4056 81 1771 1.510658007 0.955157527977
986 3910 67 2027 1.49964276171 0.975423860357
987 3888 35 2358 1.44444819297 0.955719562345
991 4000 156 911 1.58353919586 0.944231453102
992 2911 54 2168 1.79250462351 0.889730475173
993 3365 67 2618 1.71588956026 0.919945658297
994 355 34 169 1.53970554831 0.614681782483
995 549 60 210 1.63599368365 0.868045307179
996 2245 43 723 1.51453792394 0.931391657935
998 3783 80 1706 1.50178754712 0.953889136143
1001 3661 29 1195 1.46537666173 0.923328709473
1006 3497 24 2787 1.5227393337 0.94515886175
1007 3086 27 2715 1.49804493812 0.98885825582
1011 4923 203 1319 1.64124726551 0.966378600751
1015 4580 55 2108 1.53409871398 0.937187436872
1016 4888 90 2826 1.49513371046 0.940454253256
1021 4019 57 3578 1.69230466202 0.928853820996
1022 4421 44 3986 1.70041487793 0.913836119922
1023 3687 92 2730 1.52273924711 0.839085238262
1024 914 61 457 1.58347136447 0.909737946099
1025 1159 56 474 1.64781455877 0.982311449456
1026 9658 186 2546 1.58350711513 0.980051955862
1031 6733 44 3120 1.43830625998 0.954386589003
1037 8033 32 4520 1.40122839937 0.820260790566
1039 1470 85 988 1.71221185041 0.967433035901
1041 7534 39 5689 1.52589050548 0.92661209111
1042 7312 35 6565 1.43848089117 0.971735488241
1043 9951 28 9618 1.48326119742 0.969412521507
1044 3637 117 1317 1.61914257263 0.973816353757
1048 2341 54 1059 1.52385712403 0.954633289429
1049 2999 70 890 1.53526395141 0.901982778746
1050 2186 65 805 1.56140847988 0.967849701725
1054 2602 33 2410 1.7223131843 0.893864044407
1055 2168 62 1625 1.59385176477 0.942295729692
1056 15 11 3 2.82027200602 0.916758815845
1057 258 45 74 1.69695723713 0.82332052584
1058 955 41 325 1.50919617193 0.892647910296
1059 5052 77 2060 1.58480811049 0.962287496559
1063 4567 71 3145 1.48122305594 0.941799716758
1069 2756 36 2398 1.50672234363 0.871948649724
1070 4198 25 3812 1.49031761492 0.941716714595
1071 621 42 132 1.44893497711 0.425246692308
1072 504 32 144 1.39584835399 -0.358635854569
1075 3598 189 1632 1.70166512426 0.982667549356
1076 3743 108 647 1.55188983369 0.963831652662
1077 4147 101 626 1.55119692697 0.917686640818
1079 3115 80 1250 1.55949898461 0.974435783011
1080 3514 45 1792 1.5285554616 0.947211576056
1085 3338 52 3024 1.66318583598 0.962429969483
1086 3111 42 2659 1.53151785274 0.974284541286
1090 2119 99 697 1.62236816889 0.971109376751
1094 2534 65 1513 1.55738139597 0.972349953142
1095 2975 27 1753 1.43109093092 0.967544285226
1096 3289 100 1107 1.54161134909 0.964291747213
1100 7671 30 7476 1.56834331616 0.930179958709
1101 8240 20 8173 1.67115524742 0.775601590417
1103 3197 38 2859 1.5072498988 0.933292905287
1104 4429 33 1763 1.46979744428 0.900533775721
1105 4055 137 1367 1.57928358216 0.973445884138
1106 3130 116 713 1.531556313 0.947245066026
1109 3231 78 2153 1.61691310042 0.980976768272
1110 3938 43 1179 1.44063402277 0.914059408322
1115 3487 65 3052 1.55049686097 0.836835837434
1116 2467 83 1054 1.58659315733 0.932139866219
1117 2311 119 1283 1.60119463946 0.800576542334
1119 2972 96 1329 1.54604425923 0.967762772132
1120 4168 89 1346 1.53890109323 0.965092567708
1121 4893 70 1675 1.563421892 0.961926938428
1122 4292 61 1675 1.63780492233 0.917255272009
1127 3756 53 2990 1.56675140728 0.978747159137
1128 2124 17 1511 1.34668769646 0.892886585863
1137 7991 48 7483 1.5310727256 0.945796464129
1138 7659 16 7614 1.59623186295 0.792609072436
1139 5237 14 5213 1.66912074855 0.695056118653
1140 3456 153 1369 1.7053972855 0.97963287492
1144 2551 61 1735 1.56151652023 0.971651022721
1145 3689 37 2166 1.47191426256 0.97079095192
1147 5822 82 4642 1.4860101659 0.854542074981
1150 5872 20 5364 1.56441709973 0.854236169686
1151 7734 25 6474 1.55627195657 0.885989057726
1154 6747 70 2969 1.56849711242 0.938362494769
1155 4568 179 1225 1.66384858717 0.965017561973
1157 3363 72 1316 1.48910058718 0.938652746202
1158 2767 85 1453 1.50416603216 0.898442263116
1159 2778 81 1430 1.5081418859 0.935753562551
1160 2645 23 1362 1.50676329957 0.937480444001
1161 3182 84 487 1.53527294919 0.934086215882
1162 2723 82 886 1.50238017609 0.939642811286
1165 2909 59 2026 1.75622618529 0.894078999707
1166 3648 51 1839 1.74909813279 0.822957886426
1167 594 69 207 1.53072705762 0.138139138202
1168 1324 108 594 1.57578653679 0.695275343056
1169 2115 53 804 1.54645151357 0.924935512826
1170 2874 64 2401 1.61003030244 0.967977481554
1171 3701 11 3639 1.44591213714 0.912395577969
1172 2227 54 600 1.50165600953 0.948168752872
1174 1252 45 493 1.49667523792 0.930324625734
1175 1509 70 580 1.52090407625 0.903560360236
1176 1653 58 996 1.53621337732 0.949328664958
1177 1664 53 935 1.5813674987 0.976479583813
1178 1271 69 512 1.61755002031 0.96745266671
1179 1562 93 336 1.54950717909 0.904562129704
1182 1215 24 1157 1.8409791455 0.7933920372
1183 1266 14 1218 1.61311334362 0.879470912046
1184 1823 78 1105 1.49950474162 0.679846015982
1185 1785 68 1095 1.4885463183 0.694818005014
1186 3132 51 1662 1.51527855934 0.984456446618
1197 3444 85 2652 1.75990199579 0.946964395193
1198 3140 44 2814 1.80411562313 0.865086792354
1200 1305 48 741 1.43928374255 0.349529159167
1201 2938 46 952 1.45455883391 0.949546822447
1202 3385 74 1198 1.5661104893 0.967249151866
1207 2353 27 1538 1.41328125114 0.952153796361
1212 2342 29 2036 1.7093869475 0.861746592719
1213 3092 16 2903 1.45649398337 0.966463635259
1214 824 31 508 1.46471124449 0.731473712844
1215 150 25 49 1.73395340408 0.906516820313
1216 1805 27 744 1.45231280929 0.896359372565
1219 3449 69 1195 1.49037144605 0.962357664508
1221 2539 59 1407 1.51168732632 0.958674253931
1222 3680 38 1477 1.42844559456 0.917430943472
1227 3549 19 3409 1.46768909177 0.916314965043
1228 1514 25 1419 1.74412856842 0.873948800866
1229 819 31 203 1.43500404328 0.701968934648
1230 1334 70 253 1.49557570523 0.843345095321
1231 1768 97 698 1.60564114882 0.97140620224
1232 1465 49 469 1.50839898052 0.941619277463
1233 1804 51 558 1.44509984251 0.833664828004
1234 1370 60 579 1.57646141749 0.971192812064
1235 1455 23 799 1.42447339342 0.946375780809
1236 1622 78 440 1.53624199536 0.931202427015
1237 1474 54 550 1.47489154664 0.876371678742
1238 1167 44 389 1.49285098905 0.912558884638
1239 1944 77 471 1.52618982599 0.924412435805
1240 1084 27 930 1.60714701587 0.968848272674
1241 1200 23 1068 1.64337210428 0.934714721442
1242 295 16 129 1.48782927418 0.906798351893
1243 225 10 201 1.55838127437 0.835628579573
1244 581 12 446 1.41818777491 0.899545458976
1245 69 11 23 1.49311501089 -1.09403895701
1246 47 11 12 1.65317682291 0.460295192677
1247 2330 20 1096 1.39042709431 0.940622789825
1248 3274 60 1130 1.50815293922 0.966114754273
1249 4720 33 3026 1.40708743078 0.965525609986
1254 2761 38 1225 1.44534845705 0.92914182144
1260 2290 23 1444 1.41388438019 0.939359194987
1261 3897 59 1274 1.51338498265 0.960735347803
1262 2961 86 491 1.52042831544 0.939045959701
1263 3001 66 750 1.49596314987 0.93799108247
1265 3233 53 1406 1.5005010138 0.973183954393
1266 2786 38 1097 1.57078137908 0.925599725646
1267 3913 101 685 1.51500120159 0.944974754367
1271 2149 38 1056 1.50742749971 0.919713345554
1272 2624 80 939 1.5126753015 0.846181099218
1273 42 10 13 1.6115814178 -0.0123628306675
1274 46 14 11 1.81711027723 0.757534739049
1275 371 17 157 1.43751331413 0.713017329055
1276 1907 30 1233 1.55020885438 0.962160679879
1277 1409 96 276 1.55859269761 0.893454503242
1278 1607 61 230 1.52000035494 0.885132850949
1279 1670 68 808 1.53796549055 0.938361034505
1280 1634 37 822 1.48868492047 0.920629279948
1281 1707 63 1073 1.60000337614 0.977655363232
1282 1428 48 473 1.48537560608 0.891108188608
1284 1438 40 514 1.44155835753 0.871081991205
1285 1497 67 463 1.51441470537 0.894598494831
1286 1107 15 713 1.38438314222 0.912687718779
1287 2265 12 1244 1.34648528353 0.910365153345
1290 2301 25 1451 1.43034988936 0.955847516845
1291 4513 50 2079 1.47579373655 0.972647208612
1293 3402 51 735 1.46170585715 0.87836872027
1295 3330 49 2531 1.49617769943 0.967608982884
1296 3863 40 1978 1.4696317447 0.966110238143
1297 3164 50 1932 1.48784311713 0.91639190409
1298 2646 61 646 1.4614212607 0.903523444774
1301 3018 31 1876 1.52009933575 0.897098992945
1302 1687 28 1122 1.51425807637 0.944494767601
1303 472 50 90 1.47832729977 -0.0393716561477
1304 139 14 59 1.48816155775 0.547384911392
1305 1600 26 564 1.40043541237 0.880620132845
1306 4023 84 2578 1.54197405925 0.970311892585
1307 3928 160 603 1.57740616318 0.957836115116
1310 2108 68 843 1.54927476127 0.968926581946
1311 3580 30 3014 1.58762912922 0.931711820805
1317 2849 24 2062 1.51212581626 0.877170904909
1318 61 17 7 1.64127646945 -1.11017936377
1319 246 12 95 1.41444211334 0.629483534714
1320 1762 34 1337 1.55729731837 0.958354748647
1321 3045 102 625 1.55913712603 0.946496562975
1323 3310 117 519 1.64069959687 0.921536881479
1325 2068 50 1018 1.46948616839 0.93021629755
1326 2458 27 652 1.40850771328 0.88973063364
1327 3339 108 853 1.53901909145 0.949608664934
1331 656 30 212 1.52483022738 0.929207050335
1332 4844 196 596 1.63452727735 0.95874633876
1336 3711 59 2566 1.48529726252 0.963308793003
1337 4056 40 2447 1.45841600479 0.971638442473
1342 2232 29 1896 1.51031082199 0.902513556496
1343 286 28 71 1.43456242185 -0.66286022137
1344 2650 43 1738 1.70872162729 0.819542835865
1345 4159 126 673 1.5665227742 0.933545812688
1347 3955 100 903 1.52360347659 0.939960290802
1349 1141 54 305 1.4861598941 0.859822403768
1350 1472 30 314 1.42950362193 0.858146992119
1351 1527 58 505 1.45525917291 0.822681474177
1356 1073 40 535 1.47841169585 0.801207402187
1357 195 13 132 1.61545859288 0.958755740305
1359 926 37 261 1.4614624449 0.790091900299
1360 1354 13 1316 1.58176043051 0.885602256549
1361 1105 14 1072 1.746722937 0.76363024388
1362 5745 12 5724 1.69522497829 0.64675117497
1363 6080 17 6048 1.74844743641 0.682451222568
1364 4345 39 3063 1.61204948643 0.843870583515
1365 2607 58 2184 1.70511800361 0.955700780277
1368 5372 212 1596 1.72455510928 0.980921546545
1369 5478 33 5337 1.67453223049 0.889279037747
1370 5821 35 5592 1.67201904672 0.903101796615
1371 4100 69 3718 1.73211139108 0.932519242254
1373 5079 66 1719 1.54294189335 0.936322078087
1383 5906 136 1768 1.61550886932 0.969144443046
1386 20134 74 19198 1.62452769856 0.962237565209
1388 1620 83 526 1.5152082706 0.620929509996
1389 6863 206 1976 1.66271858379 0.977747496136
1393 4768 44 2154 1.45501857893 0.93824338058
1398 3268 60 1349 1.4998852634 0.968842277059
1399 4258 90 1982 1.57564192729 0.928033752026
1401 3750 42 1258 1.45794625403 0.90439602036
1402 6721 29 5670 1.43537339815 0.972685563608
1403 7195 14 7064 1.39893877485 0.949272897001
1404 5617 12 5568 1.58817118795 0.736261719921
1408 3772 48 1573 1.44470789115 0.95295303654
1409 5368 44 1538 1.44082715584 0.927965117221
1414 4896 28 4765 1.74194017706 0.818111077343
1415 5433 26 5155 1.70012762195 0.814542162946
1417 6404 46 4412 1.51294942823 0.970206498579
1418 5533 195 1707 1.66085066274 0.985608507953
1420 6620 94 3087 1.59889656614 0.948557804388
1422 24118 35 22863 1.44926726474 0.942869748399
1423 13199 19 10724 1.38232510679 0.931256961895
1424 955 34 623 1.40831469285 0.16932714965
1425 5102 63 2478 1.50108226964 0.960225768012
1426 6580 45 5174 1.5507783566 0.890398603321
1427 17524 46 13553 1.64803900671 0.846742236593
1439 3882 37 3451 1.84008169267 0.776735288611
1440 2352 44 1440 1.64770924741 0.949200875105
1443 7321 96 2940 1.56748163785 0.955308985038
1444 8759 44 2535 1.4791628624 0.897855545764
1445 7709 45 2785 1.5087334982 0.90123585198
1447 10367 471 2035 1.72846864435 0.953604957862
1458 11649 86 3791 1.49952630203 0.919714558399
1459 14441 65 6388 1.47555722334 0.944334325274
1460 3311 61 1560 1.54647420129 0.981431091642
1464 6517 31 5347 1.43031888046 0.990723707029
1465 7046 49 5779 1.51422277236 0.9760238715
1466 5914 16 5664 1.37836583129 0.949284796198
1469 4830 67 2219 1.47375380855 0.964669839771
1476 6932 134 3103 1.62824933565 0.979152085089
1477 1221 50 426 1.46053317077 0.805900195593
1481 6697 21 6300 1.47154277308 0.903358746866
1482 20290 29 19230 1.51054937537 0.907449316292
1483 1806 55 1435 1.53872645104 0.822007023235
1484 1768 54 1391 1.56821678435 0.897951926095
1485 15703 50 15077 1.69322083583 0.84755318616
1486 16383 50 15898 1.6594432523 0.913913291338
1487 16410 32 15839 1.63705986952 0.833500885203
1488 11024 33 9898 1.48148189552 0.953033994457
1489 3831 42 3463 1.56737835032 0.968678596149
1490 2125 44 1704 1.51110351938 0.908419955786
1492 5733 79 4479 1.5613927318 0.952257785142
1494 12362 106 8460 1.55558536259 0.976321416432
1495 15442 99 11042 1.50664869126 0.981887770977
1498 10691 71 3403 1.5209977778 0.937634354383
1499 213 34 53 1.54974621575 0.0336752786356
1508 17934 686 1449 1.74932621535 0.962711866797
1518 8439 53 4365 1.47469894403 0.983354345616
1519 8187 70 3517 1.47705110188 0.973861883752
1522 8565 334 1872 1.68438872229 0.97518998927
1528 4000 43 2431 1.45891292364 0.956682711062
1533 7392 30 5269 1.46475482683 0.94270151263
1534 2827 26 1273 1.39956564422 0.910060151016
1537 537 62 152 1.5638173736 0.593579119346
1539 4254 106 1776 1.62074716589 0.974196517483
1542 4859 38 4683 1.66588713118 0.890948607908
1543 3898 14 3850 1.59389270625 0.822195906541
1544 9173 404 1912 1.70848955526 0.95684861348
1545 4192 35 3211 1.5853917286 0.943595181426
1546 3661 39 2956 1.45174572102 0.810748428616
1559 7911 238 2489 1.59578925215 0.969634184686
1560 15168 24 14543 1.55635167101 0.830690556844
1561 16255 20 13125 1.4296843443 0.902472559675
1563 4653 29 1848 1.50669078053 0.851771571464
1564 6577 438 661 1.76519684113 0.947640720717
1569 16497 87 7148 1.4958115558 0.947636720607
1583 16110 41 12712 1.43518286946 0.950779941718
1584 128 14 100 1.74955488841 0.878492679449
1589 5418 45 3701 1.44194339652 0.967645463472
1595 7404 299 1693 1.73696593988 0.950268110533
1597 6646 29 5775 1.41981641335 0.93589442825
1599 4890 52 1824 1.52583677192 0.917522730101
1608 9600 36 7033 1.43729773366 0.960466877495
1615 27417 334 5169 1.62841499077 0.927843002906
1623 16870 77 14738 1.57607908163 0.958654350625
1624 1727 53 1305 1.60605112978 0.985281038829
1627 34971 280 9472 1.60696286848 0.961847458116
1635 8447 120 5291 1.57924800839 0.944565188627
1636 14178 32 13118 1.60246806839 0.850548853473
1639 14110 49 13855 1.66370450765 0.899289040421
1640 13658 38 13581 1.9079477103 0.688228579408
1641 11300 24 11249 1.80458729741 0.684334626132
1643 7295 234 1877 1.67088667923 0.972859914067
1645 8765 111 2726 1.51518722266 0.924139871779
1647 3534 16 3101 1.40147274492 0.972245475047
1651 1275 28 850 1.49117326073 0.856358879462
1653 3368 29 3204 1.6322482715 0.933708317671
1654 15053 27 14222 1.51961306448 0.91943816505
1655 12425 62 11671 1.69845173201 0.813740850485
1660 4021 52 1961 1.55241014605 0.932509627859
1666 8877 280 2025 1.63587111651 0.971073544081
1668 3664 55 1842 1.45330493189 0.942930434052
1670 4409 24 1641 1.45993311763 0.865933528019
1675 8044 44 7516 1.59410239363 0.938434221211
1676 14255 38 13992 1.52775530952 0.898088139708
1677 4064 26 2509 1.49317741401 0.891623856355
1678 5637 39 2815 1.60313350523 0.909356505975
1679 14963 42 10905 1.64141972995 0.783285349482
1680 12820 22 10497 1.49789271345 0.839135395583
1681 2532 50 1344 1.45504310189 0.920703653423
1682 2968 82 1878 1.49965329882 0.835603223617
1683 3988 35 1839 1.49311269942 0.93833568589
1684 5861 351 853 1.68676370055 0.976505614841
1688 3370 39 2071 1.4545509207 0.966593007014
1689 5219 36 3220 1.43856602939 0.9736802016
1694 3316 90 700 1.55294729463 0.952054243471
1697 3388 71 1824 1.47168214961 0.913903631735
1698 2890 52 1787 1.53696694752 0.961343419484
1699 3099 17 2239 1.36994926012 0.94639884867
1704 7187 19 7121 1.78890123501 0.659080906445
1705 9273 25 8817 1.64789061428 0.797395761152
1706 3643 16 3572 1.52609342074 0.90330007327
1708 7765 30 4474 1.39032751486 0.913118814535
1710 7614 34 7329 1.49112887615 0.91633381862
1711 7008 19 6946 1.64046885049 0.806344996382
1712 5122 266 1099 1.76902182936 0.933956646656
1714 4916 60 2395 1.48272877082 0.958293965479
1715 3207 50 1155 1.48055735981 0.95903719761
1716 3867 72 1946 1.51953430316 0.96030296175
1717 4160 38 1463 1.44824453949 0.931687561788
1718 3859 66 1415 1.47359804356 0.949327009069
1722 3355 38 3019 1.74054893021 0.872668555295
1723 4324 35 3985 1.67119347368 0.912123618147
1725 5494 95 4558 1.58163625326 0.870270907703
1726 3151 35 1152 1.41068585113 0.913259376283
1727 7321 197 1444 1.5961284567 0.963502188792
1729 2534 87 335 1.55816858252 0.918336786796
1731 4828 95 3115 1.56422784642 0.985873320701
1732 3202 30 2211 1.42747119138 0.961098814635
1735 3170 90 519 1.49898313648 0.92148958565
1737 2962 48 2589 1.71293171034 0.928440646909
1738 4271 38 3818 1.57001060059 0.973896650348
1741 3071 38 1507 1.47020659879 0.95138048868
1742 4580 276 589 1.64418256135 0.949075928943
1745 1028 57 398 1.52215831618 0.838661477159
1747 3437 59 1175 1.4705141197 0.926369812134
1752 7299 43 6217 1.61942412575 0.898960011966
1753 9196 64 6884 1.65954241022 0.917823579282
1756 7504 61 3302 1.4591711932 0.931342363129
1757 4480 125 1597 1.58257027775 0.980777438268
1761 3102 98 1069 1.51030866199 0.923916525898
1762 3297 37 2708 1.50733666559 0.982705892311
1767 2768 34 925 1.45963575667 0.922208545946
1768 3016 43 1704 1.48323900873 0.946479944068
1769 745 49 397 1.46303102246 0.0142814686249
1770 692 46 453 1.55663777003 0.674826723766
1771 1648 22 1077 1.43925567614 0.963761313423
1772 4314 373 439 1.83239789332 0.929612871675
1773 3721 148 652 1.56281014775 0.951670540489
1774 3932 83 1207 1.51268825608 0.933168705449
1776 3213 95 1928 1.5665673704 0.973769287498
1777 3756 76 1053 1.59545808817 0.918301682074
1778 2720 91 490 1.51056747264 0.931005848765
1779 2350 70 966 1.47172932992 0.843264861656
1780 3530 76 1170 1.49802925145 0.950455678116
1781 3260 80 1022 1.48273549492 0.922075297734
1782 2418 42 2113 1.81531834685 0.837757129463
1783 2441 49 1944 1.65642333294 0.944283475357
1786 3038 56 1073 1.60562551051 0.936219304701
1787 3166 45 2461 1.50999195609 0.974317879701
1788 3166 47 1322 1.55693446227 0.959933930935
1789 3217 22 2726 1.50582624498 0.927953963503
1790 3722 243 1331 1.78195483941 0.964704949785
1792 3113 79 1016 1.50047478166 0.931554409461
1795 2832 51 788 1.49108623111 0.883069684419
1800 2841 42 2669 1.80051611774 0.885196153178
1801 2600 35 2436 1.72887318375 0.913814304022
1804 2451 50 1543 1.63044140409 0.952130217183
1805 2084 82 703 1.55774106121 0.936214475977
1808 2724 50 1553 1.48576471431 0.962898864452
1812 1619 42 375 1.42669451772 0.847647353486
1814 1864 22 1758 1.61692568987 0.940237886413
1815 4321 70 1918 1.56704684228 0.966161485739
1825 3135 52 2582 1.77095259561 0.896336469265
1826 3036 35 2313 1.52560374652 0.943473274868
1828 1010 41 590 1.44135396512 0.50440785767
1829 2438 42 1029 1.47750256736 0.941504394213
1830 2099 112 478 1.55956638252 0.932568852434
1834 2639 58 1864 1.58062074598 0.986249819473
1836 1472 54 397 1.48890738644 0.899091729071
1837 2203 70 492 1.47656666588 0.880106465257
1840 4250 65 2535 1.71873527942 0.885903373651
1841 3327 35 1521 1.5265746496 0.961513243543
1846 2566 32 1211 1.42968604746 0.892939568475
1849 1428 104 193 1.52109659073 0.787725064264
1851 7140 29 6495 1.4622863898 0.947773848574
1852 3171 52 2204 1.44071644348 0.862247396458
1857 3555 36 1658 1.45970862418 0.91364274077
1862 2744 26 2357 1.60641197575 0.852419564503
1863 2394 204 243 1.64426958723 0.930848362267
1864 2228 70 469 1.4725076474 0.897671782423
1865 2235 57 694 1.45191798804 0.894040782231
1867 2871 45 2073 1.45232530595 0.918796717881
1873 3380 36 3181 1.84018508324 0.784904357116
1874 3905 14 3690 1.39466968721 0.973078386288
1875 2540 20 1230 1.43791389873 0.914336401945
1876 3194 51 1882 1.4700155197 0.951736479046
1879 3786 59 2755 1.50593746635 0.968627917725
1885 4594 498 925 1.97635436768 0.935478171453
1889 3589 65 2167 1.48669106264 0.957849423944
1890 3910 39 1344 1.49796214177 0.927611908262
1895 2329 42 1903 1.48766438706 0.905091918298
1896 3153 39 2274 1.58272525946 0.914281537152
1897 332 52 51 1.52549878116 -0.37236188893
1898 364 56 63 1.56683088173 0.364360167842
1899 1633 69 613 1.60169734679 0.954517020186
1900 3877 80 1500 1.57032622001 0.974158568006
1905 3758 14 2358 1.38777300722 0.930216916605
1910 4315 64 2489 1.60171362892 0.961176621917
1911 3628 51 1278 1.47572597492 0.947352335775
1912 4681 32 3395 1.50244242094 0.943209997191
1913 2249 136 457 1.58439976103 0.938031992215
1915 2363 65 647 1.47659678728 0.917572488688
1916 2536 55 1653 1.6122278013 0.971684149739
1917 2753 62 2234 1.57730489542 0.925064871798
1918 2075 23 1351 1.49445412266 0.962998462433
1919 2361 45 516 1.45657895228 0.907502694588
1920 3819 78 2710 1.58278273277 0.977326392169
1923 4473 35 4299 1.77894128777 0.836400959871
1924 3758 15 3588 1.5371538444 0.858401093641
1925 3545 84 2201 1.65341297749 0.947393618312
1926 2692 103 926 1.67702823673 0.985753450636
1929 3758 42 3253 1.53339189559 0.966742642165
1930 2408 27 1005 1.43698746007 0.943174004663
1935 4651 15 2214 1.3266269677 0.903415970361
1936 3466 17 1909 1.40090936196 0.909466894168
1937 1809 64 891 1.57758073536 0.970462757908
1941 2735 17 1539 1.42371742583 0.946406804261
1944 1025 38 282 1.45069436753 0.830924036802
1946 312 24 111 1.5863231657 0.927253485321
1947 3341 30 3232 1.72695257013 0.877726514551
1948 3708 47 2062 1.52526650147 0.972356693824
1950 3360 39 1314 1.43850240014 0.929155947157
1953 3498 19 2019 1.35123762644 0.929177133563
1958 6355 27 5828 1.45369827618 0.994319518469
1959 4013 58 1668 1.57271995865 0.940137707323
1961 3666 50 1687 1.50065314092 0.945667740907
1963 4713 38 4313 1.57000855172 0.952449049654
1964 4765 19 4351 1.49504628035 0.925064002728
1969 2473 29 1620 1.48856797737 0.876519780373
1970 3638 25 2584 1.55554245402 0.869237360105
1971 6073 40 2491 1.51509102922 0.930052546279
1972 3670 24 3383 1.61549770107 0.883827860361
1973 3425 16 3398 1.77514176756 0.682114030325
1976 2542 37 1365 1.448186677 0.913800494562
1979 3627 31 2991 1.53793915211 0.971666797016
1984 4917 34 4138 1.48849181518 0.985223997959
1985 4513 34 2556 1.46104752886 0.979651607957
1986 5018 25 3286 1.40980447574 0.965445282734
1987 3342 167 602 1.62873010927 0.955153504084
1988 2185 104 443 1.53849137644 0.905088215801
1989 2967 41 1131 1.41766584709 0.908002377196
1990 4299 76 2351 1.5296039323 0.950249446742
1991 4380 109 2407 1.53723264755 0.957487686135
1992 4183 28 2912 1.46733572383 0.917253188464
1997 2845 40 1378 1.5717787155 0.95305118695
1998 2418 77 1124 1.59915752521 0.820782621525
1999 4374 15 4277 1.4849325187 0.921608056642
2000 3623 169 1462 1.65053552772 0.970599523107
2004 3389 57 2309 1.49419118849 0.954841231559
2005 3702 32 1161 1.39491792297 0.881129675423
2010 4798 31 3824 1.52434259887 0.956617745018
2011 3597 17 2295 1.44525341769 0.845158540245
2012 7616 38 3097 1.43790390947 0.954615301971
2013 3950 121 1002 1.58607579707 0.942382836055
2017 3334 64 2021 1.47113655427 0.934335215624
2018 3978 49 1267 1.4783366259 0.934613087172
2023 3008 22 2065 1.53589731153 0.876383523949
2024 2902 23 2216 1.60166742961 0.851151038492
2027 3980 85 1523 1.63072262339 0.9592669167
2029 3628 82 846 1.52116790056 0.937799017202
2031 3979 51 1630 1.45952428715 0.945931697794
2032 2949 54 1334 1.50911460926 0.976895777641
2037 3091 61 2233 1.6174268478 0.975212821393
2041 4775 217 1296 1.7883636267 0.931232545914
2045 4312 70 2605 1.55839465124 0.96814493329
2046 3310 50 1141 1.50622961134 0.940119607183
2047 3012 100 553 1.54938442191 0.932673235836
2053 3887 45 2252 1.63368844969 0.883674573464
2054 3757 73 1209 1.51712639183 0.940756116505
2056 3149 57 779 1.46697595994 0.919828054031
2063 2332 24 1941 1.46276757975 0.97289080927
2064 2509 19 1915 1.38390155954 0.911226469019
2067 2325 31 1121 1.52110999686 0.959258114828
2068 2950 101 1115 1.54312829608 0.964947862098
2071 3720 56 2511 1.5454091717 0.953309583063
2072 3004 44 1229 1.5051751064 0.892007068462
2077 2028 22 1527 1.50584429113 0.960015268045
2078 3610 47 1617 1.6208598098 0.914808776566
2080 2266 39 1024 1.50484295311 0.970453893548
2081 3874 34 3660 1.57002863427 0.952960684879
2082 4241 37 3859 1.50152508895 0.959541464565
2083 4514 14 4462 1.50309242179 0.873929383001
2084 2981 174 591 1.65989293665 0.965106675125
2085 1842 99 181 1.53070619272 0.882557585175
2086 2031 49 636 1.45921908504 0.910503149918
2087 3033 70 1928 1.50908884971 0.943577350915
2088 3707 74 2763 1.52356063157 0.927070178181
2093 1921 103 585 1.52542880805 0.87580637841
2095 3245 95 2242 1.59459171384 0.897451356284
2096 4602 50 2667 1.66208066272 0.849566391042
2097 2705 81 551 1.63448465269 0.929414161142
2098 3111 88 837 1.59340863099 0.968616469002
2099 2954 57 689 1.58620432076 0.894219731558
2100 3435 146 806 1.6491135712 0.956417361545
2101 1901 93 222 1.51758726903 0.887277213985
2104 2844 90 965 1.49701674326 0.87273474295
2105 2868 13 1653 1.40763705398 0.920542521468
2109 1721 115 361 1.52536667392 0.809920864916
2110 4142 73 3900 1.82752406719 0.900957534919
2111 4859 35 4743 1.74015638869 0.852795046611
2112 1853 31 732 1.52090577092 0.944377969173
2113 5351 450 598 1.85069262401 0.939965352442
2114 3370 101 975 1.53891694528 0.957110621167
2115 3480 86 858 1.54342184342 0.944934554128
2118 3058 36 1407 1.5134080774 0.936260513653
2123 4331 23 3869 1.55951187167 0.897536591004
2124 3246 15 2901 1.45093370041 0.935679880902
2125 11986 422 1744 1.70213592636 0.962992727652
2129 3732 34 3281 1.50697175384 0.98243487946
2130 7850 44 3861 1.4825052636 0.931305755027
2131 2192 78 537 1.50325463916 0.918398695803
2135 8510 67 7203 1.74056540422 0.891041763411
2136 6387 28 5492 1.64448645058 0.821944187311
2139 7918 17 7689 1.57032244507 0.82603246603
2140 3180 178 626 1.60835539293 0.937217516926
2144 2617 35 1892 1.40679427237 0.866062546445
2150 2729 10 2331 1.39727526085 0.8711335488
2151 3923 35 2846 1.60134469551 0.902809506189
2153 4065 273 528 1.70464132074 0.965023755022
2157 3152 60 1290 1.53324864474 0.977936422305
2158 3862 41 1256 1.42556534353 0.920454406869
2163 2449 36 1762 1.56104384966 0.981090146484
2164 4107 38 1600 1.51758825075 0.920510530309
2165 855 72 214 1.499831863 0.565114262078
2166 565 36 465 1.77356406958 0.907332506559
2167 3887 68 1618 1.49363976652 0.963665400026
2168 3168 38 2973 1.78261071055 0.872954411563
2169 2770 23 2637 1.68301085686 0.85250221079
2170 3545 99 970 1.50630530872 0.949539779514
2171 2803 105 487 1.50957535099 0.908424723461
2174 2765 52 1821 1.55932030817 0.976157944362
2180 3783 27 3263 1.61842593573 0.875355202438
2181 5161 41 4593 1.60170636591 0.952915249228
2182 47 13 25 1.90006765424 0.917358534353
2183 4012 51 1561 1.58256943331 0.911052397279
2184 4232 81 2820 1.51926238055 0.960099650552
2185 5680 63 5386 1.66383783104 0.900503872411
2186 3303 204 645 1.6827545978 0.962926051037
2190 4110 61 3089 1.5659787056 0.992312233986
2191 3196 20 1991 1.42786397529 0.932464461455
2197 5393 14 5373 1.75197550512 0.617721309266
2198 3921 12 3902 1.72235351331 0.646635723464
2199 3761 66 1494 1.50364237073 0.958272528754
2202 3212 55 1309 1.46868653799 0.932279829356
2203 2652 66 1029 1.53037431419 0.972521113399
2209 4558 35 4370 1.57950552287 0.929063092483
2210 4061 23 3874 1.5337326499 0.947153830871
2211 134 25 47 1.68188287329 0.767539903647
2212 2394 52 1580 1.62962199525 0.975316393812
2213 4587 41 4345 1.66734677936 0.904534621988
2214 7268 50 6822 1.52776012084 0.915657285531
2215 2911 124 774 1.53971633932 0.923032979752
2219 2724 48 1637 1.50144270155 0.969105468582
2220 3103 20 2744 1.40780007667 0.956208339786
2225 4679 24 3065 1.39958151458 0.965991391804
2228 3995 62 1343 1.47827871797 0.961390431091
2230 3921 75 2284 1.52150889187 0.973465115265
2236 2276 34 2046 1.82236317903 0.830492494077
2237 2724 25 2548 1.73296269531 0.822361741507
2238 3016 41 1333 1.49999666208 0.955571807216
2240 3685 39 2424 1.52359600213 0.966032046804
2241 4511 32 3219 1.51305983231 0.96193045994
2242 5691 222 1564 1.72276348029 0.963288372993
2246 4153 62 2246 1.48981957997 0.966477276633
2247 3831 20 1809 1.47864322585 0.866345411859
2252 9553 81 6079 1.54308476228 0.903018383273
2253 5393 98 3673 1.74419492624 0.934430103459
2254 5095 52 3270 1.62305963469 0.931390003477
2255 3489 48 3065 1.49767808819 0.873630605711
2256 4233 50 3825 1.63224935276 0.969564589756
2257 4974 15 4667 1.51073358128 0.863502573013
2258 3301 175 617 1.64064150614 0.964243282049
2262 2994 35 2014 1.43745097926 0.960823441903
2268 3914 14 3673 1.49579837672 0.870894852101
2269 3553 34 3194 1.74757490198 0.823816479221
2270 2309 53 1080 1.58133652249 0.978295905869
2271 4761 24 4645 1.70606579756 0.821790049603
2272 4818 10 4804 1.62411178164 0.66473842992
2275 7220 139 1103 1.57049514142 0.932639140216
2278 10169 94 3302 1.58196302487 0.928676567203
2283 4487 118 1328 1.56534971342 0.950373917213
2284 5086 31 1605 1.45788808278 0.900189057767
2285 1841 114 629 1.55181584431 0.813001144611
2286 2472 120 704 1.52856738918 0.844364443877
2287 5830 45 4369 1.48642550431 0.967155029468
2288 2897 55 1678 1.50615750764 0.97321146995
2292 2319 52 1547 1.50622008332 0.951601488796
2293 3632 18 2605 1.47713786053 0.895937817047
2298 4133 14 3470 1.5625016604 0.757813523823
2299 3458 33 1729 1.59540938142 0.86154033228
2300 4094 41 2990 1.41792865618 0.91327509676
2301 4069 28 3858 1.5488749888 0.963723148057
2302 3683 20 3615 1.60704008924 0.871124773463
2303 4044 77 1494 1.49484423279 0.943984369351
2305 3051 57 1397 1.44805047487 0.924232234432
2308 2586 37 1254 1.45742057823 0.939944234354
2309 3302 73 841 1.50444082394 0.946407381679
2310 2536 61 1102 1.45485729098 0.899332934071
2313 3111 36 2656 1.53867215983 0.971779751552
2314 4863 35 3965 1.71911718181 0.813388818722
2315 3618 19 2271 1.34635417234 0.917906777732
2316 4332 22 4034 1.42531717194 0.952408731759
2317 4033 20 3927 1.53495518842 0.93655487534
2323 4648 32 2152 1.43767935833 0.931039479143
2328 3145 90 1014 1.55197859639 0.970455472079
2333 2683 48 1174 1.48253907295 0.962974524072
2338 4034 76 2065 1.53826011822 0.959629497583
2340 1797 70 1249 1.58438581702 0.918790314721
2341 5381 46 4865 1.64385325986 0.897945309102
2342 5844 157 1518 1.61889460783 0.972030965367
2346 2909 66 1667 1.46540753974 0.897224827464
2347 6265 52 3501 1.54047483343 0.96824758549
2351 20 10 4 2.03824743229 0.388798019732
2352 5301 73 2150 1.62935433237 0.943203907586
2353 2041 31 1178 1.63264327178 0.880673654644
2354 4032 32 2788 1.45487757004 0.977070097351
2355 2909 33 2536 1.5711656193 0.97258811801
2356 5642 14 5489 1.48706550389 0.891493792685
2357 5862 131 1440 1.58924890205 0.969591188954
2359 3820 97 1085 1.51819799829 0.926828999508
2367 2626 31 2209 1.62861372092 0.914557893877
2368 3998 43 3395 1.5944485386 0.976226600694
2371 2697 60 986 1.72464993483 0.872777965172
2372 4152 292 490 1.68930494659 0.951849877161
2373 2873 147 533 1.56029336504 0.940247292738
2374 3821 51 2164 1.48007224041 0.965229528472
2375 3600 72 1443 1.50357559265 0.969426829383
2376 4286 42 3328 1.49993747425 0.975581995791
2377 2513 30 1418 1.42193273978 0.933536360461
2382 2176 38 1013 1.52390070404 0.962800094649
2383 5684 54 3283 1.60609326678 0.896362385252
2385 2831 38 1588 1.44309973595 0.936003024508
2386 3402 40 3171 1.6223803547 0.954458217863
2387 3875 75 2568 1.51134300109 0.961689917312
2388 4116 12 4103 1.79105623036 0.553447317971
2389 4120 81 1730 1.56953858683 0.987445180492
2393 2934 65 1214 1.47844377209 0.946049958637
2394 2975 28 1667 1.39134999296 0.935636258073
2399 4192 32 3674 1.53094379465 0.936083962329
2400 3100 33 2558 1.54303815729 0.972059441686
2401 3142 49 974 1.51807641898 0.943101528109
2402 4685 39 4312 1.61168456552 0.962742225489
2403 5408 12 5305 1.44576871982 0.935013367655
2404 5927 65 3863 1.52894060322 0.978932630061
2407 2178 62 707 1.48332429076 0.89951736202
2408 6246 48 5097 1.48968568208 0.98683490407
2409 4741 33 2345 1.43182335906 0.955269475893
2414 5867 36 4542 1.51758477519 0.939882686487
2415 4774 29 4581 1.54358295899 0.936401980036
2418 5550 23 4624 1.48705225651 0.936910715357
2419 2706 14 2420 1.43847936224 0.967502353296
2420 4440 11 4171 1.39462325074 0.950197702891
2421 6035 49 3528 1.46002100695 0.955832350975
2424 2300 39 1567 1.43886950992 0.906557895888
2430 1739 15 992 1.48912204443 0.883946950349
2431 520 14 316 1.5148519857 0.953425505292
2432 3196 77 1231 1.5739178711 0.977305629039
2442 2736 23 973 1.47708619487 0.876984756147
2443 5793 28 3160 1.43171752474 0.941995676938
2444 3961 33 2718 1.43369175164 0.971760949275
2445 4192 28 3594 1.52920438882 0.959973567291
2446 6146 35 5864 1.73714885933 0.849981044286
2447 4366 57 3455 1.50321170818 0.954852636967
2451 4611 83 3799 1.60043613782 0.963396369081
2452 5616 25 4586 1.44872247267 0.94964137698
2457 6087 19 5870 1.56071451979 0.882511697826
2458 6813 27 6049 1.61873152885 0.850555439439
2459 2286 26 1261 1.45874353975 0.930715733986
2460 5724 107 4807 1.74422293539 0.961491787295
2464 3744 30 1884 1.46608853264 0.960958939258
2470 5137 99 2104 1.55601954186 0.947724204536
2471 4908 97 1839 1.55133757751 0.955058370606
2472 5182 95 2569 1.55510880589 0.954705348599
2475 2924 88 909 1.55806655938 0.931744601793
2477 2551 70 1080 1.62673289822 0.960764364401
2478 2447 28 1452 1.39975571496 0.90287285523
2479 2308 80 888 1.49715408978 0.861328645653
2485 5419 218 1998 1.63358219091 0.983084900876
2488 271 35 79 1.68615195938 0.914989988946
2489 3133 102 770 1.54651215947 0.931493063841
2490 3898 11 1716 1.33688099591 0.831858291216
2495 4292 14 3729 1.43529766773 0.937572791322
2496 4130 14 3885 1.4701895044 0.914407934087
2497 634 27 510 1.57289189243 0.866023640133
2499 4366 28 2382 1.44873938556 0.900872571127
2500 4609 80 1136 1.5093963032 0.960407771749
2505 2975 33 1266 1.46595011907 0.891783998493
2510 6598 57 3790 1.61469704846 0.943270737961
2511 5250 43 3713 1.5293024027 0.973190104353
2515 10503 126 3291 1.56168414381 0.942906276201
2516 10548 112 2618 1.54779070464 0.931821743274
2517 9044 144 2553 1.58239102046 0.921898684882
2518 5262 139 1366 1.55240592003 0.961163495369
2522 5817 44 4478 1.48930261177 0.987854901484
2523 5273 29 2935 1.54775689218 0.876433236407
2528 4039 41 2204 1.55770584418 0.897737382453
2529 2963 33 2024 1.55513798284 0.964097492348
2530 7341 10 7281 1.39455808717 0.918359489936
2534 2176 52 1534 1.51324157234 0.941042757979
2535 2076 42 1486 1.4967543426 0.936077929092
2536 2336 11 1679 1.32918837509 0.868495969558
2540 3454 20 3363 1.5645324581 0.90854519257
2541 3583 25 3520 1.7227597832 0.817184322418
2542 1657 40 1384 1.56488168715 0.948024107503
2543 3179 47 2931 1.73769604066 0.928759049689
2545 5841 56 4442 1.50622341308 0.992820183832
2547 2891 59 1179 1.47951592886 0.93837591508
2548 2682 46 1447 1.43321009974 0.913543394639
2550 5029 42 2828 1.45736148311 0.964633394968
2555 6347 27 5395 1.51674570512 0.899315798584
2556 5532 38 2329 1.49033089262 0.937599177849
2558 2851 84 444 1.51012331925 0.920017260094
2561 3335 28 1981 1.47746574147 0.934227245987
2563 3296 101 716 1.53033813548 0.932471462594
2566 2473 15 2102 1.45804286691 0.930287347491
2567 3014 27 1982 1.56491200737 0.887643053488
2568 4156 24 2694 1.43163097201 0.940282540982
2569 3075 22 2001 1.41148163649 0.946607134535
2572 4400 204 919 1.65734271604 0.955977553066
2576 3597 41 1193 1.50674568939 0.930163104478
2583 2537 58 1600 1.54817058749 0.958437194839
2584 583 72 169 1.56954723698 0.576537913306
2585 3575 35 2268 1.51211076521 0.946125747722
2586 2289 48 961 1.55118666654 0.972478037123
2587 2324 97 423 1.52567488502 0.917099054043
2588 2856 66 593 1.4857394269 0.910697424351
2590 2038 41 1161 1.4964047137 0.963757347723
2591 2414 78 691 1.49551794918 0.918811789833
2595 2208 98 633 1.56930183258 0.95722856333
2596 3400 16 3354 1.64528584785 0.761539041492
2597 1903 17 1832 1.5720474971 0.930071676717
2598 361 33 139 1.5205162285 0.595458774795
2600 2660 45 576 1.43704570871 0.888275515063
2601 3965 117 1018 1.64017990397 0.965143384307
2604 3213 60 1842 1.53413263559 0.980645641798
2605 1987 42 1252 1.55410832985 0.970941186707
2606 2070 28 631 1.4695601769 0.880055358335
2609 1981 51 592 1.45743813684 0.911508617768
2611 537 57 148 1.63599033464 0.913204269208
2612 2588 31 2241 1.5051371221 0.954823214286
2614 1159 48 482 1.52917841403 0.915796720507
2615 2033 11 1857 1.4540657553 0.927391163416
2616 3755 26 3508 1.54790087191 0.962794488776
2617 6920 150 2518 1.58161591827 0.970811078897
2627 3505 55 3195 1.7945608833 0.911672438207
2628 4486 67 3928 1.57134073013 0.896139286808
2630 530 62 118 1.52647261796 0.335912655485
2632 3814 247 442 1.63716560292 0.929122248259
2635 2988 78 1247 1.49242847316 0.943527018558
2636 3129 123 1665 1.55368366841 0.923121122862
2638 308 35 51 1.53872524211 0.65862170824
2642 8670 61 7849 1.74506875477 0.894321301207
2643 7641 33 7529 1.68213062069 0.800789893686
2646 7241 102 2423 1.61509484512 0.954858061576
2651 6637 49 5258 1.46877861303 0.981685467756
2656 6222 25 5779 1.52424618069 0.927120618554
2657 5751 30 5296 1.62312183696 0.874627353448
2660 5778 177 1047 1.59929314905 0.967559333977
2661 6535 92 1225 1.50326571924 0.934997404961
2664 6573 49 5600 1.5798293471 0.932990251529
2665 5851 21 3068 1.46241025324 0.893515144141
2670 5238 25 4365 1.53379912712 0.912763409391
2671 5201 35 4535 1.48549690765 0.98737864226
2672 2377 29 2107 1.45173529187 0.744037178492
2673 1961 46 1444 1.47420391049 0.809062695636
2674 3856 41 1937 1.50759440388 0.952988452427
2675 6706 27 6517 1.56095515043 0.91906014444
2676 3230 190 783 1.67481963374 0.961779600377
2678 4115 65 1669 1.46538031438 0.943758398184
2679 1395 51 373 1.44839115533 0.795523905084
2681 3148 38 1882 1.6006986932 0.948629000628
2686 3921 71 1505 1.66026795263 0.925679525304
2687 140 36 20 1.76098949533 0.742295295543
2688 227 42 47 1.63289267954 0.587674966144
2689 2714 36 1728 1.41960991599 0.889286391075
2690 5460 175 1639 1.58085634562 0.960013365445
2695 3794 46 1177 1.48601798445 0.92985882946
2700 3364 54 3012 1.64820650498 0.891662640274
2701 3454 53 2880 1.7228138984 0.900137972156
2703 2014 60 1503 1.45923562964 0.399375470056
2704 1603 47 515 1.45016138652 0.79129491065
2705 3352 90 1237 1.62453649819 0.975408005421
2708 251 21 110 1.5418313944 0.85007570232
2709 3368 27 2788 1.53561641479 0.962003227425
2710 2753 14 1410 1.34245424706 0.900299243279
2715 8567 20 5399 1.43810734072 0.92462281272
2716 8486 20 5739 1.46133271294 0.907543736519
2719 6497 48 2327 1.44120787975 0.967848063406
2720 7638 49 6842 1.51738992142 0.981969981135
2721 7264 38 6291 1.57670513578 0.948148471365
2722 5951 16 5435 1.4326512314 0.947909442083
2723 4892 263 686 1.61304579559 0.966655678324
2727 3951 110 1496 1.52002415053 0.944244969514
2728 3882 29 2751 1.430402434 0.969989515896
2733 3943 64 2650 1.53326075894 0.985432788972
2734 3956 35 3672 1.63783348377 0.943269583698
2735 281 65 68 1.88633264819 0.913619860097
2736 776 50 189 1.48838523972 0.664866275084
2737 4108 44 1913 1.46261712758 0.972075420867
2738 4776 109 1860 1.54452089408 0.968143770712
2742 2630 21 1805 1.51478732082 0.931148287062
2743 3412 21 1310 1.37424868833 0.916546764334
2744 3953 74 1226 1.48774648199 0.959379053162
2748 21190 67 14272 1.50543442401 0.959909336593
2749 5639 24 4388 1.41854491437 0.952550848197
2751 5031 35 1743 1.41283527127 0.895233698748
2752 4429 53 3622 1.57191899009 0.987036674888
2762 4977 18 4648 1.50227093243 0.857858695522
2763 3762 16 2015 1.50281298312 0.839378186242
2764 6312 18 6277 1.7304842581 0.70114605856
2765 5184 13 5158 1.62810512635 0.737646232774
2766 1926 49 1115 1.56440380028 0.969958754987
2767 1681 107 314 1.52379514613 0.846066130239
2768 1205 41 301 1.45561454224 0.866165614244
2769 1235 51 261 1.46056195834 0.810789463853
2770 1313 40 990 1.61585258108 0.980546824819
2771 1332 30 591 1.4870591805 0.926030544052
2772 1170 56 401 1.46700817236 0.775142342478
2773 1676 57 565 1.45914871408 0.841388777626
2776 3738 111 963 1.62845493482 0.954426286539
2781 3553 39 1665 1.49719209425 0.887366237437
2786 2953 16 2110 1.53022557054 0.808806165225
2787 2867 28 2204 1.63286508487 0.882976223112
2789 2234 52 1652 1.45630276559 0.737934672983
2790 2696 38 1239 1.46897101811 0.960624947018
2791 4314 119 2110 1.65011107176 0.965555264934
2797 212 32 55 1.61978218189 0.776154323977
2800 5086 21 4276 1.54116392882 0.855664611254
2801 2297 11 2073 1.41436695348 0.943738438715
2802 2701 19 1395 1.42873883134 0.931775522764
2804 5028 64 1812 1.49622704019 0.97429268614
2808 4278 38 2743 1.51987660432 0.957947915468
2815 7667 147 3165 1.55442114234 0.974366430499
2816 1805 149 777 1.59526242759 0.790081650144
2818 6505 38 6271 1.72364056269 0.87366202929
2819 8562 31 8145 1.44032004802 0.918876906371
2820 9767 46 9067 1.48437693647 0.950025090658
2821 3021 173 731 1.7188526012 0.964039224847
2823 2844 49 667 1.45437483638 0.891984397267
2825 2623 57 1318 1.47452765633 0.939562221946
2826 3269 55 1983 1.57083282863 0.978196613971
2827 2902 53 965 1.48601095427 0.916287263872
2828 2884 62 558 1.50165687601 0.885023481202
2831 2593 22 2308 1.53630946134 0.954107613119
2832 2724 17 2512 1.47875717156 0.972703097655
2833 4531 61 4245 1.8003040748 0.913975028693
2834 2864 27 2710 1.66240581132 0.910764663567
2835 4203 120 1057 1.53563443247 0.96561471993
2837 3633 77 1155 1.47909834812 0.932741704289
2838 4376 99 2857 1.50110995287 0.911234286549
2844 4657 24 4322 1.52924103227 0.951175443644
2845 2699 21 2608 1.59010414831 0.908525223147
2846 635 18 597 1.7997161273 0.82944282602
2847 3145 17 2155 1.38987352444 0.948227211583
2848 5189 161 1336 1.6549951764 0.951294049513
2851 3878 87 1976 1.58765819387 0.965487834796
2852 4165 34 2405 1.49419713635 0.966549563411
2853 3663 65 1627 1.55074514592 0.963509986297
2856 3206 113 471 1.52766444008 0.925404669624
2858 3026 27 2114 1.65002024191 0.808507146953
2859 3260 28 2224 1.61908015613 0.845926546366
2860 1373 59 1019 1.52022539721 0.542779810442
2861 2549 76 2145 1.65564448324 0.873662624917
2862 2075 25 814 1.42807919463 0.908820625458
2863 3963 107 639 1.53632560045 0.956155829982
2865 3329 80 655 1.51948497795 0.940714442992
2867 4226 82 2256 1.54044282796 0.975237047228
2868 3022 44 1041 1.54115689798 0.945646236338
2869 3248 81 912 1.52549033616 0.941641713126
2870 3220 86 625 1.52446186662 0.940948353823
2873 2630 42 1281 1.72684862943 0.811330573236
2874 2882 20 1293 1.54465593066 0.789229831217
2876 547 30 261 1.41667129909 0.132687962063
2878 4430 208 676 1.60426343834 0.965629178458
2883 22864 36 12734 1.44372034192 0.955039969508
2888 25488 21 25353 1.60698218279 0.781187761415
2889 35529 17 35471 1.56821454158 0.752262258552
2890 28911 22 28863 1.75757041274 0.645233610461
2891 3448 185 1267 1.69574298002 0.964719629626
2892 2993 185 406 1.61087571697 0.954169159111
2895 2600 75 1078 1.50048536904 0.914317166561
2901 4866 59 3427 1.80082105593 0.846464797526
2902 5575 59 3707 1.85220645546 0.802507808339
2904 6222 114 2033 1.73069282243 0.912011803273
2905 3367 14 3278 1.66396678971 0.730928347136
2906 2921 42 2784 1.76845254865 0.891739721563
2907 3492 29 3418 1.81075309078 0.793250068198
2908 5520 62 2819 1.4643414171 0.956010861256
2912 4275 98 2102 1.57218583559 0.974944086377
2928 6759 78 3179 1.60830958132 0.933539092332
2929 7645 67 3443 1.57077851308 0.939219539541
2930 4527 138 1362 1.53607517023 0.949753977455
2933 3123 62 923 1.56522873833 0.949648802807
2935 6785 116 1640 1.51894442971 0.933914434659
2936 2850 71 1016 1.4715048028 0.921411117263
2938 2602 50 1123 1.51507343705 0.954388907871
2940 2604 66 677 1.47426203768 0.914603457904
2943 3507 25 2674 1.69002841293 0.787414353462
2944 2463 23 2061 1.6586033725 0.84886988233
2945 8275 150 7024 1.57668695267 0.73471484548
2946 6147 93 1104 1.50433812356 0.924189565939
2950 1849 58 702 1.45455124132 0.827299468445
2951 2406 44 1028 1.50083624872 0.933903746427
2952 1829 100 385 1.59607288829 0.950983068108
2956 178 13 111 1.75948632157 0.852646727868
2957 632 19 330 1.62472009893 0.891016636041
2958 310 34 74 1.59665779369 0.841155455083
2960 7137 33 3945 1.40682851163 0.958638601405
2962 13846 35 7484 1.41476048679 0.968306888911
2971 5109 35 3125 1.41075638501 0.951758392067
2972 6859 37 4210 1.41170270938 0.969351672306
2974 6013 118 883 1.51912710286 0.929968570264
2982 647 49 176 1.49673922539 0.694088961441
2983 30 17 6 2.21865042325 0.599349514945
2986 251 26 163 1.69845063912 0.950409276837
2987 7146 71 1595 1.48262358883 0.934451276711
2989 302 34 65 1.53982191082 0.653194038995
2995 11385 276 1442 1.63755823798 0.943682171988
2996 719 16 374 1.42669082837 0.83986736419
2997 38 14 13 1.980364839 0.960959195646
2998 26 14 4 2.12260207805 0.432429178015
2999 38315 85 37664 1.57414369578 0.917307599033
3000 22598 38 22426 1.61454460743 0.858281049999
3006 1431 46 1070 1.57964796962 0.958598679164
3007 2615 23 2531 1.7471559312 0.820792434568
3008 1463 12 1442 1.69280611735 0.745869533037
3009 134 15 87 1.62871524846 0.891745593109
3010 306 48 63 1.64201534354 0.799878123977
3011 534 44 147 1.49784292861 0.639883453929
3020 451 45 72 1.5743633512 0.82900974759
3026 864 51 131 1.47848438923 0.757885928115
3029 2902 23 2688 1.5834554404 0.937246530879
3030 3472 27 3363 1.71266594699 0.862583230752
3031 3916 64 3426 1.65436322447 0.971500481509
3033 6228 53 2453 1.47371503648 0.967764985031
3034 10972 163 2989 1.59632099622 0.966327084131
3035 104 20 15 1.56259621139 -0.185995212649
3036 87 10 37 1.4701001949 0.0690466310498
3038 291 12 122 1.45362809292 0.855385624041
3040 6426 47 5582 1.46572930875 0.904710298505
3041 6207 49 5808 1.55242293593 0.940490250512
3042 1380 88 334 1.70306278091 0.956578244675
3043 1810 17 1421 1.52292813809 0.914452815657
3046 122 23 50 1.65322727281 0.573103459885
3049 6997 32 5406 1.42009544725 0.979511279733
3051 466 11 184 1.43526443965 0.862283886555
3053 13388 18 13355 1.75780602891 0.635930074453
3054 33737 17 33714 1.79696990289 0.532029654334
3062 1841 107 344 1.56605650703 0.926222978731
3065 126 21 84 1.86146099248 0.910145997255
3066 114 33 50 2.03445059746 0.938916031441
3068 1687 30 1472 1.52572960651 0.946286921151
3069 47819 48 47180 1.58178235853 0.920863470097
3073 20363 51 14101 1.43955745247 0.971063024116
3078 829 15 726 1.55950351975 0.948046464222
3080 205 23 121 1.64208700332 0.859419016298
3081 989 25 810 1.41919718134 0.290073100932
3082 3568 35 1527 1.42160393564 0.916191031435
3083 7703 34 6899 1.55412583332 0.947724906541
3084 5936 25 5834 1.71159795082 0.813165779824
3085 5869 19 5813 1.61836858802 0.798786969911
3086 11815 247 2630 1.61039677861 0.958353357399
3090 5670 80 1521 1.50086828234 0.940936489572
3096 1664 26 804 1.53930504736 0.868687374311
3097 3128 34 2916 1.47967775204 0.726682568689
3099 6065 20 5873 1.51946355856 0.941378492951
3100 7263 15 7143 1.45279653075 0.943947180077
3101 6287 19 6217 1.64418633954 0.810617722435
3102 7881 127 4815 1.60543409369 0.976898530148
3105 4372 59 2326 1.45998817309 0.948335548629
3107 6310 20 3840 1.40638063659 0.931610378314
3109 116 28 25 1.77593235797 0.849338231623
3113 3161 20 2765 1.51779286902 0.930557457098
3114 410 18 229 1.54688560192 0.951788720484
3115 230 31 35 1.57150702438 0.668750662216
3117 497 19 174 1.426462975 0.803060550594
3121 2464 35 1367 1.42015672157 0.925269328741
3123 2642 215 374 1.69836887891 0.948795455365
3125 2631 24 1812 1.40516383899 0.932067444531
3126 1801 25 1099 1.5133910618 0.93698283388
3128 195 22 102 1.66276986532 0.936641669235
3129 4079 27 3585 1.45494815428 0.95421989206
3132 144 42 43 1.93342446342 0.939747827835
3135 4769 24 4640 1.61309493569 0.902226140565
3136 5965 15 5941 1.73474881309 0.661691593002
3137 5636 14 5589 1.56966594542 0.825312788001
3138 105 24 22 1.71583446731 0.771349496658
3139 8444 392 2504 1.77512035457 0.95638065173
3140 8849 19 8419 1.53662377331 0.859388435849
3141 9912 223 1980 1.63867125146 0.95892571969
3143 5918 60 3249 1.45952088838 0.974293953692
3152 80 12 33 1.68100602879 0.899711848112
3154 126 18 41 1.61022946277 0.828220333183
3155 968 41 375 1.50551863549 0.855485963824
3157 340 37 84 1.65009667782 0.930319083281
3160 11367 332 1834 1.64773366075 0.956284256524
3161 1623 67 323 1.55665101637 0.940693510136
3162 807 11 796 1.8991059817 0.568526214666
3163 7794 42 7662 1.70275914986 0.832562389527
3164 7467 18 7427 1.63131056215 0.729482462524
3165 428 49 64 1.55947534096 0.714728984238
3168 288 24 123 1.51537080583 0.781151756494
3182 2480 54 779 1.50422639529 0.763919687071
3183 141 25 31 1.60510177595 0.547319395899
3185 4718 36 3246 1.47317365659 0.964866748619
3186 8064 258 1643 1.71679305698 0.953085988641
3187 121 20 21 1.57361569651 0.468845438843
3188 259 23 123 1.44089009144 -1.07752384029
3189 215 19 94 1.46189356698 0.238181872622
3191 563 32 179 1.41719498416 0.325371300669
3192 361 22 103 1.44836724981 0.664272611996
3194 3617 38 3331 1.66645673605 0.896706841367
3195 4102 28 3919 1.62761189536 0.85717800791
3196 4033 15 3882 1.50189305706 0.914904701864
3203 3135 38 1766 1.44245564251 0.959011506094
3205 1227 70 229 1.49880664686 0.825519445128
3208 1705 12 1651 1.55933627908 0.883024654413
3209 1812 35 1631 1.84910545163 0.834597278018
3210 3102 36 1831 1.43786196222 0.922653138486
3212 145 34 30 1.73189353287 0.768830855245
3216 3133 29 1942 1.41004130569 0.956173221369
3218 160 41 22 1.74184713338 0.672717116933
3223 371 39 98 1.60449744551 0.888247593748
3224 974 55 369 1.46625951919 0.600765174706
3229 4532 49 3327 1.52075679898 0.974144591994
3231 4623 34 2294 1.41779980997 0.947570125135
3240 577 26 192 1.68532612691 0.860630384536
3241 5545 43 4442 1.49687892876 0.977639780193
3242 6714 21 6594 1.57910818543 0.886854704453
3243 110 34 12 1.74831062811 0.296214955147
3251 4513 32 4134 1.51643558701 0.938539066823
3252 867 18 751 1.48626624877 0.903265719858
3253 478 34 207 1.45825695173 0.346208930592
3254 306 13 239 1.47087325977 0.816640567695
3255 3575 30 3455 1.66101559547 0.889679811802
3256 4136 19 4098 1.78401788417 0.703901508137
3257 5118 239 1014 1.71875324638 0.960051060051
3258 2178 36 1247 1.53187067478 0.918128932195
3259 2453 25 1419 1.45460660242 0.902455345018
3260 1468 23 829 1.36671507637 0.773515178724
3261 5557 37 5200 1.41879129856 0.630428751846
3262 8002 20 7891 1.50798052025 0.911602011366
3263 8794 15 8748 1.60020295493 0.783873362072
3264 10481 211 3753 1.64803933484 0.96588310336
3269 10859 132 2421 1.56389606953 0.913639808564
3274 8934 16 8898 1.62474402891 0.735231694078
3278 13173 406 1814 1.65877986823 0.953926519191
3279 2562 17 1938 1.51929488627 0.850932937881
3280 3701 36 2726 1.70931079139 0.813298540118
3281 511 46 263 1.5570059112 0.63533941279
3282 148 27 89 1.88259783465 0.928130665064
3283 8733 167 2273 1.59046648144 0.94654242255
3284 2949 25 2611 1.6723319934 0.847979377967
3285 3848 22 2572 1.5373769396 0.839258096286
3286 11823 17 5958 1.38112816592 0.872378908034
3287 6823 14 5120 1.34696473856 0.940123148404
3288 380 12 270 1.34914278704 -0.336134992104
3290 2061 10 1788 1.30366126107 0.809291222318
3291 347 34 95 1.55049997035 0.800748222322
3309 10715 65 6721 1.49542744195 0.974755689816
3312 4925 26 4796 1.5854621771 0.912519120253
3313 4099 30 3974 1.63790353707 0.9085116383
3314 4359 13 4343 1.77339959163 0.598671403133
3319 3828 30 2878 1.42112426523 0.967938428058
3323 1222 30 925 1.55265693757 0.982263331039
3326 28 13 7 1.98295889742 0.399989368498
3327 82 15 45 1.75638767997 0.929323468079
3329 5885 111 2239 1.65378961291 0.946627378931
3330 6020 86 1859 1.57808244149 0.944379597346
3331 1069 54 527 1.60160728186 0.977273550024
3335 2134 71 635 1.47907682837 0.889074516163
3341 173 24 30 1.51157980167 0.109893658247
3343 1996 21 1765 1.41415312837 0.860257967057
3344 72 10 24 1.50994784782 0.343455724479
3345 1713 31 789 1.54977826927 0.941247671217
3346 219 42 35 1.64389099241 0.625874083261
3347 404 22 128 1.38753963516 0.031933618382
3348 838 68 97 1.48835606557 0.595571320762
3349 363 32 60 1.411253427 -0.920964677597
3350 2421 14 2359 1.47845803051 0.89745254238
3351 1888 15 1781 1.36492830283 0.386271021605
3353 115 11 53 1.53664876116 0.885634917361
3354 1423 52 1048 1.63555001457 0.952866548004
3355 11118 15 10873 1.3635614796 0.863563100294
3357 114 10 61 1.63552733749 0.888100241413
3358 120 12 86 1.62645084628 0.950750555137
3359 1867 52 622 1.55290557115 0.952815158407
3363 1586 96 345 1.61107335285 0.962563669289
3364 11822 24 11190 1.40248287878 0.897549209444
3367 1710 61 391 1.52089115442 0.944035000731
3368 81 18 12 1.58975444286 -0.443520251587
3369 11588 87 4220 1.53861557109 0.943919339115
3374 2446 44 1485 1.4664892022 0.918933954174
3376 414 14 203 1.5479673107 0.886228981005
3377 8318 56 8078 1.64340160914 0.859471226079
3378 9810 31 9345 1.49279080561 0.965099060931
3379 8330 16 8235 1.61078673516 0.768060837322
3382 12828 46 10556 1.57494702925 0.915556645162
3384 861 47 620 1.6754015994 0.936032920131
3385 345 26 256 1.7155028307 0.956696979352
3387 1552 72 411 1.60873762958 0.966499127946
3391 5652 45 3891 1.48359192347 0.978672380761
3392 4391 32 1994 1.42806852173 0.950017349164
3399 177 15 92 1.50501698486 0.657022869809
3400 2561 47 956 1.47848192416 0.915234588116
3401 2357 48 860 1.49380611102 0.953163576553
3404 3285 25 1613 1.46725914294 0.933697891345
3405 2253 68 1028 1.61257169848 0.974090822662
3406 3298 125 1470 1.65420629193 0.982518580878
3408 2321 71 545 1.48253943212 0.896861360663
3409 2383 63 1218 1.46618126419 0.891882299299
3410 2982 62 777 1.4656949578 0.893823487227
3411 2104 50 836 1.45188709003 0.91243796326
3416 2358 32 2130 1.79269358753 0.828549608339
3417 2090 46 1619 1.75039048366 0.919301825942
3418 120 29 44 1.90771236599 0.970219740752
3420 1590 35 613 1.5019348455 0.926311812599
3421 1756 35 771 1.47020747834 0.955842760894
3422 2032 66 530 1.52031983094 0.944763898174
3423 1267 31 285 1.44283404769 0.83302489068
3425 1732 40 1068 1.50746551838 0.967374959302
3427 1462 46 265 1.50101398276 0.892642609938
3428 2495 61 707 1.46510020542 0.918880776458
3429 1336 64 287 1.51716193734 0.896114643503
3430 1943 84 662 1.50179151624 0.883519438796
3431 4166 26 3550 1.67531268142 0.81428866474
3432 5795 38 2905 1.66883527858 0.793183808276
3433 2783 119 1581 1.59512820669 0.941472283157
3434 6678 45 3315 1.50437772451 0.956689092885
3438 4717 50 3775 1.44580217741 0.909214578413
3439 4452 62 1893 1.51538792577 0.970998051157
3440 6966 34 5448 1.46944969134 0.963167113876
3445 6635 27 5457 1.6409688973 0.797457458399
3446 6084 21 3842 1.56319116401 0.822172178677
3447 1848 80 1381 1.64258916637 0.930401785175
3448 1983 88 1634 1.73734787548 0.839757629475
3449 4080 20 3170 1.42105212731 0.975885599137
3450 7773 58 7531 1.71468434361 0.887867058673
3451 6292 12 6240 1.51634563545 0.845787719204
3452 6741 11 6729 1.73322293197 0.5556998165
3453 9271 325 2215 1.63968447222 0.96519590651
3454 10537 207 2870 1.57712513161 0.962300717592
3463 4346 48 1864 1.64463567077 0.815143503154
3464 5858 103 1632 1.58343639621 0.936502539543
3465 2295 154 433 1.64013647573 0.94631455224
3466 5591 194 1326 1.6282713305 0.986288252082
3467 7535 118 2827 1.54279604525 0.975618345707
3468 7650 87 3453 1.54839627153 0.979144024349
3472 4379 92 3282 1.60908626545 0.99306535582
3473 4817 38 1558 1.42631575526 0.875095320848
3478 5137 40 3756 1.63458061318 0.889324209362
3479 4360 39 2234 1.60444088287 0.89066862629
3480 10811 36 10192 1.62042930759 0.901728102298
3481 28635 104 25546 1.64835214711 0.949443466123
3482 5632 48 3180 1.45977267782 0.975367944813
3483 5748 451 772 1.84881727317 0.942338253653
3486 3988 84 1786 1.50242224123 0.951902718016
3487 3822 69 2361 1.50032615151 0.963586258044
3493 6722 51 5383 1.67669766049 0.871771878029
3494 3826 290 2558 2.18870773549 0.905251817859
3495 1164 152 642 1.86135165028 0.932656257129
3498 9254 217 2622 1.59412062693 0.970152821051
3500 1717 56 553 1.56577333566 0.974653614784
3501 1532 20 1040 1.52205381325 0.931168867474
3502 1822 32 1441 1.53023809844 0.978881153296
3503 1537 25 993 1.50301904635 0.959212477741
3504 1042 33 302 1.47716881563 0.910273291871
3505 2148 24 1099 1.67703840601 0.777253470196
3506 835 49 173 1.45742966741 0.646498801502
3507 1178 67 376 1.49863722062 0.764768644259
3508 5414 27 5150 1.80453252399 0.705044364198
3509 6987 26 6687 1.69000748949 0.791214034155
3511 7887 111 6431 1.59073649183 0.983572035931
3515 6906 115 3091 1.5237288188 0.964115740339
3516 4221 44 1763 1.51102452912 0.956801962361
3521 3450 89 1540 1.65034560372 0.970713961447
3523 405 50 237 1.79865052573 0.974319948724
3524 1502 93 706 1.68818252022 0.988445385178
3525 3479 69 1435 1.54997185128 0.970621485125
3531 4918 39 2862 1.4218153556 0.926046333511
3533 3957 67 2432 1.482717883 0.952267529651
3536 1364 30 1056 1.75275890843 0.861639331389
3537 3921 47 3069 1.65393437241 0.934936427436
3538 4049 70 1418 1.59307890368 0.963208163422
3539 1280 58 783 1.65326073218 0.971912593996
3540 1069 67 163 1.55077017558 0.888461938191
3541 6945 95 2013 1.49921833861 0.948131416353
3542 1138 49 167 1.44165874907 0.736083871874
3543 1363 66 560 1.52794666084 0.911872639945
3544 2069 25 1509 1.50640274357 0.943824092463
3549 4322 72 2543 1.6808522258 0.930033339792
3550 5658 136 3975 1.76541037363 0.947556983774
3551 3719 32 1200 1.43083283519 0.929059205538
3552 3467 101 1136 1.52646549154 0.956534627957
3557 4152 30 1803 1.41158963947 0.937866265347
3562 3809 121 2386 1.90152410525 0.914340258539
3563 4900 92 2720 1.97289064742 0.815759024322
3564 3064 340 604 1.74683527916 0.942963268678
3565 3238 260 719 1.66631129053 0.937123366125
3566 3639 64 1777 1.64173111151 0.928224238335
3567 7959 10 7925 1.50931249638 0.781152499017
3568 8362 107 3503 1.54008090458 0.981017863988
3572 4429 57 2372 1.48312114915 0.97501832338
3573 5036 55 1682 1.45941539715 0.961055820012
3580 743 73 240 1.63394836217 0.902962530851
3581 1882 103 776 1.58898768356 0.942036830721
3582 4023 57 1702 1.46954652634 0.969312282711
3583 12580 438 1765 1.71667874929 0.96033733083
3593 9580 137 4143 1.78664689743 0.911303770372
3594 11513 139 3883 1.78661685237 0.878429550447
3595 2731 255 724 1.64688386811 0.900171706739
3596 2505 257 504 1.69066992983 0.921260946564
3597 8946 79 4395 1.62875967894 0.907685474079
3599 10355 34 10092 1.56502921392 0.889465701226
3600 10198 22 10047 1.57138190958 0.879800473784
3604 2116 20 1611 1.51211324905 0.932864366595
3605 1493 28 428 1.45909231325 0.884850343614
3606 1867 87 368 1.54827207474 0.935266416503
3609 1220 64 225 1.50047149917 0.858808660828
3610 5045 48 4401 1.60887336283 0.967238675666
3611 6180 51 4821 1.53662364509 0.968661389036
3612 9379 51 7022 1.46276684137 0.967161766404
3614 4589 27 3489 1.39361348514 0.962896626675
3615 11454 226 3937 1.61445936089 0.95872323373
3617 1335 37 295 1.42935932328 0.836856720487
3619 1194 20 559 1.36978701041 0.788661082972
3620 1238 22 485 1.37978286079 0.778335465417
3621 1479 59 531 1.52409589629 0.932433032301
3625 4507 22 3961 1.48623667905 0.965294147258
3626 5439 27 4072 1.46094513312 0.976900143779
3627 5288 79 3927 1.50842511687 0.934699643834
3628 5113 52 2266 1.52653012099 0.917280797071
3629 5626 204 1678 1.69763982476 0.955060014102
3633 4754 96 2213 1.5153085038 0.952949472662
3634 4261 23 2278 1.41831121637 0.957923187992
3639 3832 63 2708 1.72858237168 0.934301395791
3640 4307 57 2816 1.5843524712 0.958851381703
3641 127 20 62 1.72234243572 0.94801822333
3642 143 33 63 1.93826908452 0.981360716013
3643 5891 93 4700 1.78716631133 0.914529163126
3645 4283 14 4129 1.58616463256 0.794405569106
3646 22016 27 21578 1.61900829065 0.821690809411
3647 9693 314 3236 1.64681530257 0.962660136029
3652 9068 24 4475 1.38182170696 0.9221753991
3657 5001 41 4622 1.65455842056 0.921807872114
3658 5301 31 4927 1.60835857613 0.922535071945
3659 172 20 139 2.07960989718 0.803463092507
3660 4572 54 2462 1.65847053473 0.880786164136
3661 5073 16 4967 1.59721639613 0.81451046305
3662 4670 13 4594 1.48447616795 0.911395336118
3663 10966 75 6461 1.50664781276 0.980883180639
3664 1310 105 349 1.58840212931 0.895395009766
3665 862 48 220 1.55863170856 0.91109063371
3666 1388 50 601 1.47231926211 0.872626042938
3667 1727 29 1466 1.63286352806 0.93863093314
3668 6809 39 3430 1.42981920323 0.898553742656
3669 1336 57 321 1.50487697905 0.903448737227
3670 1421 73 411 1.55707167326 0.940259643823
3672 1091 84 295 1.56670709106 0.881623505933
3674 5691 28 5107 1.56332465411 0.920249647814
3675 5489 68 3400 1.47544705701 0.950305624686
3676 5988 206 1439 1.59693427466 0.959581468896
3685 4915 58 3372 1.6852666302 0.912541011069
3686 4526 53 2925 1.68188883954 0.906932639462
3687 614 74 283 1.69249035958 0.889350640483
3688 918 73 423 1.63708590048 0.94910801539
3689 4729 53 1763 1.48585278833 0.956441392295
3700 5052 56 4224 1.64367358712 0.947320495833
3701 3922 80 2531 1.57740483857 0.937643084392
3703 358 66 104 1.75127786939 0.884643730444
3704 5452 46 3744 1.4955235439 0.949421625376
3705 1529 33 922 1.61203391378 0.946966151058
3707 976 19 253 1.36454706483 0.717257448486
3709 1749 16 1564 1.46338529551 0.954613284323
3710 1588 14 1277 1.46455044503 0.961338614194
3713 978 30 416 1.39215188623 0.643667228262
3715 5638 58 3372 1.50479891204 0.983644087976
3717 2926 30 2708 1.52626327941 0.95535840221
3718 1984 23 1835 1.5128445511 0.940328802849
3719 2455 12 2437 1.67732280017 0.687559315895
3720 9969 314 2258 1.65952293538 0.979216499141
3723 4693 104 2192 1.50748424714 0.943355042178
3724 4038 49 2122 1.44964903451 0.945747484067
3730 4834 124 1295 1.52655103729 0.92196613654
3731 5740 12 5716 1.57011305072 0.743486821308
3732 5025 15 5000 1.7006614872 0.681585458222
3733 12349 420 5298 1.77739172776 0.96181250356
3743 9731 88 8449 1.58337848236 0.980721224412
3744 11532 84 10384 1.61970633234 0.975814650579
3745 1801 81 640 1.5140885295 0.840699815995
3748 2238 60 852 1.4903707164 0.94550108518
3752 2778 36 1425 1.52282586284 0.973379699509
3753 2327 24 592 1.4040422831 0.850605933129
3758 5967 62 4732 1.67296650012 0.933583117486
3759 5910 35 5122 1.58016642028 0.93117629483
3760 3624 77 1687 1.53959600883 0.878950796416
3761 5316 48 2394 1.55740572299 0.92948225403
3762 2545 40 2104 1.48606773008 0.924958730816
3763 4033 36 3704 1.58481353436 0.959903773066
3764 20647 198 6897 1.57988319497 0.985793617581
3766 1814 22 1007 1.38052389901 0.905906282527
3768 2244 37 1685 1.48033666245 0.962967772795
3769 1685 21 530 1.37830154517 0.830892810428
3770 1297 60 289 1.49907409297 0.888202151311
3773 1105 65 265 1.48321544894 0.756007488496
3774 3927 33 2198 1.65941982235 0.825392084868
3775 4501 39 3492 1.69191033825 0.87895699829
3776 901 86 109 1.53458280303 0.694068929639
3777 3679 46 1674 1.58271736055 0.901640944688
3778 3201 13 3178 1.63066288528 0.713804624225
3779 3847 13 3824 1.67905424328 0.70492168134
3780 3481 61 1348 1.49839798529 0.962306009354
3782 2398 43 1242 1.45762314799 0.944743756526
3784 2718 45 1384 1.44306626651 0.933970501239
3785 2841 44 1177 1.47669902603 0.944155377398
3790 6989 64 5960 1.54116562649 0.93601509203
3791 6430 59 5541 1.75761878824 0.864076071048
3792 46 12 22 1.81395325209 0.932056760259
3793 6573 66 3775 1.51292950749 0.981732182155
3794 4420 36 3760 1.43121554296 0.935264669529
3795 4737 15 4649 1.48032940604 0.919602150087
3796 2092 110 606 1.61138997995 0.970109272262
3800 2794 28 2106 1.45646772435 0.952306337608
3806 5626 45 4463 1.59679480351 0.941140422076
3807 5536 51 3872 1.67074221487 0.889669450153
3808 49 22 11 2.09712888882 0.825810914124
3815 8905 57 4214 1.49502021823 0.947124798143
3820 9126 75 5930 1.56881599816 0.954949667727
3821 8553 122 4964 1.60898191929 0.979455293493
3822 3564 95 2582 1.56643197194 0.905908675063
3823 5808 109 4649 1.62012527809 0.960830793404
3835 4568 36 1471 1.59788823563 0.842730247212
3836 4564 37 2261 1.48314683299 0.942583448941
3837 26 11 6 1.89245769559 0.334658707322
3838 4978 79 1878 1.54164082137 0.98008293395
3843 5033 55 2446 1.53330908139 0.932251901908
3849 7044 106 4935 1.69862016024 0.964152818463
3850 6045 95 1878 1.50033006384 0.951717444881
3852 743 98 213 1.7198203772 0.951138589734
3853 6052 132 2422 1.55218009577 0.973939776948
3855 7388 70 2045 1.57342690763 0.913781109583
3856 6515 59 1638 1.56380454003 0.882534922148
3857 1261 23 687 1.51850403674 0.951594488454
3860 1154 44 502 1.47073371858 0.854863965065
3861 2464 54 996 1.46980310842 0.920290767757
3862 1536 20 777 1.41397080348 0.882061120205
3863 1145 60 209 1.51301210093 0.883442825069
3864 1256 62 220 1.49342312302 0.847848851094
3866 1258 77 338 1.48673010475 0.71630585495
3867 5858 59 3043 1.5335920007 0.934396605529
3868 4929 25 2641 1.50702739584 0.881447549317
3870 15689 211 5973 1.62979515462 0.964746159825
3873 943 61 198 1.52888772087 0.853058914322
3875 1085 27 292 1.44508271184 0.83419970877
3876 1334 93 198 1.52275884817 0.812110845049
3879 1134 105 309 1.5774760056 0.825004366633
3880 4806 64 3944 1.72537510831 0.924337579658
3881 3767 57 3339 1.72814450191 0.938999410682
3884 808 30 329 1.48603290635 0.910066733777
3885 969 26 284 1.44520128241 0.890466614669
3886 2243 64 649 1.5083329716 0.950887637646
3887 1585 55 1021 1.56176073078 0.958958812222
3888 1698 11 1518 1.38836896172 0.97172208202
3889 1013 62 234 1.54536206905 0.910453621983
3893 6404 43 5311 1.64626577333 0.904015893379
3894 6694 30 5379 1.56547378234 0.899986595201
3896 6003 28 3076 1.44405588233 0.957012101359
3900 5207 70 3029 1.47063214195 0.960696520071
3902 8736 60 4360 1.51798613803 0.920619596337
3907 4645 33 2326 1.59632748737 0.880034961609
3908 3146 53 1260 1.54983778277 0.949630585383
3911 6307 49 2215 1.47383922792 0.91447185848
3912 5221 23 5148 1.79137330057 0.730092602421
3913 7262 315 1417 1.68278760191 0.962426838403
3915 2023 56 566 1.48003458091 0.920592612157
3916 1938 54 1223 1.48386779068 0.897780238724
3917 1306 27 832 1.45697284044 0.930819642905
3918 1377 38 975 1.54893322861 0.972061906466
3919 1469 39 1017 1.56415555434 0.978766317096
3923 5522 41 5107 1.632820423 0.948859807093
3924 5684 30 5415 1.62118487963 0.912971521884
3925 21 14 3 2.45393638518 0.6230022337
3926 26 12 4 1.92216513683 -0.318487218079
3927 5996 51 3195 1.69501464007 0.832756080788
3928 6126 232 701 1.64975017129 0.957354791561
3931 986 58 287 1.54985452554 0.901994654036
3933 7910 26 4489 1.46257592583 0.891593445491
3938 8566 78 5568 1.52230304156 0.947981846431
3939 7470 36 5578 1.70534007562 0.773214395395
3940 92 29 20 1.78088307452 0.411511092472
3941 206 33 59 1.63355979185 0.684600293902
3942 4051 43 1563 1.43502570414 0.932141875196
3944 9077 36 8897 1.59527623435 0.898356587291
3945 6584 30 6534 1.92114132754 0.6559260683
3946 1337 38 806 1.55755638049 0.967206116509
3947 1359 113 169 1.51763943016 0.709306131269
3948 1098 50 312 1.48972592318 0.87426300572
3949 1805 107 379 1.59234349329 0.950816364422
3950 1492 92 567 1.56247106191 0.901006144058
3951 1467 36 546 1.49081619533 0.939983782612
3952 1112 64 173 1.51139679988 0.849353851001
3954 1120 94 241 1.59322503811 0.899469238497
3955 1573 125 347 1.56926263492 0.864961321165
3956 6912 38 6291 1.55150529087 0.977632549136
3957 6205 54 4476 1.80130463461 0.79759427041
3958 30 13 6 1.95406871306 0.554055205273
3959 12588 80 8899 1.60831624445 0.942395182686
3960 4345 35 4182 1.67537128924 0.921436765307
3961 3213 14 3139 1.6384693802 0.765869250744
3962 18895 617 4046 1.71424678032 0.960724417086
3965 3590 71 2230 1.55399285679 0.970198056877
3966 3314 69 1827 1.53042114478 0.975197002083
3971 2551 122 716 1.55231805301 0.935782544334
3974 7023 118 5400 1.60596723092 0.932834777134
3975 3613 111 2857 1.78481363019 0.923759287625
3977 2126 88 620 1.57541498525 0.957742569886
3978 3187 60 1150 1.61713060212 0.896925821917
3979 3360 47 1669 1.49193036456 0.951795818685
3985 1543 15 765 1.56616402687 0.804141510509
3990 15 10 4 2.62650667812 0.934534726349
3991 39 14 14 1.93733170708 0.911620733326
3992 3320 15 3007 1.49921742591 0.878613908809
3993 3896 14 3593 1.43925953999 0.932788661179
3994 2904 10 2826 1.37665739776 0.950930382743
3995 1223 68 376 1.58108421284 0.961873478517
3999 2796 54 1767 1.44335771675 0.872015378043
4000 2806 32 1979 1.41745574681 0.929915650272
4005 9702 96 7309 1.56415027584 0.993586718258
4006 6067 76 3173 1.5724780804 0.950459221016
4008 4088 30 4003 1.77770957484 0.81553036933
4009 6002 44 5694 1.52559497026 0.891891614351
4010 6304 14 6231 1.46951421191 0.912920605177
4012 1598 107 345 1.58779402648 0.933350867236
4013 1594 40 398 1.43612425761 0.836070274066
4015 2128 66 1296 1.54273940086 0.955082147505
4016 1662 27 787 1.40448028079 0.907113786797
4018 1200 52 257 1.5184128998 0.893729604854
4021 4728 50 3796 1.66698494966 0.929895559564
4022 5530 29 3945 1.45311414504 0.954723557837
4023 8180 125 7386 1.6153889199 0.865785148738
4024 3914 36 1851 1.61747736069 0.837460757736
4025 2740 45 1199 1.46042812844 0.948672445407
4026 1509 75 307 1.50999650969 0.884624774393
4027 1621 59 426 1.49882279906 0.92069451835
4030 3054 27 1267 1.4064021733 0.922845857542
4035 20 12 3 2.26356777035 0.416716860009
4036 15908 324 5819 1.64068884923 0.968178843664
4040 1639 41 561 1.44746014769 0.885889084937
4041 2241 16 1446 1.35903931045 0.924861076066
4046 9437 53 8362 1.62749666181 0.935626767777
4047 9190 82 8175 1.71188374254 0.94905493951
4048 4833 71 2213 1.63259601145 0.944155255319
4049 2378 83 860 1.49597961341 0.892220704158
4053 2431 26 1665 1.41187271892 0.93788276606
4054 3591 15 2370 1.34571127011 0.909420680734
4059 6121 54 5752 1.63140994844 0.912377272737
4060 10998 37 10794 1.61710502524 0.893050858852
4062 9880 81 2743 1.51724425635 0.908985878905
4065 5419 40 4039 1.45369244324 0.987316357527
4070 5260 32 4788 1.51300327971 0.979128209598
4071 5110 13 4939 1.4511297934 0.927407423043
4074 3820 42 3506 1.55887966238 0.932715119471
4075 5118 24 4671 1.5154251273 0.942212317572
4076 5940 54 5307 1.59405419318 0.980953657179
4077 6678 20 6279 1.52609061517 0.913118897504
4078 771 91 150 1.70417765692 0.937614489128
4079 954 66 155 1.51039508138 0.780242351298
4080 935 37 197 1.43867658202 0.777960370935
4081 1794 63 810 1.48440007527 0.882260694315
4082 932 22 589 1.4002695841 0.780796896609
4083 1205 12 549 1.32941520757 0.771235310238
4084 1045 62 202 1.51336863316 0.85876090933
4085 1479 103 452 1.55449809508 0.852106850357
4086 607 43 119 1.46434487849 0.526297280647
4087 696 54 135 1.55061250117 0.86471534838
4088 1969 25 1709 1.68914432593 0.850651241378
4089 1719 26 1391 1.68443142085 0.853436775121
4090 2606 172 1058 1.70837935083 0.927155994414
4091 3322 138 1894 1.56132751951 0.832517463489
4092 2153 64 693 1.68340758573 0.930825907152
4093 1728 49 448 1.50233268602 0.950604936526
4094 1320 63 187 1.50979924173 0.883622685851
4095 935 31 142 1.4392943655 0.757211182592
4096 1042 38 199 1.45352747635 0.793441309514
4097 1312 42 579 1.53381386057 0.971138561702
4098 1078 22 582 1.45478698836 0.938555443266
4099 1159 49 215 1.5238060346 0.905448692139
4100 1872 44 579 1.43368399149 0.882602654316
4101 864 52 161 1.51155497124 0.851539935776
4102 1118 77 399 1.53492747247 0.824420130782
4103 1471 16 917 1.46736220542 0.916890964728
4104 1747 28 889 1.47021642416 0.968858889617
4105 2520 136 1887 1.76350290806 0.9166145395
4106 1628 56 553 1.66522247042 0.940411947449
4107 9474 153 2535 1.54764124884 0.978982467218
4108 5040 70 1564 1.47080081108 0.962311198127
4109 5273 58 1488 1.4547627795 0.932380893175
4111 6330 60 3481 1.48748779715 0.968856806346
4112 5615 29 2578 1.43587846235 0.927557608786
4117 2469 28 1729 1.63533079458 0.884688882006
4118 3528 36 2143 1.71579816513 0.831459328486
4119 3989 95 2337 1.62809746257 0.99044617256
4120 4133 87 3728 1.75142199433 0.935570417812
4121 4108 56 1280 1.59376867188 0.905563539359
4122 4937 16 4830 1.48727527897 0.941373677306
4123 6272 54 3943 1.50347615805 0.982002237772
4127 1889 42 1234 1.46173878237 0.909078723669
4130 88 19 30 1.68989522957 0.745960088013
4133 3405 18 2915 1.47201477426 0.960761470865
4134 3319 24 2708 1.4917442023 0.963763678959
4135 105 20 55 1.78798600132 0.926359869639
4136 42 14 13 1.90012518239 0.915801460889
4137 3555 58 2289 1.55730603475 0.977769109236
4138 2229 35 1911 1.50995695165 0.953012418092
4139 711 17 571 1.50123287043 0.954710310331
4140 6940 11 6812 1.42552849774 0.926331624947
4141 7142 195 2044 1.58197197312 0.97858101314
4148 856 38 322 1.46188587824 0.811048998584
4151 4349 70 2973 1.55714310261 0.919520599939
4152 3364 64 2528 1.69642725302 0.926848110943
4153 284 49 65 1.70783002411 0.819503237129
4154 222 49 36 1.66104174469 0.444251454414
4155 982 41 202 1.46172506533 0.810520824535
4157 3695 28 3534 1.54412339309 0.914709288536
4158 4804 16 4775 1.69173324208 0.709917059196
4159 2257 82 370 1.4919721335 0.897638325936
4160 6662 215 2351 1.66390442447 0.976693160496
4164 3951 60 2928 1.49470890191 0.937243509178
4167 2422 51 979 1.44109270151 0.905168275999
4168 1192 50 311 1.45393191988 0.78579841153
4170 1763 36 1535 1.72900626412 0.926201189425
4171 2738 44 2476 1.66817906593 0.916222100663
4172 548 32 256 1.61884710053 0.973797143146
4173 1594 18 1523 1.61990653216 0.896567534826
4174 1789 25 1503 1.48328676341 0.971857784302
4175 1144 75 253 1.58745215414 0.942863636984
4176 708 36 185 1.48030783832 0.828489086529
4177 959 58 149 1.51798486452 0.854721023971
4178 1526 61 804 1.48898929334 0.819398786273
4179 978 23 489 1.44281213265 0.923826224887
4180 958 51 244 1.49909310712 0.854432674247
4182 870 51 126 1.46712137984 0.712293926973
4183 1006 64 284 1.56150236504 0.915403745166
4184 2027 50 1395 1.6933742873 0.907742034907
4185 2659 46 1616 1.47861723614 0.968709538428
4186 1633 95 653 1.66423017545 0.975270509771
4188 1467 58 416 1.5965965691 0.955770661809
4189 1125 72 137 1.51634427608 0.821614203434
4190 750 30 266 1.4864399088 0.880188033159
4192 1121 52 642 1.53207385295 0.887851615827
4193 1216 33 585 1.45302181919 0.902662978358
4194 1237 78 169 1.52356206636 0.85301161081
4195 1233 65 197 1.4643272642 0.744803561836
4196 791 57 107 1.49958387153 0.738530152947
4198 2202 71 1011 1.66181635211 0.972004133343
4199 5003 99 1473 1.62634624141 0.960500660261
4200 2401 95 780 1.54563709836 0.94473673431
4201 2292 57 1104 1.52677787194 0.962661971108
4202 4733 97 3384 1.55443257374 0.875649257238
4203 5194 34 4966 1.77266612367 0.811879220574
4204 5059 28 4696 1.72723429349 0.790124476906
4205 5678 77 2534 1.4903499961 0.969452036367
4215 5099 85 2413 1.55346059365 0.975744043511
4216 4073 58 2644 1.54892113479 0.97745944466
4218 1503 79 283 1.49968185318 0.758421230948
4220 5197 46 4966 1.69677728891 0.908608599422
4221 6019 16 5888 1.53108526698 0.889652355413
4222 972 28 685 1.47654307153 0.912251390092
4224 1017 26 176 1.3813132656 0.64033339164
4226 1143 36 727 1.48709218887 0.899016663258
4227 1110 23 546 1.40079546645 0.865237325849
4228 890 30 147 1.43060460392 0.722564403225
4229 1251 43 209 1.44794254233 0.799033487719
4232 1567 45 1159 1.5728919611 0.965285404047
4233 1949 52 1388 1.68062062065 0.966524907545
4234 3487 198 1227 1.60734499451 0.929765284634
4235 1940 35 597 1.55583249034 0.877676736342
4236 2264 35 2132 1.75100379824 0.906835488356
4237 8004 199 2768 1.64914574099 0.972946634183
4247 6137 77 4933 1.58961769313 0.932781175854
4248 5415 69 4244 1.59304342284 0.967838155428
4249 426 43 278 1.71454900889 0.87206282829
4250 3037 112 2085 1.58865119356 0.913052912871
4255 2550 67 926 1.50930024787 0.926170484283
4256 4096 189 1362 1.67506836553 0.964833532302
4267 4664 95 858 1.52471005292 0.929321270478
4270 4131 41 1899 1.47695605365 0.963495974804
4275 5104 131 1393 1.55478830975 0.973895719476
4277 7700 42 7329 1.66831571341 0.894520320633
4278 1342 29 577 1.57135179383 0.914269401617
4289 5376 66 4728 1.48509070969 0.699908804994
4290 5536 40 5222 1.59007333943 0.964602640009
4294 4724 30 2787 1.40578934894 0.958169520363
4295 3956 27 2113 1.39986931923 0.909462737877
4299 2418 30 1232 1.62562340231 0.88114642412
4301 3031 56 2169 1.58448404001 0.961102692733
4302 7567 65 6490 1.50943048973 0.955299018736
4303 8966 50 7981 1.58073559314 0.966684735899
4304 8434 52 7102 1.51656801558 0.98222332516
4305 6676 275 1040 1.68100812524 0.95565104772
4306 3330 74 1383 1.51139119831 0.959961716138
4307 3211 74 1762 1.63516325035 0.986074628054
4308 17890 81 17227 1.54628467279 0.880684789807
4309 7759 27 7699 1.756683123 0.752235183258
4318 12102 212 4606 1.6449870211 0.978872737565
4321 4858 70 1765 1.48394683272 0.966382460022
4327 2790 51 1243 1.54186682738 0.972882688877
4328 4244 144 1340 1.64959371056 0.972844958224
4330 2236 82 709 1.53185011608 0.95377343659
4333 681 37 113 1.43842200765 0.613524780364
4341 4389 27 3987 1.54744672668 0.954701189101
4343 2571 76 1130 1.50115114669 0.907983402664
4344 4003 50 2572 1.44147652294 0.941897540261
4345 470 54 69 1.54834850178 0.63917366149
4346 3180 108 567 1.57059863037 0.916331147453
4347 412 31 180 1.50628655508 0.718715136101
4348 2574 63 646 1.53686926524 0.952936667383
4350 9644 371 1192 1.74055059553 0.949202389739
4360 3324 41 2056 1.73119570725 0.819581593784
4361 1555 35 689 1.48527719005 0.895054691751
4362 5693 35 2209 1.44760460621 0.917827667698
4365 5586 24 5253 1.51138725147 0.950084090894
4366 5532 98 3716 1.57173916681 0.980162356856
4367 3025 27 2158 1.46261630029 0.952622971845
4374 5422 20 5124 1.46982746488 0.969057101155
4377 5247 28 4579 1.49148870369 0.971468115403
4378 5753 27 5363 1.45183848549 0.960779566024
4379 5145 10 4953 1.46151803137 0.845026904763
4380 2261 64 739 1.58654029133 0.971854980779
4382 7139 203 1759 1.72100112545 0.933775859698
4386 4527 45 2113 1.42984004883 0.94136567093
4391 7045 108 2891 1.52727429421 0.980759872972
4394 8831 35 8598 1.53487002409 0.928175967495
4395 7747 19 7662 1.58315501345 0.854573019671
4403 39 16 20 2.32336689082 0.873186495366
4404 142 24 94 1.88406644066 0.909048417443
4405 2042 50 743 1.46728084496 0.926465949442
4409 6557 75 3186 1.54487368365 0.957215097037
4418 5456 93 1532 1.5770268352 0.956384764558
4419 4940 69 2003 1.55716672237 0.965021679109
4424 64 17 24 1.82510956555 0.931669086365
4425 3126 73 849 1.47525456542 0.933409005223
4426 5113 318 968 1.69648319683 0.948398033773
4427 108 10 83 1.61056883114 0.921751569954
4428 4850 20 4806 1.83513288477 0.670509985631
4429 4822 101 2986 1.57541682803 0.974661232608
4430 4757 42 2488 1.42322772224 0.953425162928
4431 7703 21 7438 1.46183987703 0.967805904864
4432 7860 19 7781 1.57703916793 0.856591382725
4433 8798 12 8733 1.54592509985 0.77984095659
4442 6722 111 1686 1.55872320313 0.975979597043
4443 3722 53 1203 1.44803694084 0.939798871562
4444 5091 37 4006 1.45795118547 0.950379288712
4445 2702 56 1380 1.56679552862 0.965369412949
4447 28 17 5 2.37034660077 0.843330010903
4460 5217 22 5151 1.63681787883 0.826835634331
4461 6678 33 6115 1.45871219458 0.970660857136
4462 7186 291 2223 1.77431135065 0.977491688676
4463 539 30 85 1.39366415996 0.143752377658
4466 4934 68 1677 1.62134525533 0.914396813383
4469 1589 34 1047 1.44757563344 0.903151992644
4470 3617 49 1394 1.45066876362 0.952370909059
4476 5892 190 1246 1.59522479011 0.959113465494
4477 5508 84 2939 1.53598234753 0.988740393217
4478 2732 65 1195 1.60323193416 0.969812190218
4479 5254 119 2064 1.5691507435 0.976490557379
4481 4212 24 4068 1.5358880591 0.939314610963
4482 6523 22 6225 1.40633412744 0.923406197545
4483 4657 35 4134 1.50050207584 0.970819871133
4493 10290 102 9476 1.76207178853 0.937734325229
4494 3039 30 1249 1.42995632375 0.951020759766
4496 29 16 10 2.42366028794 0.862470715494
4497 9005 44 8712 1.62387956463 0.926329381784
4500 661 40 184 1.43494506173 0.448573997059
4503 2583 71 688 1.48328411917 0.91798935897
