0 1749 229 301 1.84356564654 0.984304829712
1 1277 271 212 1.83732833799 0.918129153114
2 1726 167 351 1.74314166912 0.973296846208
3 905 274 71 1.92897566008 0.906892376448
4 1189 190 186 1.78261110831 0.955731979337
5 1574 354 197 1.79032067426 0.793617026098
6 59 23 10 1.97874780605 0.849480808416
7 1430 329 119 1.80185398482 0.862098441202
8 1097 311 200 1.87818657357 0.734322647798
9 1335 226 206 1.78401689288 0.937772796507
10 1339 361 245 1.91950193539 0.857930882478
11 1016 243 113 1.86470545462 0.90993335152
12 1532 328 156 1.79112612389 0.811028331614
13 1298 282 120 1.81690899997 0.88937610721
14 1348 158 198 1.75363276559 0.953396803297
15 987 187 139 1.79494822561 0.934647056205
16 826 290 156 2.06046107123 0.877998032584
17 79 22 15 1.81879200091 0.832224956528
18 1417 290 360 1.83139052055 0.884446570014
20 1088 286 145 1.82749076654 0.76883098811
21 1562 146 356 1.70895768744 0.94077681647
22 1289 324 170 1.88543529605 0.892371749093
23 1133 264 110 1.81587314523 0.873231581412
24 1341 277 132 1.80074361789 0.897104185823
25 1033 307 97 1.95160981791 0.887331753597
26 1541 306 218 1.78143721137 0.849804270244
27 1366 183 236 1.79912906411 0.981224590789
28 1189 250 147 1.80947214743 0.857642530664
29 53 11 35 1.95472139688 0.903716396253
30 1105 323 107 1.90851877931 0.869271414553
31 1690 201 440 1.70955439504 0.931557291247
32 1452 309 131 1.76342584524 0.826317299653
33 1363 260 157 1.88368722773 0.963914850992
34 53 27 10 2.27162043118 0.940769607631
35 1296 332 156 1.83480345828 0.807553023554
36 1034 281 44 1.82714574571 0.814290436159
37 2023 318 344 1.7713380015 0.918622032652
38 1384 217 192 1.75296184975 0.885985115035
39 1846 196 366 1.72809752373 0.931889617995
40 1046 289 67 1.86240207559 0.861184625326
41 31 17 5 2.19606959922 0.722030756465
42 88 24 39 2.00361901436 0.994202515251
43 1098 284 216 1.87058021072 0.847311941505
44 1241 323 129 1.85465170267 0.861906953486
45 1329 248 171 1.82843633609 0.934951252368
46 1579 211 243 1.75241055819 0.955328572982
47 1796 365 410 1.80807185434 0.842491692764
48 867 113 205 1.76661598036 0.953363076456
49 998 246 116 1.82909584166 0.861826034288
50 37 14 17 2.19331216203 0.886577100273
52 1361 356 249 1.85991412651 0.811878132054
53 1154 284 115 1.80721278989 0.811702612538
54 30 19 4 2.41813825673 0.735383958561
55 1297 287 139 1.83199576035 0.888101673347
56 1235 262 123 1.82666879958 0.905307163747
57 1326 350 116 1.90149132937 0.894462486421
58 687 90 189 1.82272487557 0.97186162414
59 1272 248 240 1.8695666853 0.91321935171
60 1089 293 114 1.86743733122 0.864767951525
61 1597 191 239 1.78809115372 0.964949706194
62 728 101 151 1.79017779515 0.973448786555
63 1116 186 224 1.80757014351 0.930026900469
64 1040 281 138 1.881458433 0.881043352257
65 1504 210 372 1.77244446109 0.899584778337
66 1146 267 116 1.76513241515 0.766373379854
67 1293 328 183 1.87357966 0.899299192822
68 1027 220 233 1.81000187735 0.8558738691
69 26 19 4 2.73766657675 0.763184847543
70 1331 180 330 1.73907129377 0.892750342033
71 1290 179 294 1.77599409203 0.925223285986
72 1074 212 180 1.78669079368 0.905555617047
73 1242 315 147 1.8101692294 0.752962068973
74 1311 308 102 1.85865687357 0.920756375952
75 1298 198 275 1.79916149921 0.951564101208
76 1243 290 153 1.85183846054 0.902329616891
77 1310 290 94 1.74213982085 0.744648432597
78 1177 299 135 1.87855233181 0.898253549531
79 1215 175 243 1.74821580034 0.895133620893
80 1102 333 117 1.89504519679 0.818383078761
81 1268 289 163 1.84003392369 0.88593600766
82 1581 352 211 1.86821355556 0.881188610171
83 1122 143 211 1.65637972531 0.839698110379
84 1135 270 212 1.8387138858 0.863618288399
85 1191 279 117 1.78220481327 0.795314583129
86 1130 256 116 1.83066671312 0.876213547417
87 1675 164 384 1.7126121096 0.956365434597
88 1153 305 149 1.86346190303 0.871749192991
89 1091 325 91 1.85854226029 0.779090561856
