6 2643 489 0.896193044504
12 1852 304 -0.0994097015345
16 42856 1191 0.988312546926
19 76 41 0.937346677446
23 48 42 0.7968164506
24 51 39 0.981279792651
25 13 11 0.850165868521
37 3380 494 0.840350933678
60 8420 893 0.945672990618
75 4327 251 0.95336649874
79 3612 480 0.982642616628
80 4818 634 0.988940335797
81 5689 1092 0.978866289713
82 4870 776 0.962112269612
83 6462 466 0.953482774091
84 5084 728 0.962438693691
85 6052 555 0.983083601564
86 3701 452 0.958745957797
87 7445 497 0.989568945927
88 8550 1194 0.979706837819
99 1209 277 -0.686542955896
100 2584 430 -0.197290891332
101 2454 651 -1.49379454078
102 2515 430 -0.0862094266906
103 1338 402 -1.5679622323
104 2439 470 -0.349717603208
105 1516 420 -1.4211010485
106 1851 585 0.994885448154
107 2226 463 -0.453159533355
108 2297 402 -0.24085411678
110 14093 860 0.975844269662
139 1333 162 0.94963837284
153 8023 286 0.979421273955
183 29194 439 0.978734275685
184 5673 1081 0.972803976843
187 6558 1239 0.969957360228
191 4919 907 0.94738532765
192 19733 556 0.986944694502
193 10372 893 0.988145778874
194 32809 423 0.990895824556
196 16000 179 0.986141375419
203 13035 660 0.978073751841
208 31388 328 0.970135894536
213 14581 829 0.984737928613
214 36660 263 0.959717074467
244 16754 581 0.981814693977
268 1735 694 0.945063908198
308 2127 408 -0.28307617881
311 1227 393 -2.2311528835
329 28774 1362 0.956784637751
334 95 66 0.789053808536
336 34 25 0.810607250794
341 21 10 0.698035473129
383 47559 1382 0.944064548874
394 27823 1086 0.983897397585
396 15523 795 0.991457804619
397 19432 567 0.965619124961
398 163 54 0.795582027192
407 80137 310 0.979691511901
414 12540 415 0.961661045695
417 6253 235 0.971461693215
418 4035 204 0.967181737683
419 6588 247 0.97344663374
420 1731 415 -0.835695735774
421 3940 234 0.941514023931
425 3150 159 0.939748222162
427 2590 690 -1.08187028781
428 1193 282 -0.603258200679
435 1352 361 -1.32225442897
442 1674 407 -1.04986142088
446 2073 362 -0.107031689624
448 1344 261 -0.0842648952429
449 1762 391 -0.595198828407
454 19 18 1.0
456 23 22 1.0
458 84 75 1.0
459 25 23 1.0
480 18422 403 0.990170462965
485 16777 408 0.989396316024
491 18430 661 0.992519745357
496 17948 605 0.986733847727
503 21389 571 0.990934667378
507 2024 395 -0.394893985127
514 2452 598 -0.868638296365
528 289113 594 0.963941839202
530 180438 271 0.915350655462
532 151544 340 0.93684692325
535 4268 999 0.987952938467
537 442903 283 0.949946271197
538 25455 608 0.992929679685
561 14159 435 0.986443189626
566 31973 281 0.975966533581
572 8773 874 0.961189850073
573 8461 634 0.960426213585
578 7230 503 0.976746756126
593 6432 587 0.990415750496
594 4465 657 0.986622292848
595 1377 222 0.946150203131
596 1363 314 0.95688017252
597 18333 368 0.987888551153
601 33513 567 0.989864264956
602 18645 453 0.987093793867
603 23269 534 0.986857918462
608 30016 602 0.991033357218
610 5116 398 0.971829631582
621 2003 437 -0.539854444127
622 882 195 -0.531009827883
623 1725 489 -1.6436390794
624 1088 373 -2.73602956385
625 1486 384 -1.26601290136
626 1795 391 -0.508960285186
627 2151 407 -0.231878377577
628 1130 251 -0.595702963913
629 2151 413 -0.28610614844
630 1210 443 0.981203055055
633 3117 538 -0.230332492112
644 20622 366 0.983263459922
660 699 37 0.936025603085
685 40270 1058 0.970038565478
691 100 15 0.950255822596
707 16 14 0.853309241909
720 41 14 0.845577575009
722 44339 457 0.986833553563
736 13252 399 0.956127644155
751 5724 1320 0.989678243812
752 5926 993 0.995837761095
753 7772 1076 0.979316589089
754 6482 1329 0.969855060485
755 7401 808 0.951572355797
756 5486 1201 0.982081349541
776 11985 486 0.980452755473
778 125 64 0.906492802384
803 9036 1230 0.976605794009
804 6214 729 0.926681980247
805 4555 878 0.969040837919
806 4451 1130 0.894728337621
808 7354 525 0.968564803087
809 7111 690 0.987384955852
851 19808 1228 0.955908867072
858 1260 323 -1.09165181228
859 1341 260 -0.328984252684
860 904 313 -2.96834317884
861 1424 402 -1.35052471209
862 963 259 -1.08955545738
864 737 230 -1.79597550072
865 1103 291 -1.10252578389
879 5467 755 0.960484988631
886 8919 451 0.974334972529
896 2229 979 0.821311822399
898 77249 222 0.992445749495
905 1727 313 -0.139000549907
906 2863 537 -0.301278090963
907 1968 497 -1.17244953547
908 2769 557 -0.50893565778
910 1392 342 -0.888608928842
911 1900 418 -0.605590201576
912 1657 445 -1.20886894601
914 1106 247 -0.578266659267
928 76838 250 0.975384086759
935 2432 132 0.912088900886
976 14864 634 0.981398789699
995 14389 707 0.989639097915
1012 3479 351 0.949362957373
1027 13337 408 0.989900118276
1031 12083 467 0.979001458621
1032 4787 87 0.965430043234
1055 1988 493 -0.84662443067
1062 847 191 -0.298061695381
1065 1206 352 -1.84569550125
1066 1296 314 -0.754742072553
1067 1476 387 -1.18654769323
1068 2582 380 0.0302620750532
1079 3552 91 0.94880847558
1080 4514 76 0.908588971627
1087 14804 681 0.984337763898
1120 187 25 0.883664813646
1121 7124 935 0.960904911476
1125 54720 656 0.98722049713
1137 6745 687 0.936224687655
1165 7451 923 0.957530701533
1166 7334 650 0.984066335606
1168 5093 935 0.946034507405
1169 9098 590 0.967561146409
1170 7350 1126 0.968018038189
1171 7402 1088 0.979596995831
1172 6793 1027 0.98555294904
1176 4574 996 0.964084075302
1180 2514 541 0.929365470257
1192 1303 383 -1.59642039619
1197 1000 298 -1.5672192704
1198 6599 444 0.974692158905
1216 1123 302 -1.34510488051
1231 22772 236 0.970276297673
1242 3800 372 0.945573597203
1246 9154 295 0.981876621927
1257 644 150 0.931633338244
1272 6989 1007 0.936908776083
1273 2786 324 0.922704656615
1274 22916 350 0.96341569396
1275 7549 957 0.944883394955
1278 40323 332 0.9671201355
1280 108460 245 0.915014521831
1281 22150 240 0.980114487358
1286 117852 274 0.942417293418
1294 105362 424 0.969436321659
1296 2183 72 0.936973739051
1310 26316 1092 0.957067622795
1315 26688 1410 0.977895690016
1320 1318 382 -1.56165764412
1324 1389 314 -0.521256766463
1326 1007 254 -0.957542427003
1328 6871 238 0.979745153174
1332 1413 514 0.964774229205
1338 3257 413 0.964255095814
1343 129474 370 0.940628067568
1361 5311 214 0.965450019832
1365 15829 384 0.993626252908
1391 1831 429 -0.858009043509
1392 1987 538 -0.955639260165
1393 1401 370 -1.39542710248
1395 2040 415 -0.398514000161
1396 2278 556 -0.811347106726
1397 2237 471 -0.589605362464
1399 2037 359 -0.0729328521813
1409 154 74 0.931728685822
1415 11249 426 0.974811038072
1418 9273 626 0.982789048093
1419 101255 210 0.956236554038
1424 22 12 0.828009038364
1430 18936 538 0.983070135834
1436 15673 637 0.991903885792
1438 12151 326 0.979593672007
1445 7768 887 0.989965364403
1469 6821 1014 0.986901797735
1496 12142 668 0.990681975379
1513 1246 291 -0.732696230313
1517 31777 459 0.976278679771
1523 8199 681 0.975167231082
1531 12249 205 0.969385693984
1534 22533 414 0.97706183985
1560 9728 1212 0.97890284378
1564 8009 203 0.89109080788
1574 13670 352 0.991182768899
1577 31867 482 0.985987560043
1578 25602 510 0.983737579373
1588 6321 1123 0.937647888186
1590 8318 1307 0.915595438473
1593 2029 602 0.895169838063
1596 8642 1234 0.929495554866
1610 1024 257 -0.925292458442
1611 1186 347 -1.26661090315
1612 2643 418 0.00484479371751
1614 1496 433 -1.59726044074
1615 2167 505 -0.788040930927
1616 2104 430 -0.445195475346
1617 1240 278 -0.545861796175
1618 1611 519 -2.34420561348
1619 843 233 -0.996912045356
1620 1952 581 -1.78325921077
1621 1907 332 -0.354832821814
1624 43711 329 0.954036846707
1625 7485 790 0.969875041791
1634 16617 539 0.984697718087
1658 9356 265 0.943061706786
1659 1815 390 -0.668913270064
1661 348 70 0.899313928557
1666 6904 213 0.988050779661
1667 2174 184 0.975640411699
1675 3541 243 0.933738160631
1677 1800 537 0.918284888315
1681 11183 241 0.978734199454
1687 10576 283 0.952256007402
1693 8246 439 0.966071999688
1695 12805 293 0.976555239334
1702 24773 332 0.968652665727
1706 10347 177 0.97277695093
1707 8081 334 0.96921574855
1708 11580 531 0.965440789619
1718 7884 486 0.974722114928
1719 5790 470 0.924314248374
1722 7338 318 0.986425880798
1723 49733 1618 0.991801275451
1725 5794 332 0.983785360343
1733 12101 464 0.986050712827
1737 18842 444 0.985407962626
1740 12078 375 0.96604264192
1742 20880 404 0.980403618425
1749 14147 1297 0.967689038549
1760 1082 292 -1.012857786
1775 2540 577 -0.659099763806
1784 1946 368 -0.348841277885
1798 5632 124 0.988105160127
1810 7949 779 0.958429130706
1811 23332 1809 0.984465099586
1814 5476 1263 0.963867094416
1816 8939 1141 0.969497299842
1817 9373 775 0.980162821867
1865 11321 429 0.982628955986
1869 2316 118 0.967089000433
1879 21239 1024 0.980466698742
1893 35796 349 0.984486438689
1895 30960 451 0.992041693989
1899 7958 283 0.985286947372
1902 28604 357 0.989762563518
1903 25444 244 0.981829206552
1904 28835 329 0.979652172848
1917 1347 380 -1.53520341752
1918 1381 363 -0.933545640477
1920 1416 408 -1.59639677303
1925 1683 453 -1.17069272048
1927 1951 433 -0.664578114563
1931 2088 387 -0.200478444708
1932 2209 442 -0.416129822285
1937 2278 485 -0.542046878158
1940 22517 454 0.972525573811
1942 39833 351 0.989654554295
1943 65590 501 0.9890989121
1953 11691 333 0.961715364879
1960 10462 297 0.977772535934
1985 15 10 0.934534726349
1989 2564 154 0.849324223569
1998 317 17 0.905236162318
2026 982 261 -1.07622861934
2028 19 10 0.649601348317
2035 1913 78 0.903454288903
2037 935 34 0.890065797476
2040 2122 58 0.903743666161
2042 5122 153 0.940850392183
2044 2204 123 0.951704996034
2053 2084 75 0.84962160724
2058 3312 119 0.877586642432
2060 3818 168 0.961032476734
2062 507 43 0.900957308508
2071 5191 251 0.966980302516
2076 25084 1673 0.988126711036
2084 19854 729 0.990145155465
2099 6344 682 0.969542190372
2104 21521 418 0.984000797142
2105 8962 354 0.972473081139
2108 17782 517 0.990455401101
2110 14651 430 0.989511225085
2113 14741 437 0.993348361529
2116 556 23 0.927602137691
2137 102 72 0.939884461044
2139 7130 509 0.984396540806
2151 18895 637 0.983371592396
2152 19826 898 0.977667659627
2165 6467 654 0.981332425694
2169 1355 291 -0.440297616176
2172 1166 286 -0.89602539644
2173 1869 468 -0.867177833442
2174 2300 600 -1.50671925149
2175 1083 282 -0.967063057279
2201 1531 434 -1.64596407582
2205 10450 332 0.941758345775
2208 37266 582 0.988963060078
2212 10395 432 0.970289725942
2213 12721 338 0.970648602036
2215 6527 312 0.945139578673
2216 1767 386 -0.5437416132
2217 1531 361 -0.67095114202
2220 14923 420 0.982018958905
2222 7855 445 0.972234571326
2223 1367 374 -1.31555897604
2224 2229 433 -0.363209445924
2225 2166 452 -0.544402885862
2226 1563 362 -0.672170844033
2227 1076 198 0.0396929115615
2228 2014 458 -0.823430130083
2229 2240 344 0.132992134335
2230 1516 419 -1.16676161345
2231 1549 394 -0.921075273337
2232 1603 498 -1.94915758536
2236 9791 450 0.981792813144
2262 15773 877 0.990671897662
2264 13855 849 0.961137107024
2265 14987 818 0.977713666788
2297 6519 214 0.974135667925
2304 10088 365 0.972965328342
2312 1704 274 -0.0279701288324
2317 6603 298 0.978093489918
2318 10076 119 0.976578556942
2326 3825 103 0.940531266193
2334 1609 398 -0.880685763565
2338 1081 264 -0.655197466848
2348 1444 341 -0.739919727102
2352 1346 393 -1.60223091726
2357 615 161 -0.946883068435
2360 1028 503 0.97141635182
2362 2045 501 -0.864202914605
2372 18080 318 0.980735909502
2383 80374 432 0.994134006965
2388 5455 359 0.982731976011
2394 52994 247 0.947643868889
2400 9419 881 0.988888525007
2401 7145 248 0.950076314741
2402 64877 214 0.986097876679
2404 6206 1134 0.976954031901
2406 13617 429 0.971868728497
2408 4613 456 0.95549228788
2412 6052 487 0.949297409828
2413 6107 584 0.907840629903
2427 18147 668 0.988249844406
2430 12787 389 0.970589487596
2431 11236 569 0.973466872755
2433 10238 495 0.974666946719
2437 21360 506 0.987793821056
2441 8092 312 0.985882695896
2469 1246 560 0.978928504161
2470 1585 666 0.940372726878
2471 1893 631 0.967470495104
2472 1355 528 0.984020995941
2475 15 14 1.0
2477 1756 425 -0.910193746161
2478 1525 406 -1.10789525795
2491 54 37 0.876960752181
2492 9114 261 0.978730148931
2494 16177 327 0.988764976937
2500 17852 345 0.974501072671
2502 8604 182 0.966095841305
2505 32 27 0.509090909091
2509 3103 297 0.928359290071
2510 4316 284 0.960986065807
2515 5755 248 0.961899508356
2516 5818 291 0.974857505546
2518 5518 309 0.962958214788
2532 1477 49 0.944045156039
2536 13 11 0.850165868521
2554 6840 222 0.958531619614
2586 30 21 0.717239582328
2595 5001 295 0.976925717397
2610 8653 263 0.968687453444
2621 275 134 0.920857630858
2634 80 24 0.943277557488
2646 45 34 0.289693588018
2647 4900 249 0.962603454746
2660 27632 1236 0.949914202082
2677 19344 393 0.988460780719
2691 44229 325 0.957779903934
2694 26521 773 0.990195293416
2703 10806 458 0.977803052704
2706 85264 345 0.937471084804
2710 5480 209 0.957642175294
2716 16770 529 0.970121204549
2717 9438 216 0.991215942058
2718 8025 362 0.972683331964
2733 6302 243 0.984592080533
2737 6871 472 0.976234531679
2739 6744 894 0.983058998878
2740 64786 1633 0.99372826975
2742 8483 718 0.975880518377
2747 2242 473 -0.696139849013
2752 950 212 -0.322200672848
2754 1598 507 0.985960896226
2757 1582 282 -0.00331053281202
2758 1717 317 -0.243347407657
2767 4200 207 0.957644311998
2789 18129 714 0.991376508948
2795 11434 334 0.984509247566
2832 8032 646 0.981357851196
2835 186 37 0.663315311048
2841 8321 426 0.970467713436
2845 4127 170 0.94198640924
2846 1761 142 0.965277845875
2851 4390 271 0.939063832391
2853 10447 52 0.967288712643
2854 4678 117 0.968802733576
2859 9140 408 0.970989294103
2869 31523 257 0.980107949917
2873 13049 190 0.984611019587
2874 151999 687 0.974540590609
2876 120558 299 0.969311281051
2879 89004 255 0.976122053597
2883 8737 96 0.967157082866
2888 67418 371 0.973120533457
2894 5909 211 0.906187546605
2895 80 14 0.869302273603
2897 6399 214 0.939151274109
2899 1590 276 0.00533920851065
2901 2297 473 -0.503069254482
2902 642 188 -1.44674710253
2906 1055 247 -0.681223848577
2911 1420 307 -0.55483307846
2914 1259 323 -0.931053488573
2916 917 205 -0.388870115317
2918 924 259 -1.13993242222
2922 15550 601 0.980455508082
2948 28582 189 0.970158762185
2950 12345 350 0.981158304986
2951 12441 269 0.988625158161
2968 53856 1224 0.948668413785
2971 22013 947 0.978199408219
2975 1489 371 -0.913316810301
2979 7734 429 0.984423351822
2999 1439 401 -1.64665567376
3000 1418 402 0.980222728774
3007 10055 431 0.979697254241
3032 37778 309 0.991306319005
3033 8006 317 0.967954415959
3034 2502 161 0.979112395696
3078 6261 395 0.974274069147
3079 5278 251 0.967305661616
3099 2186 766 0.937267186954
3112 14898 453 0.984383534324
3118 21 10 0.792121205953
3128 24042 106 0.985515895929
3135 6599 566 0.95993150645
3136 6566 939 0.979103218863
3141 7059 1322 0.987342771395
3150 25974 265 0.956421448905
3172 17489 1357 0.982034944238
3173 11748 1137 0.959475882755
3175 47 15 0.810602549544
3186 31561 431 0.995270980169
3192 65364 277 0.956624961746
3200 15466 243 0.990774755462
3205 2660 240 0.918519890409
3206 3965 265 0.92740111611
3207 5699 276 0.964180753753
3209 6265 316 0.981684936788
3210 3875 245 0.959031443074
3211 1080 135 0.961102154584
3212 4344 231 0.961952015201
3213 3783 312 0.919208443388
3215 30 10 0.803496953962
3220 16926 471 0.976863330913
3228 6306 602 0.987582108108
3229 7345 1481 0.978733509536
3235 6641 1492 0.951326428745
3236 7444 1260 0.969099338276
3237 2829 913 0.970711164731
3238 5773 1184 0.969083629263
3248 1594 232 0.204266999991
3249 1111 256 -0.605877677532
3250 1929 461 -0.747817900123
3252 1593 373 -0.725693092599
3253 926 229 -0.768873103431
3254 1806 283 0.169618764829
3278 17747 575 0.973461537831
3282 24125 283 0.970595711407
3285 18108 607 0.989212304474
3286 12792 517 0.987780128628
3288 98600 248 0.942394344755
3301 65930 280 0.96574483814
3311 21441 467 0.986535926405
3314 16511 499 0.987851844013
3329 1782 371 -0.563141254935
3335 44712 501 0.96269757633
3348 3220 483 -0.00691647661727
3351 4356 89 0.959681801907
3352 6629 915 0.968203167164
3358 1574 270 0.0749014119031
3361 1464 502 0.973664783984
3378 7143 238 0.965460031395
3386 10457 367 0.96632962324
3389 6798 1057 0.920412800777
3407 6859 1785 0.97721360699
3408 45452 220 0.969529024605
3418 6505 922 0.993299798795
3421 7786 938 0.987604322698
3423 7069 422 0.953004459667
3424 36330 570 0.975428318652
3425 13755 565 0.985484575365
3427 3775 757 0.956587004352
3428 6316 1116 0.981559838521
3429 46428 1311 0.973446908531
3435 24209 1358 0.971348424098
3439 25611 1227 0.938742028914
3440 20590 933 0.968061253786
3476 1181 195 0.781194177521
3478 2375 545 -0.812452469918
3479 1724 474 -1.17756575014
3480 1596 356 -0.569455422034
3481 1505 325 -0.544925073409
3483 1731 440 -0.900692418995
3484 1602 508 -2.23396657857
3485 2214 523 -0.722593552227
3486 41 11 0.962344310698
3487 12013 575 0.972017855837
3497 19552 554 0.982062177294
3500 10112 282 0.987730505346
3503 978 219 -0.543876463007
3508 43 14 0.839636965809
3523 44219 259 0.95214554727
3552 3812 279 0.966510534851
3553 22826 308 0.972296748198
3566 6692 202 0.97913151546
3568 2035 646 0.937754804893
3569 4937 1049 0.926217807058
3570 9318 1286 0.94225770903
3575 3971 765 0.888095836952
3576 1935 609 0.976671103445
3587 2194 214 0.926682936873
3610 31 13 0.874955097344
3612 1831 51 0.894985487693
3618 323 34 0.967170117884
3623 33 26 0.764770683467
3633 39 32 0.954602005481
3635 23 21 1.0
3638 42 29 0.691327220732
3656 89831 221 0.95203796513
3683 21548 1368 0.949079181817
3689 47 25 0.508363106571
3696 30 18 0.480300989756
3697 22085 776 0.987424919355
3698 34 18 0.234294864524
3699 25706 978 0.97680135204
3700 224 38 0.969958068229
3704 136808 157 0.969884133712
3717 11745 405 0.962241525979
3727 5987 393 0.955076544011
3728 7565 251 0.982617323994
3733 8818 295 0.957166420952
3736 5026 664 0.935353999654
3737 5907 1566 0.954320790669
3738 4607 454 0.942191096205
3741 7150 1265 0.949769739033
3742 6069 1193 0.957930040494
3747 16957 652 0.990252834325
3759 1463 291 -0.31330266293
3760 1075 312 -1.35829155322
3770 18219 559 0.976577375819
3838 16365 833 0.986101926453
3843 10957 347 0.988268077712
3854 11608 412 0.984172739411
3866 1599 459 -1.53866659114
3867 4827 123 0.947555350779
3868 8025 605 0.986513845117
3869 2306 461 -0.382544755354
3871 1346 339 -0.917610104605
3873 11 10 1.0
3876 1086 316 -1.74437515497
3881 1636 337 -0.446940036701
3882 12452 55 0.96231092956
3885 1327 303 -0.674801198905
3890 6014 946 0.986864894741
3891 2119 453 -0.570427263651
3896 1362 358 -1.08896058567
3937 402 261 0.930000715564
3942 8041 223 0.963475439075
3944 11102 449 0.984266606197
3945 11115 557 0.983429869421
3947 20076 901 0.96785201602
3951 81078 169 0.982153210099
3954 24677 1147 0.981473076618
3955 22725 1270 0.974857185102
3956 22038 991 0.971865960966
3957 25171 1384 0.958477400581
3958 25961 878 0.983815678752
3959 23767 935 0.983085052754
3960 23839 1045 0.985449067444
3961 28295 1084 0.975464147987
3966 34641 499 0.993652537511
3976 18771 147 0.989750299752
3983 561 18 0.899809358991
3984 86040 250 0.879870342433
3989 7946 187 0.979082611363
3992 23577 314 0.959241371454
4002 27342 799 0.966972914668
4013 993 34 0.727991302227
4019 1673 115 0.983674734793
4041 47597 559 0.975254719391
4046 25 24 1.0
4061 12378 421 0.964561473936
4072 430261 315 0.964200828581
4075 70259 400 0.966237192959
4077 35374 335 0.948575985731
4081 2799 500 -0.143880449808
4083 1306 346 -0.969116800818
4086 2992 647 -0.674291102586
4087 1006 309 -1.59518102187
4088 2436 537 -0.677644314784
4091 2051 512 -1.02327406282
4092 14085 369 0.97220856613
4093 5033 300 0.969262885488
4095 18413 468 0.978449015359
4100 34694 696 0.985475830096
4120 10006 272 0.981080318943
4122 3338 178 0.92828186549
4124 5235 251 0.953850558155
4128 5175 219 0.96540841887
4129 5700 198 0.953947102226
4133 4246 318 0.963071463643
4137 2010 102 0.872111553499
4139 6650 169 0.956701575161
4140 11122 220 0.976759439822
4142 7136 113 0.979304138805
4144 779 54 0.688932336154
4145 900 81 0.864359620942
4158 69002 326 0.973813965152
4161 37832 339 0.97572853312
4171 24501 1367 0.994228982825
4173 27027 1418 0.996079497538
4177 4606 596 0.979873778228
4194 1610 130 0.978712221959
4196 2294 361 -0.184240689523
4197 1774 326 -0.143094009215
4199 2539 156 0.96962368152
4201 2699 206 0.964542404292
4202 3105 175 0.893352105842
4203 6233 242 0.960827102071
4204 1416 310 -0.45009380237
4206 1445 411 -1.66268635756
4207 2370 657 -1.57992159773
4208 3698 200 0.978778142319
4209 2283 414 -0.273796088716
4211 2243 545 -1.09996011274
4216 124 43 0.948568060156
4228 30955 292 0.960634199441
4230 7706 287 0.981458587405
4231 14079 488 0.990414114439
4244 6209 153 0.984516231977
4246 6842 176 0.982180679985
4247 1745 64 0.730877623431
4248 8401 129 0.959383078209
4250 5673 85 0.94898354382
4251 4622 158 0.932176147287
4252 6399 1037 0.985768957644
4254 4134 176 0.951516308029
4255 203 40 0.777284792432
4258 6543 1158 0.921906644906
4262 27645 1134 0.992388868511
4266 26306 1197 0.99274191545
4271 1200 278 -0.698402261653
4275 466 128 -0.948732330281
4276 2128 480 -0.609613351919
4277 2317 482 -0.602531292953
4278 1186 215 -0.0705077456394
4287 1280 94 0.936480422254
4291 1704 471 -1.39878095773
4304 29 28 1.0
4312 1537 447 -1.66422470311
4321 21455 229 0.969527413759
4325 1238 423 0.955018361867
4326 99205 259 0.92740493854
4342 6499 982 0.949634110306
4343 60 20 0.664203443702
4345 310649 339 0.918060793593
4382 10149 250 0.982330349099
4387 13166 439 0.986828039363
4390 11949 42 0.922944183339
4391 9757 45 0.944791652326
4394 1174 203 0.845718680411
4405 45 38 0.762292361412
4413 7204 1263 0.986577568694
4414 7184 929 0.992849909223
4420 8562 1439 0.963616839457
4424 61 51 0.866228936204
4427 17 12 0.589627054743
4431 14 13 1.0
4432 51 44 1.0
4434 34 26 0.967976609704
4438 1278 347 -1.36779184987
4442 1407 322 -0.800211677711
4449 3981 142 0.931762903687
4455 1957 365 -0.158888990831
4458 8720 717 0.972346685205
4459 11927 747 0.988267008426
4460 764 180 -0.541826697988
4462 10520 992 0.97370507021
4463 7592 1788 0.856373724439
4464 11109 769 0.992161645499
4465 5588 829 0.947863044246
4466 11160 913 0.983493187457
4470 38 37 1.0
4472 14782 470 0.969211148942
4474 32 29 0.500983939869
4476 105465 350 0.986457094797
4479 20 18 1.0
4491 11875 500 0.948084075782
4494 127 12 0.832636324325
4518 24577 951 0.993837138128
4530 12978 441 0.981371425059
4533 23 10 0.710133585851
4535 3180 241 0.97691035344
4555 2399 553 -0.831680210863
4556 1569 367 -0.624826657583
4557 2070 408 -0.441521121942
4558 1894 436 -0.75775140758
4559 1478 380 -1.06693852596
4560 1007 268 -0.869090558076
4561 1679 305 -0.125007845069
4567 1487 329 -0.725889615961
4568 2029 475 -0.732193706458
4572 4012 288 0.924059263992
4573 7419 204 0.970343417524
4574 6015 287 0.951940960793
4594 1684 444 -1.26272286532
4595 1310 282 -0.42144152429
4597 937 259 -1.33413729763
4598 1311 372 -1.47308350437
4603 116 31 0.965031534438
4613 11632 412 0.977394207762
4615 21 18 1.0
4620 2789 258 0.961101423001
4644 123 54 0.746398518024
4646 96663 114 0.961262965869
4652 22549 301 0.986943131513
4656 8849 1082 0.968476799654
4661 5417 443 0.957370301318
4665 6955 1215 0.925486274992
4669 2797 186 0.979155892992
4670 3517 237 0.964576155297
4672 2373 155 0.952958382951
4673 4869 226 0.990650037683
4674 5024 210 0.986616087341
4677 6072 814 0.987206194581
4679 4438 237 0.955363447914
4680 3469 175 0.976049688415
4684 20090 554 0.990158229864
4691 12943 429 0.984427811824
4692 3540 194 0.941694810693
4695 15 10 0.934534726349
4696 8250 310 0.955988748901
4703 32435 400 0.97084231548
4718 86070 145 0.962902525414
4729 212603 709 0.986631285476
4733 57524 424 0.979986923477
4738 2645 199 0.910685569406
4739 6776 337 0.974909281834
4740 1990 130 0.942751396383
4741 4910 138 0.947711894993
4742 6236 337 0.964516710264
4744 1886 151 0.958011951684
4748 4442 144 0.931445239987
4749 5143 303 0.951998441026
4754 12559 459 0.980687547154
4766 7254 979 0.988224429963
4767 7270 1339 0.978715407225
4799 1440 56 0.94117117783
4802 4401 119 0.906393866785
4804 8190 57 0.919503117926
4806 4020 108 0.923274089874
4807 13217 441 0.965312154154
4809 3447 112 0.972106523251
4815 6987 460 0.973999491934
4821 925 281 0.977490178784
4827 6592 813 0.948113711662
4833 26278 1352 0.975663277681
4835 14783 404 0.974752196532
4837 3973 205 0.955201551353
4838 20658 382 0.974886595455
4839 3167 212 0.933203510031
4841 3142 429 0.976732608688
4843 8898 1087 0.988414062797
4846 4613 703 0.979805507673
4848 1200 388 0.954083114372
4859 36276 306 0.975646804882
4867 2143 464 -0.53794765686
4869 12602 264 0.983452342179
4873 1916 422 -0.581648462262
4880 13343 444 0.977131884229
4923 102717 352 0.989079582025
4930 42 14 0.516734846569
4931 67525 428 0.991352695489
4933 52 13 0.882895114402
4976 16418 752 0.988581561481
4982 505 157 0.942149479159
4983 7256 662 0.980781391155
4984 7093 842 0.966867967571
4985 8831 966 0.990838405527
4986 6918 1024 0.931052404595
4987 4285 553 0.976284634925
4988 7715 587 0.984000874631
4990 6682 432 0.990319867312
4991 7504 1277 0.970930959593
5054 7703 194 0.978794483913
5072 10742 540 0.97232395322
5073 2874 229 0.982828748284
5074 9422 506 0.978422340824
5082 23685 151 0.968544310918
5085 85713 288 0.949988494124
5102 71065 424 0.984192153904
5107 1805 254 0.80873736677
5109 4327 260 0.964445694101
5111 3891 264 0.974186188163
5113 14055 411 0.976180104544
5114 4061 258 0.94668350788
5117 2422 584 -1.03545242507
5120 5488 945 0.949860751456
5121 5795 987 0.94103579775
5122 73926 306 0.987436001563
5132 1326 357 -1.1126208659
5134 2040 541 -1.35030839688
5135 1527 373 -0.964535610134
5137 1213 322 -1.33843410922
5138 2632 661 -1.02451125646
5140 1882 344 -0.368807375098
5172 107 51 0.956475691542
5201 1375 346 -0.993791820943
5206 6885 352 0.970855417523
5209 45807 957 0.992770643242
5210 52208 1018 0.989994602465
5214 54704 824 0.990231647865
5215 43973 735 0.995507838973
5234 80326 380 0.958917932835
5236 62589 299 0.980834221691
5238 89544 342 0.968592614252
5239 17573 207 0.987387077275
5240 17194 469 0.988861002476
5259 30922 1068 0.990214791486
5271 22 20 1.0
5278 8108 303 0.950162859448
5280 6210 266 0.971390217418
5285 6562 360 0.965570516899
5286 6213 1281 0.964398970081
5287 8060 1677 0.96926164556
5288 5236 852 0.995500735536
5289 7230 1415 0.963781965433
5290 4792 631 0.989080210699
5291 9944 1580 0.964032467366
5292 7358 1245 0.987380610677
5293 5796 1391 0.946352300628
5296 6508 1367 0.955055945295
5297 5166 1052 0.939642710362
5299 34756 798 0.995479811249
5301 27657 401 0.969371057533
5325 6973 414 0.992852632058
5331 100116 229 0.946884930623
5335 5976 147 0.946827181036
5340 5362 120 0.968886646173
5344 3125 141 0.925368243812
5358 1839 356 -0.225326060911
5359 2758 548 -0.522202900698
5365 94421 251 0.958293386014
5388 6621 164 0.897916171116
5401 12239 326 0.972975601523
5427 32262 348 0.996211925302
5436 38318 143 0.889381057852
5451 51 20 0.864086995575
5465 4536 115 0.930443625068
5488 1683 474 -1.47598330707
5491 81 66 0.766781241684
5493 2125 435 -0.393901491422
5507 1875 320 -0.0991911941195
5510 1274 372 -1.46928638491
5529 20190 1253 0.983005900257
5557 1570 253 0.0639596087527
5558 1251 392 -2.21865728776
5562 50668 158 0.974680291735
5563 920 307 -2.18545004756
5568 20 19 1.0
5569 1672 244 0.0561086234607
5578 1098 278 -0.85269190529
5581 7618 500 0.980530840593
5582 9656 1041 0.974196127757
5583 5009 479 0.975221671149
5584 6313 1368 0.978489171539
5585 9360 1070 0.976636548516
5586 8861 1064 0.98506554454
5587 6941 1009 0.947562461061
5588 6357 1314 0.977625767103
5590 5243 466 0.977686443821
5593 228 123 0.936842147986
5598 54323 412 0.949568164293
5601 633261 269 0.94417224863
5626 114901 253 0.98827479034
5631 6570 420 0.953481729217
5633 20810 240 0.961988506471
5679 1784 479 -1.18697569267
5680 1751 308 -0.0394311589469
5681 1384 304 -0.550840450445
5682 2552 550 -0.544444281895
5687 986 293 -1.44547359192
5688 1334 444 0.975049618413
5732 3767 191 0.92379012255
5733 15957 471 0.985164495646
5734 5089 163 0.965278416029
5736 2361 640 0.928055298491
5749 10188 435 0.97580405872
5751 430 47 0.602508961471
5753 8061 1870 0.864946416919
5756 1610 30 0.864735013936
5778 368 15 0.906337602512
5779 6704 1444 0.927004209703
5781 21390 1191 0.990756188501
5787 22727 657 0.972125719475
5790 9060 263 0.953874340483
5791 7043 306 0.95970677612
5794 5060 179 0.985648543079
5795 5672 208 0.982120207293
5796 3862 345 0.926693098856
5797 16269 374 0.970002054055
5799 3498 186 0.972528409015
5800 9171 310 0.982968100047
5801 2897 171 0.929442881028
5803 29809 440 0.946881887649
5804 52475 491 0.97559675844
5805 30325 316 0.976413589468
5807 6870 305 0.969158017568
5808 22480 591 0.994701555271
5810 34279 496 0.994295420375
5833 66 11 -0.163557584
5834 39 17 0.960924996052
5840 39855 405 0.980127402823
5849 2676 597 -0.725055587164
5850 15266 113 0.980853404225
5851 7123 193 0.981982435269
5852 4105 123 0.983203228033
5857 1970 49 0.946433988203
5858 1696 256 0.0436336084276
5860 1550 315 -0.236291387825
5864 24732 1208 0.978605055847
5871 2254 366 -0.10214307893
5872 1700 423 -0.958504032669
5874 4551 280 0.988930399786
5875 4191 504 0.928602109681
5876 2632 482 -0.352944251129
5877 3435 491 0.877984598985
5879 1256 245 -0.311509256838
5880 1647 357 -0.541714129699
5883 2196 581 -1.42288013499
5885 2514 412 -0.165531349627
5888 4149 420 0.96747306941
5896 754 263 0.947028225317
5897 1894 495 -1.24558180271
5898 12811 305 0.978876762274
5959 80763 433 0.988866608411
5966 38 23 0.946331453607
5978 9890 148 0.946936614076
5985 2367 227 0.937599264454
5989 12156 90 0.99373906466
5996 97 22 0.972698927569
5997 17 16 1.0
6018 1397 189 0.917362539675
6028 3519 222 0.967164703569
6044 1365 338 -1.04341667586
6049 20 18 1.0
6050 94 50 0.814738382478
6060 1417 357 -0.945480496535
6062 1170 269 -0.732568061829
6068 1329 309 -0.678305917308
6069 1282 295 -0.63356451838
6071 1347 412 -1.88197321088
6075 1095 326 -1.70026400167
6076 8032 1175 0.971418369303
6077 8007 744 0.983780978872
6080 1737 386 -0.623522184922
6081 6394 1006 0.983354460535
6082 1376 347 -0.857446778781
6083 43 24 0.471893476631
6084 3095 364 0.183693519048
6086 939 236 -0.68478001098
6090 45 35 0.532868511823
6109 4947 491 0.969249680917
6110 73687 552 0.974370328933
6114 48722 395 0.955687678327
6115 198 116 0.868072525514
6118 671 112 0.95664218396
6120 33081 276 0.96570362992
6157 18808 330 0.989065060802
6159 91762 204 0.952711537978
6171 2631 558 -0.977918713332
6175 5823 319 0.94755779722
6185 6098 329 0.946863931982
6188 9909 44 0.931816293947
6213 5365 1167 0.932715286665
6227 2036 517 -1.13533481608
6230 2161 414 -0.320485753357
6231 1832 462 -0.855613327201
6232 1234 280 -0.614025110608
6233 1538 415 -1.27635126124
6234 823 206 -0.699305686545
6235 1427 337 -0.852046066331
6237 2036 428 -0.456271105132
6245 4633 290 0.974949088628
6272 14355 442 0.975719785834
6277 13 12 1.0
6303 6369 286 0.984096472293
6362 198 69 0.939684019524
6366 4882 166 0.979732142229
6370 3843 179 0.91244809291
6371 1129 130 0.953646583523
6372 2429 136 0.96096800949
6373 1053 155 0.91126591005
6384 41361 230 0.987079380226
6397 3080 200 0.913397600246
6416 4866 673 0.978171700615
6417 30731 327 0.975315042119
6418 6669 1215 0.966097997482
6420 11617 607 0.981341884139
6421 30007 381 0.96061280123
6422 15598 898 0.982799769752
6423 12362 396 0.95038020868
6437 1419 509 0.967886919607
6438 2239 437 -0.370494348751
6439 44364 369 0.993363518375
6440 2171 354 -0.0263810086271
6441 2414 379 -0.031480246569
6442 646 200 -1.55900392472
6443 1570 272 0.0334425898632
6444 2178 381 -0.282341421823
6445 1476 315 -0.426936125612
6446 1682 362 -0.589365426855
6447 1131 229 -0.232119536129
6449 31 10 0.84315593719
6454 24562 995 0.984054782602
6457 22997 667 0.97726158852
6458 31379 404 0.980524603356
6459 10682 223 0.978325020244
6460 26442 953 0.957401081475
6462 7959 353 0.952378237428
6463 22256 1000 0.968388850143
6464 25 21 1.0
6465 6393 221 0.987686489643
6468 7551 214 0.964153891448
6470 4185 225 0.947204239953
6471 4199 284 0.965847565525
6472 6489 175 0.976983300244
6474 4473 243 0.970124394865
6490 437 45 0.848215310745
6495 1796 506 -1.50994502711
6498 2140 310 0.0689575414093
6507 1084 263 -0.64880902814
6513 1682 551 0.910336847412
6516 82068 233 0.979177570638
6520 100167 340 0.968740052467
6522 12767 307 0.988634790511
6524 81181 269 0.972258353686
6530 15573 222 0.98527731687
6537 13916 115 0.980474144888
6556 7159 576 0.990640832429
6557 6193 1096 0.974592879852
6558 16223 400 0.976107813571
6575 77 26 0.946195461879
6576 17 13 0.667302942375
6590 49525 571 0.995584096373
6611 99851 239 0.965485066662
6617 9858 268 0.985866995085
6619 1852 419 -0.711408717385
6626 30 13 0.987637289575
6627 1357 235 -0.0969878180696
6632 91614 286 0.963045163244
6638 1434 234 -0.182554492288
6639 75 42 0.970285627928
6641 91104 297 0.948978104508
6647 31484 814 0.967490248054
6658 54 15 0.8853010534
6662 1704 404 0.875001262838
6681 67340 438 0.993081321253
6682 58124 478 0.974684627145
6685 14607 116 0.926484755056
6687 146240 496 0.98108365713
6689 126864 240 0.952465276996
6708 435 25 0.939248887111
6721 8395 671 0.985823424807
6722 8255 499 0.978068095664
6723 6535 987 0.973590434059
6726 8029 843 0.954795029186
6727 6775 796 0.908973454791
6732 6991 342 0.96952115979
6741 1650 356 -0.393097384792
6745 2433 508 -0.385715220326
6746 2058 499 -0.765060034823
6747 1665 395 -0.628802015624
6748 1013 329 -2.37444523178
6749 1041 309 -1.474312523
6750 1577 288 -0.0191344449654
6751 2071 405 -0.352855451422
6752 2080 344 -0.0219129205822
6773 1392 33 0.808994335693
6776 8915 438 0.959416323968
6778 2634 227 0.886761974251
6797 4742 262 0.971787164231
6799 4040 268 0.955778364266
6800 4397 150 0.972983963263
6805 2522 417 -0.0957508457301
6809 9005 262 0.954075983154
6811 1549 75 0.91851141804
6822 2887 413 0.040018321445
6845 8364 776 0.988140487239
6846 6154 1148 0.984717428662
6858 8228 825 0.991111704354
6868 5259 396 0.954617723434
6873 22828 842 0.990757294888
6880 13367 464 0.967915977374
6886 782 200 -0.667660597485
6895 1385 334 -0.833562383811
6900 6630 949 0.978195228615
6903 3254 288 0.982579872868
6906 7800 572 0.983044061374
6916 23140 326 0.948745272956
6931 6852 336 0.962953177715
6966 4269 306 0.960538146921
6976 10810 389 0.969450222004
7005 23622 954 0.975415024756
7007 1295 234 0.943542186519
7010 24865 966 0.962386651158
7012 52668 1332 0.974216167813
7014 1544 93 0.942274133719
7017 2660 192 0.931592266664
7020 1032 314 -1.92808288099
7021 1463 340 -0.704834939434
7027 2042 381 -0.32474468305
7028 510 173 -2.84535174645
7029 1399 307 -0.568632728914
7052 66260 296 0.984394957326
7053 84748 478 0.977619909022
7061 15428 144 0.981674312055
7064 41 24 0.672642168699
7065 9642 407 0.976652770136
7085 1110 61 0.945375121467
7090 5304 667 0.968692717528
7091 1895 368 -0.162315180646
7092 1305 345 -1.24302766458
7095 2109 513 -0.9363593219
7098 1518 404 -1.10655523677
7111 2942 183 0.94744801684
7114 1833 357 -0.316921382755
7117 46063 380 0.976227357709
7121 2390 476 -0.355573387575
7127 1663 427 -1.22291038106
7128 15 10 0.934534726349
7132 22 20 1.0
7135 21 19 1.0
7136 2180 428 -0.380497768306
7138 1311 292 -0.568827995346
7139 1455 421 -1.48095494449
7140 1465 588 0.947644422406
7141 1850 394 -0.522218577438
7153 1556 411 -1.11171308218
7154 95446 200 0.928703875916
7163 894 289 -2.14815430647
7164 1489 317 -0.418181751949
7178 50 24 -45.0616690301
7180 475 119 -0.65977220507
7181 98 43 -9.69691775319
7188 42 12 0.97195876295
7189 39 11 0.970819794509
7215 152125 420 0.958930528102
7219 59841 265 0.97652947628
7221 38343 511 0.98412149195
7223 7347 820 0.9840727688
7224 4479 499 0.977401247074
7231 1128 288 -0.793431753332
7234 15832 428 0.977596223854
7235 8824 1235 0.988283934596
7244 19769 984 0.979689085357
7250 1612 459 -1.5449456564
7265 2541 515 -0.416142924297
7266 2184 565 -1.10812680003
7267 1019 265 -0.795684358664
7268 2370 419 -0.179316706948
7270 2493 611 -1.00347571324
7271 1894 569 -1.8888829461
7290 7593 451 0.987798929385
7293 4954 551 0.99540886416
7295 4250 611 0.993259172756
7296 5079 1022 0.98253279535
7297 7909 720 0.992698428863
7299 6021 631 0.981113206544
7324 6541 1351 0.976181197716
7328 5225 302 0.952258937585
7329 65 28 0.907594393259
7334 6362 312 0.964197007969
7335 5567 987 0.993544869676
7337 13415 406 0.985797526824
7341 650 34 0.899154862807
7357 63696 219 0.930083373166
7358 88313 399 0.976468745869
7359 5954 199 0.96661608678
7381 1975 434 -0.521182968954
7394 12285 753 0.980695079937
7395 45966 430 0.965185791449
7408 6233 1546 0.853827642679
7426 8047 786 0.976694697312
7435 6403 440 0.964064438718
7457 7100 523 0.990110854735
7480 1815 464 -1.11883765886
7481 1018 263 -0.931721756856
7483 1759 355 -0.341719379888
7486 1793 508 -1.63925536118
7488 1834 519 -1.48337705609
7501 9204 591 0.97398519747
7548 22237 685 0.977517731121
7557 116 56 0.897250959843
7577 89 32 0.92742019791
7578 52 44 0.78979487039
7579 60932 159 0.92732002849
7581 16300 120 0.921785363153
7582 7300 317 0.975974170344
7586 7037 203 0.982560780027
7590 5063 199 0.955988965269
7597 4653 174 0.9695214164
7601 3607 252 0.975156591302
7604 1606 400 -0.85178293032
7607 1393 454 -2.56100495057
7638 38 13 0.893365038301
7639 18 14 0.3
7644 14954 503 0.99266028269
7646 9613 285 0.95100712478
7672 36 26 0.845325040027
7704 1736 330 0.878281650799
7705 4876 747 0.976078901486
7727 7658 603 0.977790965182
7728 134 23 0.736910213145
7733 93 11 0.825106664761
7752 13371 452 0.972247927235
7753 8280 755 0.986050373533
7754 2393 275 0.911902303341
7755 6333 490 0.986807003878
7756 3182 528 0.988441696078
7757 4628 336 0.981185271205
7758 6632 562 0.98955686564
7759 5143 791 0.980163282384
7760 5610 654 0.943394964374
7761 1844 374 0.95948964086
7762 5614 888 0.985422660403
7764 41620 254 0.96467568122
7782 1549 591 0.962084440587
7783 1550 447 0.992341715434
7785 1097 410 0.975545056622
7786 1439 447 0.985586103274
7787 1379 485 0.974126559884
7788 1034 291 -1.26585530249
7789 1531 503 0.967733155166
7790 1350 347 -0.920502179606
7791 1641 363 -0.662291327936
7792 951 311 -2.26389659342
7823 2732 190 0.929485371145
7824 66027 220 0.974688117821
7846 4035 253 0.959196843771
7860 621 217 0.914437804693
7885 4148 412 0.985872855514
7905 53462 365 0.963628825315
7938 6662 1255 0.952820746246
7944 5898 521 0.991435126411
7945 6303 1100 0.984779332685
7948 1138 306 -1.30272440799
7967 3276 89 0.944461605755
7982 8371 188 0.960079481315
7988 18337 580 0.986771202933
7991 3756 627 0.965728370183
7992 5871 722 0.974156988608
7993 7089 960 0.972906883436
7995 5768 880 0.945726863587
7998 4762 1175 0.956868872955
7999 21970 618 0.980414232303
8002 5019 270 0.940514348972
8005 185 18 0.972818535086
8009 84700 594 0.976183749558
8044 28 17 0.607429403452
8098 4134 188 0.972383943299
8100 36 20 0.981007097842
8104 18895 476 0.981820059934
8106 1191 22 0.920858775452
8120 1748 544 -2.0689516452
8124 6029 290 0.971822966303
8128 1081 290 -1.50139545108
8132 1187 334 -1.48661821133
8135 267 30 0.916879360375
8136 874 284 -1.88036292969
8154 17085 621 0.991589194068
8164 11459 799 0.984193454379
8171 30 12 0.999071170668
8174 657 23 0.618820128388
8204 251854 449 0.950995425498
8205 150574 489 0.964532190077
8230 147 12 0.793629893995
8249 19402 459 0.989379499967
8255 42890 397 0.986715750049
8269 19556 419 0.985028767769
8272 1863 327 -0.216364268119
8273 374 110 -1.30033364477
8274 1644 389 -0.978264133253
8275 1110 274 -0.763424905278
8276 2226 550 -0.857277545736
8277 913 247 -0.935208620885
8279 1240 266 -0.375664974302
8280 2492 578 -0.84674786695
8281 1125 255 -0.47583350222
8283 2019 473 -0.816329219324
8284 1639 488 -1.66209323655
8285 1656 399 -0.735376959543
8287 1427 286 -0.674528264772
8307 5175 284 0.950949490761
8309 3271 276 0.955083511157
8310 7067 257 0.969939708575
8314 5104 298 0.967313391079
8318 2349 667 0.941605224847
8320 1632 538 0.930430278043
8323 10357 1041 0.97813524375
8324 17336 428 0.992378896173
8326 16303 733 0.978597278912
8327 14817 878 0.980106489467
8328 12031 372 0.987794451955
8329 3084 186 0.855055913402
8332 9593 336 0.98460096898
8333 7292 344 0.96007428518
8334 6238 248 0.945706854155
8338 4767 236 0.976466593505
8340 5392 255 0.947047534021
8341 19788 491 0.982307834946
8370 4180 192 0.956956111128
8373 10215 545 0.977606960149
8376 6477 115 0.964775776936
8386 12889 847 0.978707021027
8387 6538 1171 0.993618669143
8388 7079 690 0.976683419613
8389 37519 280 0.949909022842
8390 8126 466 0.964966180375
8391 6175 476 0.928669421745
8403 1201 329 -1.21539525667
8404 1344 334 -0.794209385726
8405 1710 420 -0.851553408527
8408 1804 419 -0.701141354704
8409 10396 194 0.974091242221
8411 1759 445 -0.878167212039
8418 37960 192 0.981087085286
8421 11464 544 0.976229646262
8423 1218 342 -1.26066182896
8437 23090 550 0.98672657089
8439 8650 387 0.972341724413
8443 20447 269 0.977287936231
8448 13961 740 0.985883047939
8454 7900 810 0.98582239079
8455 9051 328 0.96155427425
8463 7758 785 0.981376827519
8466 12108 355 0.9688499884
8467 7448 1149 0.961467581852
8468 8225 772 0.963663809844
8469 7920 914 0.975630602962
8470 7365 721 0.954049720522
8491 33264 121 0.984787591358
8492 72082 275 0.977373142244
8501 63524 193 0.955294272042
8515 26429 1064 0.976250680883
8528 983 297 -1.87106499917
8529 906 221 -0.738212825355
8531 259402 391 0.948974301496
8532 104655 200 0.959584577078
8562 9394 604 0.968634559905
8568 17 11 0.778107021452
8571 35865 456 0.990424683396
8576 11821 431 0.994237988499
8589 6391 304 0.954880988549
8590 7587 1088 0.983673226837
8595 1996 456 -0.699862129811
8596 1322 508 0.964232907458
8599 1439 436 -2.11884432459
8601 1119 273 -0.802222954273
8604 30634 580 0.99271307097
8606 5731 362 0.951479118877
8607 1371 597 0.949330298744
8608 1175 468 0.979207421564
8624 55 51 0.635897672927
8625 26 25 1.0
8633 1640 332 -0.537600971648
8653 655 194 -1.2593755537
8658 39549 392 0.943464770446
8659 1387 398 -1.45621342072
8660 1057 280 -1.09968671358
8663 7660 902 0.992048866347
8665 83175 179 0.957863889705
8689 18239 262 0.949160524729
8693 78317 401 0.973157134943
8720 210831 406 0.916116435566
8759 7413 440 0.99211385237
8792 9529 327 0.988409741071
8795 12165 387 0.980053144768
8796 19459 505 0.95980609691
8798 13671 413 0.990561036547
8800 19941 312 0.98674786433
8804 6308 612 0.969203369086
8807 11324 1235 0.955783509084
8808 8681 1316 0.888925373635
8810 5180 1008 0.876252710307
8811 2231 592 0.931619038528
8812 9705 1273 0.933346799053
8829 6690 320 0.989184262332
8830 7150 313 0.98188424933
8832 1423 639 0.927488735023
8840 2723 480 -0.243444103068
8844 1091 223 -0.425946155482
8845 1645 294 -0.177598960321
8846 1224 272 -0.520778004347
8856 1685 406 -0.705316664106
8859 18643 146 0.951374208255
8873 4178 899 0.965651882372
8917 28 26 1.0
8933 25311 816 0.98895948063
8936 50786 190 0.973933961041
8944 7993 937 0.973709456382
8945 8025 637 0.957486488694
8947 6729 767 0.969432256283
8948 6815 1146 0.97299564938
8949 6298 1076 0.913857719997
8950 8727 1037 0.973424903336
8959 13166 367 0.962123333869
8960 1947 464 -0.839776747676
8961 19226 335 0.972507370799
8962 15150 509 0.989931126058
8970 11632 183 0.965416845142
8973 17375 514 0.988697335451
8987 37589 321 0.947547416392
8990 8864 631 0.973594308809
8991 11170 858 0.982106020144
8992 16820 553 0.987589076344
8994 7612 449 0.979205587452
8995 13657 459 0.985370145823
8997 9463 332 0.970661128688
9020 7481 288 0.980982534868
9025 1812 453 0.980503044325
9033 443 148 0.591361134798
9045 50047 228 0.937108108987
9050 7224 122 0.976826675043
9054 7035 199 0.98308618279
9058 9025 140 0.973455342124
9062 11856 381 0.98399453882
9063 47192 874 0.996952983347
9069 6971 1442 0.982325680713
9070 6782 1322 0.957620050092
9071 38718 358 0.959642964356
9079 80233 323 0.963023918446
9080 13485 744 0.984234997317
9101 1171 124 0.98920314386
9108 1118 309 -1.06788472223
9119 11104 502 0.990534852716
9121 425 184 0.942267246208
9127 7250 821 0.969153852848
9128 7350 1047 0.989057683495
9131 274558 328 0.930098454856
9135 145470 1031 0.956005248285
9137 6792 1318 0.96704446139
9139 15932 419 0.982669574153
9140 5973 1316 0.975309791859
9141 1811 643 0.942938902087
9142 11321 385 0.977049913312
9144 8592 1125 0.988523031079
9146 9737 324 0.978654834045
9148 14441 368 0.979737077585
9150 9275 293 0.976158420342
9152 7164 144 0.976100078703
9153 13139 387 0.990307599452
9154 10305 346 0.974664310808
9155 22315 419 0.985680645222
9171 4105 246 0.93482346153
9172 1698 305 -0.0875228429449
9173 1241 297 -0.774698077503
9176 1428 337 -0.594656463157
9177 1518 658 0.920838739096
9178 1575 379 -0.738930933337
9179 1917 503 -1.30805927257
9180 1750 353 -0.302616625053
9181 2276 423 -0.279363105696
9182 723 223 -2.15249046086
9183 1558 533 0.959114311187
9184 11523 51 0.963165734884
9196 9129 1068 0.937455541581
9200 15361 637 0.991030883596
9202 15238 503 0.987717267927
9205 12682 291 0.991492922031
9206 12733 741 0.975673308358
9208 63 53 0.86690866038
9211 22 13 0.699581599622
9214 15 14 1.0
9215 24038 564 0.97586263419
9238 71124 215 0.962126283558
9241 64820 304 0.976191818579
9273 8758 588 0.982431630685
9292 1044 180 0.976361589022
9294 14747 394 0.982409727184
9299 1895 402 -0.42511715746
9301 7136 854 0.975269826763
9307 2060 395 -0.222311529405
9311 8091 688 0.981821852026
9340 17214 507 0.981911759191
9341 12417 422 0.988184657892
9342 15166 471 0.96836510759
9344 14055 462 0.977906167796
9345 29994 384 0.990235253699
9346 7314 372 0.969363168487
9350 11562 388 0.975776141455
9351 18610 606 0.964368197354
9355 1162 319 -1.21279972668
9364 5813 317 0.970227211984
9366 7009 293 0.969872210464
9368 2185 600 0.954552496381
9369 14358 287 0.968738084368
9373 2344 562 0.972206159708
9377 8257 1255 0.988695263653
9387 1385 295 -0.561734624534
9396 5080 1025 0.922315670867
9399 71062 110 0.91712444363
9400 74921 1035 0.935043035278
9404 1459 291 -0.458968893512
9406 5979 99 0.958042504348
9408 24 18 0.821782178218
9409 1994 345 -0.210952816463
9412 3097 516 -0.216571166953
9413 1201 269 -0.468415972257
9414 1371 376 -1.21524673462
9421 1090 362 -2.32538714757
9422 1872 476 -1.03148059744
9437 3455 198 0.978511670533
9443 78 51 0.589456356565
9444 11 10 1.0
9447 7563 1364 0.981514430436
9452 10959 512 0.989396178822
9456 23429 398 0.966810171355
9469 3828 270 0.967090096438
9471 2444 591 -0.8950071798
9472 1564 382 -0.752548698062
9473 1974 410 -0.44909299354
9474 1500 510 0.971253653554
9475 1970 313 0.109411491556
9476 759 185 -0.697003032538
9477 1079 280 -1.0323677257
9478 831 203 -0.697835610342
9479 1329 361 -1.03732241299
9480 1311 374 -1.45408159428
9481 12465 310 0.983603956011
9483 8470 289 0.959119728866
9486 13452 431 0.975241191283
9487 4568 205 0.959695725282
9488 6489 174 0.973074863751
9490 12891 277 0.953469780665
9491 15801 209 0.970699766612
9493 2968 183 0.96183779321
9495 1439 263 -0.148538135108
9498 3433 195 0.933062346072
9510 12517 796 0.974977347439
9517 10945 537 0.981432191856
9522 13003 341 0.991147334564
9543 6818 265 0.979283490298
9555 970 239 -0.669858899147
9556 54190 502 0.980304437885
9558 582 185 -2.11594428736
9573 16201 638 0.981317513016
9574 5237 1215 0.90020745171
9577 14581 448 0.985761827919
9579 7123 351 0.98102022795
9590 21191 684 0.981013281294
9592 8301 346 0.975452396675
9594 51732 510 0.997556700458
9612 19566 205 0.990026329006
9614 21144 852 0.984128866964
9616 4257 333 0.972908557662
9622 55774 255 0.982350832724
9623 24147 873 0.980766109314
9626 23 21 1.0
9633 42 36 1.0
9634 82 62 0.908337915054
9635 240 163 0.940443359215
9636 27 24 0.488692903905
9639 36 33 0.507866920008
9640 7510 409 0.949994341803
9649 46174 326 0.994306832915
9663 21113 375 0.975011092709
9673 2556 169 0.930779803934
9677 8339 992 0.987732563433
9689 26825 301 0.983205941321
9714 1594 58 0.904722239267
9718 5259 117 0.899720249732
9719 2759 98 0.980205752843
9720 1283 342 -1.27311234564
9722 1908 376 -0.250794792607
9724 1485 319 -0.493925773513
9726 2127 394 -0.210603889063
9727 1590 319 -0.331583678701
9729 1829 480 -0.955229618769
9730 2500 579 -0.765739538097
9732 2216 384 -0.296790856068
9736 857 282 -2.28927182406
9738 1882 474 -1.11893765466
9740 2093 463 -0.615875251554
9741 1145 314 -1.32183173973
9742 1409 343 -0.774450861259
9743 1605 348 -0.418644043699
9752 8559 1297 0.925218535815
9790 89494 323 0.984933712738
9848 6128 225 0.96783089885
9875 15933 416 0.988056848684
9903 173 115 0.935345989958
9911 8778 380 0.965062867794
9913 4947 371 0.935405957185
9927 14960 485 0.972073876483
9941 14979 451 0.988220414081
9945 131394 424 0.977330100659
9954 15768 448 0.970502054079
9966 12748 525 0.966048930834
9973 508 161 0.915109582567
9983 8368 256 0.944120621523
9989 1351 369 -1.13967362681
9990 1508 427 -1.45446881354
9991 1623 408 -1.10284839488
9992 982 278 -1.52918532786
9993 1856 351 -0.23421517952
9994 2128 459 -0.49512900661
9995 1148 317 -1.16353811465
9996 1559 385 -0.822288557133
9997 4920 714 0.982113110805
9998 1664 368 -0.638570537563
9999 1083 237 -0.389184590308
10004 5886 291 0.976434288837
10011 6589 268 0.983355738635
10012 5088 422 0.936639690994
10018 4461 189 0.94043334525
10028 6372 696 0.967349310086
10029 50 40 0.775835621188
10032 14677 985 0.924755758371
10036 88 61 0.937924287408
10042 94622 277 0.980045475823
10043 22 21 1.0
10073 34 29 0.516666666667
10086 181 125 0.916056986459
10087 32 21 0.895218422635
10089 5093 905 0.972894297745
10090 11813 377 0.981929066838
10091 10583 468 0.978891079841
10092 8387 354 0.971531990874
10093 15100 585 0.983308519653
10098 10782 479 0.971004648949
10103 6502 168 0.969434789483
10104 9051 421 0.980354362416
10106 6050 46 0.963472092353
10109 13742 288 0.984974071782
10110 13443 43 0.937833048579
10111 11972 61 0.957636524796
10141 48373 178 0.916106927977
10158 1312 377 -1.32804577834
10159 7966 977 0.978301421275
10160 9301 786 0.973290121012
10161 542 30 0.947323965549
10167 4233 778 0.953347369219
10168 5666 944 0.86542964425
10179 13033 360 0.974871007307
10183 23391 477 0.992894947571
10196 903 32 0.981156618294
10203 47 20 0.883125764291
10211 22835 1032 0.980200247101
10212 145 64 0.84903503974
10214 56 50 1.0
10218 33786 1156 0.97662829159
10224 21072 1108 0.964719221632
10229 4292 191 0.89439774647
10231 1339 361 -1.43737239526
10232 1587 350 -0.681236541909
10235 1713 462 -1.25968364907
10236 2162 418 -0.362014773801
10237 1824 486 -1.32148594827
10239 1282 338 -0.882594419327
10262 90 35 0.958155087238
10287 9929 377 0.972366035292
10291 8989 390 0.975870065328
10327 152 20 0.936764313569
10328 3742 232 0.94740755382
10329 32576 389 0.989335117709
10344 8318 902 0.987269164733
10345 7415 894 0.978119369244
10347 10852 483 0.982624426061
10348 6782 749 0.970226569071
10349 8065 717 0.984387419516
10424 6863 668 0.967364056437
10439 8678 629 0.968323339921
10441 876 282 -1.94567581439
10447 909 300 -2.47509784774
10455 17529 1340 0.933670471268
10457 23023 1199 0.943755780717
10475 1026 334 -2.20157184463
10482 34250 516 0.975902169981
10496 2490 184 0.940755117881
10497 4035 288 0.975526338298
10498 3848 258 0.957173322902
10499 3272 257 0.959942828342
10502 2338 224 0.925345076973
10503 7596 243 0.983718913089
10515 7013 298 0.970066555611
10519 1654 285 -0.110986110104
10521 8132 662 0.962848405972
10524 5591 753 0.984797910358
10527 1661 605 0.970602311075
10534 2225 353 0.0727030691429
10535 1448 258 -0.0722806915902
10536 1485 351 -0.832881815242
10537 1374 292 -0.418451331075
10539 883 220 -0.697491097807
10541 2164 599 -1.43922267952
10542 7693 252 0.979320437158
10556 8984 284 0.972806268957
10557 7803 772 0.973577284755
10558 7687 242 0.989873223304
10605 11971 568 0.977903877266
10610 81348 288 0.984562901491
10612 8839 822 0.985173505912
10614 10423 806 0.984650330488
10618 7514 372 0.97201071396
10620 47236 276 0.961798699151
10621 18780 262 0.987691273555
10661 359 25 0.913885186603
10676 2497 237 0.973006096443
10680 30626 207 0.975969552525
10695 7965 970 0.984978713894
10697 8373 263 0.917689553549
10709 17188 427 0.976010385587
10710 29576 571 0.985225100279
10711 45983 339 0.965357559536
10713 22185 495 0.981418203634
10716 28546 497 0.99499567188
10718 98 65 0.768954600805
10720 59491 533 0.977629106288
10723 28200 816 0.978134660671
10728 23663 1219 0.97844173702
10729 25435 1259 0.981291526566
10730 19774 807 0.96914714182
10731 24461 1081 0.963820072557
10733 6160 1307 0.905526773401
10750 1474 67 0.920646589745
10776 1574 347 -0.573727141925
10780 19 16 1.0
10781 16425 249 0.978241823694
10784 1649 305 -0.246502490953
10793 1251 36 0.88563665514
10806 1650 360 -0.677043919472
10810 49 31 0.910902924069
10830 1143 330 0.912413192107
10848 29 20 0.4774438711
10865 6881 1267 0.973603403862
10867 6656 691 0.991785871254
10868 6787 1453 0.97961542713
10871 6505 514 0.970509944613
10872 5657 89 0.953245041717
10874 26312 932 0.980717178001
10875 7504 546 0.960469673534
10876 7180 623 0.958646542824
10886 43199 547 0.98166275643
10893 5026 408 0.982325577253
10894 5926 567 0.978374953376
10905 5913 439 0.966799245844
10906 4844 599 0.971491156122
10912 31514 658 0.986130492113
10931 7032 803 0.970437365141
10934 47041 1366 0.965688055129
10958 7554 821 0.976039830221
10973 10121 1069 0.987300931497
10974 10422 1095 0.969730642457
10975 8799 913 0.97832951942
10977 11297 1027 0.973374079024
10979 1405 485 0.944166649048
10980 13633 1187 0.96970411889
10988 34 15 0.822587276639
10998 1329 37 0.91330068885
11007 124727 197 0.947233132936
11011 6153 722 0.963459687413
11022 6415 395 0.970537521256
11028 8738 743 0.99091807363
11030 5342 525 0.983420562934
11035 4894 620 0.988855543084
11036 8044 503 0.978716879312
11037 6501 1063 0.993225380368
11038 5456 954 0.981409709701
11039 7561 761 0.981739770977
11045 7856 1542 0.971664056655
11048 18649 737 0.992178242952
11051 1210 310 -0.953778256576
11054 1901 436 -0.727578743556
11059 914 230 -0.813320335958
11060 1017 304 -1.73517579483
11078 1231 239 -0.0938773075962
11119 13913 864 0.981123735816
11128 12119 654 0.969467665769
11138 2379 530 -0.721852922324
11153 8335 399 0.987000811512
11155 2073 579 -1.29156702564
11159 1800 150 0.942057019344
11160 12039 273 0.992733210491
11163 7429 1173 0.961131464342
11164 13261 206 0.972148795563
11195 15044 492 0.978528407168
11221 7472 1318 0.983987305093
11228 4533 123 0.863769744076
11239 5847 1028 0.857729081547
11240 18124 434 0.972086523583
11249 49576 178 0.983091054397
11259 20417 818 0.985912313646
11273 22 16 0.983348454532
11285 27255 380 0.984761341077
11287 14074 181 0.97853078742
11292 11762 646 0.97035488549
11293 12081 1212 0.962731154466
11294 1541 534 0.950103187222
11295 10522 1061 0.97117875143
11328 1816 327 -0.197943578908
11330 2380 470 -0.23714517872
11331 1594 408 -0.978247991307
11333 2121 446 -0.37801563441
11334 1347 425 -1.76975001791
11335 1688 385 -0.594127193642
11337 2378 602 -0.998275735083
11384 3701 944 0.930703614072
11393 18 14 0.673839596878
11395 5395 387 0.964815356171
11396 5358 238 0.943999962848
11424 9799 282 0.983514890152
11425 20 10 0.826280520374
11437 2196 503 -0.663828857952
11445 6260 945 0.991256712956
11466 79 55 0.830014603658
11490 11693 779 0.980405151692
11494 61189 365 0.982652218051
11495 38210 357 0.992350997548
11498 31472 277 0.990244858987
11502 93 31 0.911071374677
11508 1341 376 -1.45618818902
11509 1852 411 -0.495491344092
11510 1645 369 -0.597287670123
11511 2163 375 -0.206730176618
11512 1687 523 0.978766202663
11513 1487 407 -1.28223423372
11514 1125 295 -1.3197540009
11515 1300 295 -0.560729136567
11516 1986 421 -0.429840116184
11517 1522 472 -1.8808957795
11518 7302 200 0.979229722379
11523 4440 252 0.961291422398
11524 5422 248 0.928179691333
11545 8488 353 0.97781956902
11556 8485 174 0.95802992746
11557 2211 95 0.894006044776
11561 6144 171 0.945970874753
11562 20 19 1.0
11564 3811 117 0.905207083869
11565 5427 131 0.983850751688
11566 6223 464 0.976189771266
11567 6823 660 0.953804061233
11568 6223 388 0.958898361858
11569 6537 1121 0.976238529975
11570 8306 917 0.981820266048
11571 5015 616 0.969311305546
11572 6487 518 0.973040191549
11573 6314 413 0.983207289878
11574 956 149 0.411775240052
11575 8993 871 0.97507348005
11576 6936 644 0.985663781717
11578 1001 253 -0.766270997724
11583 1147 316 -1.20514455853
11584 491 153 -1.56848674573
11585 1209 353 -1.6925625229
11595 66 23 0.943557053646
11607 30 29 1.0
11629 17828 572 0.990556260544
11631 1818 252 0.947745209847
11632 41 33 0.793324974225
11634 21 15 0.944002475416
11648 19695 266 0.971008307373
11653 102461 335 0.966114931476
11659 152 26 0.952377385566
11665 8193 441 0.976243578412
11669 27 26 1.0
11692 8218 47 0.958505643
11710 6149 959 0.984413211965
11712 1008 44 0.962745050518
11716 3479 215 0.935008573383
11717 1304 120 0.974890023386
11719 4731 157 0.972952567651
11720 2343 181 0.961852208269
11725 1496 352 -0.587233237748
11738 162 24 0.861556287499
11739 45419 320 0.966118485064
11740 16482 205 0.981128269162
11742 17274 417 0.98586849166
11745 7319 1352 0.980388789403
11746 8900 1185 0.978243324876
11747 6667 1394 0.961503611376
11749 7334 1456 0.975035680648
11753 5908 1102 0.978484960567
11755 29866 219 0.938854512526
11770 3813 446 0.919882413848
11773 21927 343 0.980128888313
11777 11058 308 0.970491481321
11778 15434 644 0.979277647507
11779 8501 374 0.945948009699
11780 31528 487 0.985255104485
11781 6712 192 0.956308874663
11796 17648 311 0.976585315962
11801 2637 652 0.938797990215
11807 12521 942 0.984579271495
11816 39071 388 0.954525513226
11822 736 45 0.902674302174
11826 4363 1041 0.905989240695
11868 26551 421 0.98288470222
11875 13555 563 0.972210222922
11876 9589 1079 0.975314696745
11878 16226 691 0.975453566053
11891 32162 351 0.974961763513
11942 2178 505 -0.753427889862
11946 914 297 -2.45223143391
11947 2318 513 -0.544296357975
11948 2097 428 -0.438246477727
11949 2045 522 -0.91981220321
11950 2058 497 -0.80447173084
11962 4233 288 0.907727985863
11967 7932 351 0.970785748087
11985 1628 163 0.858258152792
11986 9683 379 0.975835133937
12001 16 14 1.0
12003 68 11 0.460383954021
12004 18 10 0.880952380952
12005 682 50 0.832912491302
12006 392 48 0.549282073547
12011 7182 1117 0.969546770059
12012 6326 1065 0.946714110435
12013 9303 796 0.957424762412
12018 9068 854 0.980273003454
12019 4587 590 0.985269116493
12020 5597 695 0.966233549362
12021 8036 1172 0.984261559446
12024 22753 545 0.985207380077
12025 89050 248 0.965215988541
12049 58637 344 0.985262035449
12059 978 195 -0.345346018447
12061 969 263 -1.00394432625
12063 7037 178 0.96681167266
12064 4461 255 0.94155841217
12067 9182 357 0.960804400452
12074 56798 312 0.979034702405
12111 9856 79 0.987654747395
12114 1774 84 0.931364565978
12116 26364 85 0.970115684713
12119 6332 113 0.957164113829
12121 4655 617 0.943302610762
12122 9231 939 0.953782698653
12123 6973 1109 0.991717808043
12124 5219 497 0.979148649597
12125 5905 821 0.988075979227
12126 7212 1245 0.972361413501
12127 7343 903 0.956420830006
12129 7984 1191 0.959469561993
12135 6347 188 0.955268701241
12139 344 201 0.941478122787
12141 188 107 0.925376187998
12142 560 325 0.993995730351
12143 81 60 0.993421586001
12146 39 30 0.952117161242
12147 10791 275 0.972116846604
12149 53 22 0.925124452939
12159 1433 373 -1.16386023627
12160 1193 351 -1.63576537354
12172 44143 775 0.967086740152
12173 14213 445 0.982848956024
12176 12295 488 0.979792372987
12177 11873 388 0.977206391875
12179 10688 471 0.975145115133
12182 585 141 -0.479748715926
12183 21388 647 0.988495613921
12210 15 10 0.547461763004
12215 16784 721 0.990075364079
12220 48229 113 0.964718722774
12232 33 19 0.868677391912
12245 61 51 0.668763925568
12266 1888 530 -1.80084694414
12268 1030 240 -0.433294813977
12270 997 336 -2.6955526401
12271 18527 553 0.985851726853
12272 1882 331 -0.142660744733
12292 3000 494 -0.287871823318
12358 7683 477 0.96564298718
12374 1570 126 0.979656168193
12378 5052 470 0.980885427308
12388 91449 506 0.987210797253
12401 30503 432 0.988139491191
12404 74711 185 0.9625736713
12411 1494 359 -0.722887062761
12412 1151 319 -1.24503658904
12413 1887 384 -0.60151261175
12415 1427 365 -0.912050967491
12416 1804 320 -0.23805071516
12417 1580 332 -0.439145179606
12418 1251 292 -0.62038466939
12419 1885 539 -1.60444464723
12422 2359 532 -0.789032238731
12426 11329 501 0.970373954108
12430 114 19 0.958573948592
12431 5141 636 0.984736270689
12440 7581 1112 0.929819193383
12443 1962 466 -0.841009593736
12444 1581 431 -1.14016987512
12445 797 143 -0.0235153025314
12446 1239 318 -0.979120813532
12447 1360 297 -0.513335913001
12449 970 277 -1.43617648815
12452 1414 365 -1.19095182984
12465 9350 655 0.960686553739
12477 6637 132 0.972790929389
12491 485 48 0.982145535871
12492 4766 666 0.985942001706
12494 2320 449 -0.349333805358
12498 10762 555 0.977411388459
12524 49534 374 0.979081629078
12525 54114 473 0.987151336665
12526 9575 184 0.980268226875
12533 5564 245 0.922437136055
12550 60088 341 0.977726362852
12562 51 25 0.905327071969
12569 57 12 0.869181849355
12570 21167 899 0.993273339851
12579 24915 168 0.964142118727
12580 29242 113 0.979130998575
12582 5311 273 0.958225476744
12584 3623 227 0.974260238313
12585 12501 304 0.957373373621
12587 5132 275 0.973478778292
12588 4235 246 0.979496037498
12590 3196 127 0.985657400774
12591 1924 151 0.90839263452
12593 18823 1602 0.982332933721
12600 14714 1054 0.985451098683
12604 23103 350 0.975702748205
12605 4613 282 0.964097616484
12634 5403 190 0.93059756892
12646 952 239 -0.927183286013
12647 1140 290 -0.932719048693
12650 7323 643 0.956350502372
12651 6915 821 0.977800446923
12657 6875 482 0.970118359102
12672 1770 459 -1.23004648429
12674 1778 455 -1.05233135218
12707 5824 254 0.946637903304
12709 3514 234 0.963343840204
12712 3192 198 0.935927445548
12757 59660 312 0.977592820114
12759 15375 209 0.980891256643
12768 1015 274 -0.978780468806
12771 1044 326 -1.85365855467
12774 1574 492 0.979936482369
12775 889 285 -2.10449178265
12779 1733 376 -0.459589068884
12791 53 41 0.598373247252
12805 8897 138 0.96084759027
12822 10652 575 0.984137851547
12849 12169 982 0.971502540247
12851 7916 781 0.977973420999
12867 38015 380 0.975359779099
12878 7436 463 0.980893999013
12882 1250 136 0.951052629825
12884 1110 123 0.915574618443
12900 16554 521 0.973155101921
12903 7343 1183 0.979428616185
12904 10458 1454 0.969553897388
12906 7257 1361 0.958359517281
12907 9114 285 0.977639717611
12908 6604 985 0.88092473802
12909 8094 879 0.942294155729
12911 7136 988 0.978953371755
12912 8383 1148 0.983530831421
12918 29956 783 0.969592016719
12924 258266 346 0.950543309253
12927 125398 326 0.957665616011
12940 23093 659 0.990073196879
12957 129826 653 0.980824779707
12965 18710 208 0.948336715679
12966 146273 464 0.954372124803
12984 2618 211 0.966258615875
12986 6877 305 0.958671987763
12997 3614 243 0.941257679509
13013 1216 407 0.958790888986
13019 2442 674 0.958939693153
13020 8363 1085 0.937895074469
13026 2429 525 -0.851771448117
13029 1801 498 -1.44310135072
13030 1592 374 -0.548032827709
13031 2150 464 -0.529305789715
13033 736 237 -2.16116158976
13034 1382 377 -1.36928438209
13057 167 85 0.469502931179
13073 6638 346 0.956080864078
13077 12672 445 0.966083768356
13078 194 74 0.959115871802
13097 23131 522 0.988227405396
13106 1606 489 -2.01033399192
13107 57875 560 0.985131319729
13113 56726 467 0.978185212193
13136 1802 487 -1.27049106812
13140 7234 1195 0.929685236697
13141 23423 1524 0.985359554282
13142 32530 1053 0.990295056366
13144 5447 738 0.985361770642
13148 7961 1125 0.982583673651
13155 4060 332 0.966729696397
13158 2944 178 0.907035258474
13159 9250 364 0.979890772868
13161 9577 320 0.975690864614
13162 2652 205 0.958788154023
13164 25289 221 0.987861909212
13169 6624 1532 0.975002496182
13170 7199 1266 0.980966589458
13172 27024 613 0.991861371519
13174 7711 792 0.981508132814
13175 5848 1098 0.980912068696
13178 6919 1249 0.985879163245
13193 15492 346 0.99023157322
13194 8639 175 0.96929908831
13201 11762 416 0.986315164642
13202 41568 404 0.987622447857
13204 28238 192 0.986243140819
13210 10077 216 0.987592763565
13212 10260 156 0.969683583949
13213 62522 132 0.974893264557
13215 1247 261 -0.188445192484
13216 982 278 -1.34371853464
13217 1624 407 -1.15635000795
13218 788 249 -1.83252626291
13219 669 163 -0.562759200977
13220 1131 285 -0.553222868054
13221 478 135 -1.358061611
13222 1597 431 -1.20696913049
13223 2221 591 -1.23060762983
13224 1807 494 -1.28018720681
13226 1365 356 -1.14523940888
13227 1650 352 -0.587555605613
13228 1455 383 -1.20698014667
13229 2074 303 0.103239880357
13230 2869 551 -0.401094650511
13242 9843 240 0.964186171632
13291 5721 212 0.951268947787
13293 3720 246 0.970909676856
13320 4870 194 0.982644824104
13326 21823 136 0.966893767671
13338 87506 941 0.949283316219
13341 85525 1150 0.960920208312
13358 79329 243 0.975973894491
13376 290 50 0.829462697255
13384 262 167 0.88669027873
13386 6129 100 0.957957208449
13398 7280 612 0.980343646147
13399 6829 1160 0.974097790959
13400 6705 1046 0.946150418379
13401 5339 599 0.953900470231
13402 8048 1076 0.962394959354
13403 8149 763 0.982157403838
13404 8705 796 0.982557976426
13405 7794 675 0.967463271489
13407 5505 567 0.955125604855
13408 8754 357 0.962193196988
13415 43 41 1.0
13419 53 36 0.916113679547
13424 5539 498 0.980049271531
13425 7147 1255 0.976553381605
13426 9490 1485 0.958725082509
13428 7287 417 0.964552038694
13429 6115 1280 0.963954177172
13430 7601 1242 0.980406373729
13431 8006 1188 0.978286786331
13433 5734 1088 0.975261448338
13434 9967 1031 0.986250097063
13439 338190 328 0.953411366317
13444 47154 402 0.969651975113
13448 46798 377 0.959785681559
13450 96452 402 0.959157098733
13451 23486 365 0.960044222862
13458 2798 439 0.890315080631
13465 2052 279 0.892697892785
13474 1478 298 -0.366728999289
13476 65 56 0.86727607535
13478 74814 320 0.977879811203
13484 104647 264 0.960416451948
13523 6638 545 0.979049271364
13528 5818 1094 0.924466641326
13530 4116 885 0.896820646291
13536 814 202 -0.713583658904
13537 2310 548 -0.811214436884
13540 1089 280 -0.754977893835
13542 2593 466 -0.25100769735
13543 1910 495 -1.22639544782
13544 1268 257 -0.278359570813
13545 2278 523 -0.688335916867
13548 6668 851 0.974741571327
13590 6638 329 0.972385139516
13592 6688 158 0.955164928097
13596 5044 508 0.987535930761
13597 7688 1184 0.988976748755
13599 4873 500 0.910256399154
13614 6937 1069 0.931752316004
13645 14723 172 0.9784074243
13649 13126 276 0.990830005468
13651 6731 357 0.950603009393
13663 3842 240 0.928804803872
13669 55 11 0.742026705976
13671 45 14 0.823544790266
13679 7672 909 0.948880123151
13680 6680 1187 0.94478183073
13685 3141 94 0.951231867
13686 5187 272 0.967463887021
13687 6051 655 0.981342712242
13690 2941 188 0.938072273011
13691 1192 106 0.856134593301
13693 3785 223 0.956075223415
13695 5128 251 0.964898191195
13699 8054 798 0.983317346358
13700 6633 493 0.992786957987
13702 1438 267 0.926595374924
13704 7525 774 0.979183161651
13707 69809 480 0.950787309608
13708 11942 502 0.971704036741
13713 40335 185 0.881207601928
13735 13375 382 0.988278007503
13738 9866 332 0.97940668604
13747 16395 428 0.988554675564
13750 2877 200 0.967974902484
13758 8950 258 0.98326364043
13767 1300 267 -0.440427155093
13768 1549 510 0.954485449706
13775 1099 382 -3.03612072504
13776 1074 280 -0.92354186901
13777 1243 243 -0.174540946942
13778 1393 292 -0.376746771755
13779 1185 296 -1.1090736181
13780 808 233 -1.10902521106
13781 1828 482 -1.15598139022
13782 1161 355 -1.74108234977
13785 1210 221 0.957247530339
13787 6028 311 0.968277747425
13788 4641 233 0.976563974051
13789 6343 271 0.951504867733
13790 4095 267 0.955248027227
13792 3797 250 0.95289787547
13794 15290 501 0.976489307282
13795 1523 415 -1.28172791471
13796 5538 234 0.967510823048
13810 2260 543 -0.766592486637
13815 745 231 -1.59721221894
13816 2045 322 0.00971629817364
13827 4434 635 0.937880942547
13829 5703 170 0.964167543635
13835 31 26 0.750773228038
13842 105715 332 0.967870491398
13873 5254 208 0.971755816606
13875 11522 458 0.977777860293
13877 2987 179 0.979349881397
13879 6127 184 0.963082926177
13880 4761 280 0.979875608491
13890 93384 355 0.934422625493
13891 10422 220 0.965780883149
13907 15 10 0.980400710871
13909 37625 182 0.985684452576
13937 1497 412 -1.10435653943
13942 1940 511 -1.07221317802
13947 1776 393 -0.733313479019
13951 1453 375 0.988684872276
13955 42 34 0.776315789474
13956 66 51 0.989061520406
13957 38 33 1.0
13959 25 20 0.73722193375
13963 29473 824 0.967470136727
13966 32272 896 0.968422406649
13970 1769 450 -0.973591850316
13971 8569 1254 0.951786084214
13976 75376 217 0.960357179366
13978 900 201 0.934563708995
13979 76817 370 0.978814711444
13980 16972 150 0.967297799786
13982 56789 400 0.98271402088
13984 1631 113 0.879257278092
13996 54 10 0.875155346372
13999 152972 240 0.937910685766
14000 65043 437 0.983166820328
14001 24724 443 0.984808373641
14030 8354 1340 0.972534222678
14031 6227 444 0.975822544149
14032 6987 983 0.974438519153
14033 6924 851 0.963082318582
14090 2043 431 -0.424745631533
14091 1230 325 -1.2788094669
14092 931 308 -2.28764546246
14093 1726 372 -0.60471372362
14094 1451 398 -1.14003254781
14095 1651 350 -0.523884811028
14096 911 260 -1.07327613102
14097 1881 496 -1.18833265977
14098 1615 336 -0.443470097955
14099 2266 443 -0.404224669854
14101 93 43 0.890195975623
14103 3684 216 0.951853943309
14106 210981 490 0.939419371441
14107 1578 481 -2.00906408371
14121 1165 46 0.969516995015
14126 3594 246 0.975953974913
14173 6030 690 0.991230907416
14175 7848 802 0.942904330708
14176 5534 1072 0.954025138831
14177 6951 773 0.985290577083
14181 34 26 0.829112212076
14182 5540 669 0.987073202549
14183 13561 262 0.983281099704
14185 5449 644 0.951092281945
14194 7929 894 0.960111306435
14209 140 66 0.928747349191
14210 1230 171 0.810619180095
14211 4304 316 0.895598443614
14213 3202 230 0.899238665598
14214 5782 578 0.992098773247
14215 5945 283 0.94427226848
14216 3409 283 0.958148014747
14217 9769 138 0.983449270743
14226 36138 381 0.976925780576
14240 15807 459 0.954109388847
14303 1556 340 -0.779661432021
14305 2840 555 -0.445438443415
14330 1820 492 -1.43173314997
14334 1432 364 -0.897798823671
14338 922 293 -2.1418260873
14339 1961 508 -1.02213583543
14342 905 220 -0.54294896617
14343 1492 378 -1.02673831643
14349 111752 123 0.929747819152
14364 115668 380 0.974522640334
14366 107276 329 0.947007520806
14369 48699 411 0.986659532245
14385 6132 217 0.963056260382
14387 8102 220 0.958005798499
14388 6700 199 0.971365079336
14390 3294 96 0.925027186933
14391 8134 118 0.973325389109
14392 17423 182 0.959686091893
14395 2242 395 -0.121657984639
14397 1860 486 -1.02464405103
14401 2362 482 -0.349760277728
14404 2537 578 -0.732283539267
14450 5637 241 0.968418318848
14478 7851 603 0.973445726385
14487 2652 197 0.949192486225
14495 5936 300 0.960593813523
14498 6436 1112 0.980340522692
14500 23 17 0.596925185167
14503 42 19 0.920223841367
14504 25 22 0.481965178956
14505 32 25 0.779600788792
14522 45003 1038 0.973999673989
14544 2463 253 0.986874141363
14548 1962 276 0.96285240926
14550 208480 411 0.971409529305
14553 143898 558 0.990197803521
14556 7315 879 0.984687653541
14558 18505 486 0.988411517976
14564 8877 395 0.978523341838
14577 8434 1017 0.985512300589
14598 1414 325 -0.586909694023
14600 1865 475 -1.22313784956
14602 2665 384 0.0116295174841
14603 1390 378 -1.108638433
14641 7379 1319 0.962049576116
14645 6901 1534 0.934576364644
14698 1334 348 -0.938917711613
14702 1713 438 -1.02060915776
14704 7475 1281 0.92029178441
14714 2453 700 0.907276422049
14715 1893 408 -0.472726011118
14716 2314 120 0.834032118675
14717 1842 408 -0.639302392478
14723 7242 562 0.9719189302
14752 2093 189 0.936186267476
14787 26743 414 0.992479470487
14804 22774 401 0.993705736696
14839 26074 1206 0.962163081488
14840 23821 1287 0.945909347556
14842 23297 991 0.955536368606
14844 25014 1258 0.938791184546
14845 40468 1314 0.919272117414
14847 52743 265 0.976815158931
14848 20625 907 0.985904988569
14859 6911 461 0.94584177068
14878 52840 323 0.986256208286
14882 114418 235 0.987737028588
14883 77374 242 0.935699909915
14886 13263 855 0.979566492059
14887 2980 228 0.947670665761
14889 11617 239 0.971660371068
14891 4960 214 0.952025735187
14892 4327 293 0.959779870783
14893 4314 169 0.926242723219
14895 4241 172 0.940809682417
14896 4816 212 0.963740576618
14897 27499 468 0.979167105324
14899 8272 315 0.965143891185
14903 7619 210 0.985920696582
14915 112621 397 0.965164571212
14916 1701 341 -0.237476384448
14921 1003 265 -1.07429308378
14922 2517 573 -0.846326225791
14923 2139 493 -0.759162572997
14947 27434 740 0.985608783305
14950 47700 301 0.981298842607
14959 8731 486 0.992634535656
14965 10663 679 0.979453622855
14968 33130 842 0.986292383802
