2 675 197 48 512 0.2533 0.0333 0.758164486765 1.10627296535 1.88611098759 -366.598112312 0.86754937852
7 9011 261 2453 16273 0.0214 0.0081 1.01506479271 1.21230473888 1.61212849866 -697.929048887 0.96788719501
8 6159 456 1087 47611 0.0361 0.0045 1.11156919774 1.32901887112 1.60331337547 -1236.00510195 0.864243007059
12 513 97 86 420 0.1558 0.043 0.765573561581 0.981645291916 1.80402533298 -199.29395258 0.938770310327
17 952 289 71 564 0.2258 0.03 0.874964090196 1.17256101005 1.93016205469 -511.230043624 0.910091355422
21 1818 358 180 3211 0.0998 0.0112 0.98415123593 1.25284153785 1.76541963276 -772.468072565 0.824635457869
26 1645 201 239 1385 0.0789 0.0199 0.830792450359 1.13314019052 1.77406129116 -428.904396858 0.960032314119
32 84 27 14 73 0.4804 0.135 0.466473228361 0.730536490323 1.83166740631 -53.6135293634 0.704427079152
34 2687 357 271 7231 0.0955 0.0083 0.926758539897 1.26429201098 1.69864758819 -842.071818277 0.908365807656
37 2380 319 460 7805 0.0633 0.0086 1.14132386536 1.24390201519 1.68105752452 -771.104519765 0.859976063256
40 1630 367 197 2601 0.1022 0.0122 1.08549873362 1.25347012769 1.78778198176 -769.571407989 0.791630025938
44 2231 180 747 4720 0.0417 0.0136 1.07184576669 1.13028757322 1.65533677167 -451.411462786 0.946648374998
45 1058 317 97 524 0.1293 0.0313 0.980936330468 1.18511542006 1.95407463886 -545.922186831 0.886098118485
52 1155 329 200 910 0.0803 0.0217 1.18360617638 1.20937817812 1.88662042941 -611.869978673 0.750546689327
58 695 93 189 345 0.0801 0.0485 0.820601380482 0.969556290292 1.82266898391 -186.718333364 0.968535784279
60 7612 76 2973 25872 0.0513 0.0183 0.807006389572 0.973863938915 1.46962835537 -258.656296674 0.940108925863
61 1413 351 183 1267 0.1138 0.0177 1.12187258279 1.22949626617 1.85646734859 -676.459931438 0.892909477912
71 1682 374 211 1294 0.074 0.0172 1.03701750671 1.24114106143 1.86246892931 -715.599291934 0.886453682571
72 1169 155 211 3663 0.0989 0.0158 0.899958251651 1.09952246677 1.65724415577 -387.642542993 0.819435503498
74 1614 219 243 2056 0.079 0.0163 0.921634046444 1.15563039755 1.74682636512 -484.12703825 0.947089388948
77 1179 267 116 1229 0.1217 0.0192 0.927943424567 1.18091784609 1.82380885802 -535.287994742 0.868872141772
80 1698 172 384 2008 0.0591 0.0182 0.921184058283 1.11120187983 1.71909820154 -394.537142164 0.956157527386
85 1764 232 301 895 0.065 0.0236 0.90688643167 1.14888672993 1.84044675416 -455.81820411 0.986641929689
88 1552 222 372 1686 0.0541 0.0176 1.03270692137 1.15456119048 1.76731243028 -477.862987202 0.888704922628
91 59 23 10 30 0.493 0.2291 0.471752512996 0.676063051244 1.97874780605 -38.5454610915 0.849480808416
94 1365 236 206 1407 0.0937 0.0187 0.947133653475 1.16212602278 1.79325428583 -491.460620043 0.942641024288
96 1626 347 156 2575 0.1106 0.0124 0.968546204796 1.24309897122 1.78198679588 -733.020065604 0.808213866132
103 1226 314 135 898 0.1267 0.0221 0.997730816665 1.20104561302 1.88183832075 -587.25632722 0.904269001139
106 3262 231 1154 7913 0.0282 0.0103 1.11458699141 1.18269333559 1.6459049112 -587.289443191 0.925695885577
113 1941 41 560 16622 0.1453 0.0312 0.618604525945 0.851661766313 1.42957391603 -150.976440514 0.894868270793
115 1606 151 356 1724 0.0604 0.0203 0.874031383619 1.08529070464 1.7164635356 -347.602055524 0.937518289592
116 1323 336 170 926 0.0929 0.0215 1.06247819814 1.21330360378 1.88737415164 -624.337560305 0.890929788609
117 3055 411 425 11548 0.0624 0.0067 1.07204675793 1.29654197175 1.67969258422 -995.468005369 0.828714926663
123 1378 287 132 1590 0.1294 0.0166 0.908362771285 1.19936507219 1.80587400869 -588.316383621 0.90277110099
125 2284 34 1134 21874 0.1019 0.0357 0.746162483289 0.815126896837 1.4005120995 -133.117604347 0.887596501698
127 2580 368 373 10087 0.0591 0.0074 1.0720535887 1.2739589964 1.67777537205 -893.763179831 0.769282058336
128 1616 321 218 2587 0.0847 0.0128 1.05894050647 1.22903799956 1.7721793307 -686.600957728 0.832162124672
131 1327 266 147 1574 0.1146 0.0171 0.90204747886 1.18558762075 1.79722967932 -551.200111944 0.8730683376
135 1210 353 107 938 0.1662 0.0211 1.00558929663 1.22215045303 1.89261770273 -651.929938896 0.847683113133
136 1479 322 131 2598 0.1633 0.0127 0.92600514656 1.22975119456 1.77214501439 -688.782694928 0.828668095632
137 1401 271 157 817 0.0876 0.024 0.90277694709 1.17323897309 1.87280707358 -512.234473378 0.955477302738
138 1366 354 156 1504 0.1283 0.0161 1.07981510487 1.23515080786 1.8386878847 -696.973971787 0.811892643552
140 1083 297 44 1314 0.2867 0.0181 0.71928663456 1.20123748088 1.83051554871 -590.611864769 0.813252762669
142 2116 334 344 2701 0.0656 0.0124 1.05065140612 1.23706490981 1.77295410499 -713.718833954 0.920582913048
144 1448 224 192 2168 0.0841 0.0158 0.901442768372 1.16055184804 1.7447209872 -496.581940369 0.884224250237
147 1187 140 289 1679 0.0607 0.0213 0.936112087784 1.07105609195 1.70930524142 -325.44314464 0.908950375272
149 1098 307 67 999 0.2263 0.0209 0.839437296947 1.1999234048 1.86595706458 -585.001963979 0.861798147823
151 31 17 5 12 0.6979 0.4006 0.373664269592 0.599013242759 2.19606959922 -22.7845881896 0.722030756465
152 1134 304 216 816 0.0765 0.0236 1.19377744994 1.1926454316 1.88908344278 -563.764974172 0.854820370497
153 239 46 53 495 0.2424 0.0529 0.702596911903 0.853631101801 1.67231257414 -112.582785958 0.682183251993
157 1413 259 171 1313 0.1007 0.0188 0.895176861509 1.17698520339 1.81267060273 -526.425698118 0.932337250321
162 1142 210 211 2320 0.0914 0.0158 1.01720945904 1.14988074736 1.73072089939 -474.249480714 0.769213614054
163 1304 273 123 1327 0.1207 0.0184 0.897868048785 1.18643516441 1.81838386863 -551.020595315 0.897656142033
167 1332 266 240 741 0.0666 0.0255 1.01352839322 1.16737413662 1.88238490374 -497.153097462 0.932304903781
170 732 103 151 494 0.0978 0.0395 0.790521658534 0.99511674329 1.79357235975 -214.402143534 0.972647403171
173 860 185 124 629 0.1033 0.0301 0.906166576507 1.10091990812 1.85063966402 -359.018132287 0.911704649879
174 435 76 95 526 0.1487 0.0424 0.781043791218 0.943815462208 1.74085770826 -169.332238895 0.890944263808
184 1282 332 147 1635 0.127 0.0157 1.07452733968 1.22584750312 1.82156960044 -667.480802248 0.767539592401
186 1423 304 102 2752 0.1716 0.0127 0.884009211161 1.22027326113 1.75998658969 -660.620101416 0.821351093201
188 1166 282 212 1149 0.0864 0.0197 1.15712555216 1.18879679996 1.83848244643 -555.337543447 0.851555353162
189 1348 11 681 33035 0.2246 0.0956 0.434898241076 0.584782401308 1.28209707269 -58.174063838 0.416227584704
190 724 170 70 1035 0.2204 0.024 0.779810536366 1.09777901684 1.78183710944 -359.16094721 0.81477034343
194 1092 243 107 1173 0.1347 0.0202 0.89770208298 1.16346359822 1.81639522748 -491.636572595 0.882689562019
195 219 48 59 162 0.1803 0.0821 0.734824970668 0.841994044095 1.81558495052 -97.2112982549 0.925578773414
198 1875 196 326 5833 0.0744 0.0122 0.939995482843 1.14851352816 1.64947993186 -495.696670035 0.894407242982
199 3813 535 335 22573 0.1032 0.0048 1.04238758646 1.35424308291 1.66140677448 -1329.94550812 0.821454627733
200 1321 194 233 2514 0.0865 0.0159 0.966006275858 1.13651403 1.71411762483 -448.008852321 0.895294535025
201 1348 288 212 1213 0.0927 0.019 1.06946107652 1.19396509882 1.83527872315 -569.38630849 0.92117540592
203 327 13 132 1488 0.301 0.0954 0.439159047924 0.61789811603 1.41525490382 -49.3202661651 0.778869550252
204 251 22 81 3055 0.3059 0.0593 0.612107598208 0.725503845859 1.441904587 -79.0290298645 -0.0371938703788
206 1272 200 186 1354 0.1008 0.0201 0.907214309011 1.13172491791 1.77566315988 -425.909149941 0.957043272296
207 693 183 58 769 0.2226 0.0271 0.810191385506 1.10421115352 1.82500803042 -366.368169018 0.816860114344
208 1422 300 139 1511 0.1149 0.0168 0.92088867607 1.20604212487 1.81686230837 -606.630486404 0.889906915608
210 1086 255 113 835 0.1313 0.024 0.920776309715 1.16348800502 1.86171906559 -488.339570606 0.918322983123
211 6418 83 4789 13512 0.0214 0.0184 0.991592879587 0.988974923531 1.50891707096 -262.904251069 0.961331260121
212 24 11 9 10 0.4848 0.4337 0.538856279338 0.524624071792 2.10235135534 -16.1811332396 0.881570196672
217 1441 371 116 1006 0.1204 0.0201 0.959047768322 1.23283448404 1.89091825553 -686.510659791 0.895238355553
218 2875 275 561 6394 0.0567 0.0099 1.02450822136 1.21352741081 1.67968783829 -666.073360017 0.949329560223
220 1370 318 198 1846 0.1029 0.015 1.11991238695 1.22088584394 1.80369113848 -653.651194309 0.824183842175
221 2076 325 287 2443 0.0725 0.0131 0.996882085506 1.2302356441 1.77902530186 -689.117484302 0.942418593383
222 9991 267 4473 41949 0.0163 0.0067 1.1715565536 1.22276606157 1.56207502405 -772.655328112 0.963138279971
224 530 92 120 528 0.1159 0.0395 0.831222483321 0.976967094127 1.76872606667 -197.670760181 0.908696282146
235 1133 194 224 873 0.0669 0.025 0.959733619371 1.11729951863 1.81851671619 -391.474870641 0.931741675798
239 58 14 35 16 0.1854 0.3243 0.620297606984 0.576746657233 2.01208445228 -22.6309470616 0.908185399278
242 1528 348 119 2459 0.1703 0.0127 0.933732200561 1.24272874365 1.78667743334 -730.755618884 0.839487476162
250 7260 533 826 52248 0.0466 0.004 1.03612252641 1.3604310566 1.61212455247 -1425.2838007 0.89853744878
253 913 117 205 740 0.0726 0.0315 0.854889007 1.02560694591 1.76605788135 -252.236138682 0.954757321039
254 521 138 82 326 0.1649 0.0462 0.882052693529 1.03384006087 1.89310555747 -254.719148532 0.912236670146
255 4629 181 1812 32049 0.0314 0.0092 1.08848622766 1.14496241815 1.54021535457 -543.09314409 0.915017866611
256 1404 380 245 846 0.0672 0.0223 1.19982080413 1.23151098481 1.91572725928 -683.374385791 0.858277470661
259 1080 234 233 1215 0.0761 0.0201 1.12846938929 1.15738283733 1.8075518804 -478.65386457 0.846806295389
261 6061 380 1703 10413 0.0251 0.0072 1.17092206087 1.28042454167 1.67885473379 -921.434649998 0.964427780783
265 29 20 4 7 0.7645 0.5653 0.460900802788 0.627327055638 2.5783809623 -18.9994422076 0.783666174465
268 1311 205 275 1033 0.07 0.0226 0.993546424993 1.13059653616 1.80734114885 -419.430310947 0.951154989681
269 5253 294 1510 22676 0.0326 0.007 1.14128128172 1.23786490365 1.60412984701 -795.846773323 0.945314685589
275 1119 222 180 1339 0.1129 0.0195 1.01662086889 1.15027601792 1.79047019738 -463.94795351 0.909858206053
278 1156 336 91 1249 0.2249 0.018 0.986098118805 1.2215718606 1.85237931497 -650.718848845 0.793320343209
281 1769 181 351 1449 0.0565 0.0202 0.89597415561 1.1152283417 1.75595179345 -395.361008982 0.969113089788
285 62 29 10 20 0.4838 0.3028 0.51635836547 0.691680903274 2.15922029885 -40.2950782931 0.904467628818
290 1344 305 153 1345 0.1128 0.0177 1.00600230101 1.20629298676 1.83146598712 -605.762402994 0.895124393837
293 1342 298 120 1397 0.1327 0.0175 0.892649051541 1.20329158017 1.82435507111 -597.031296904 0.889783171276
297 1373 165 198 1237 0.0871 0.0224 0.793300650248 1.09582319618 1.75953765052 -358.748270277 0.952067842086
302 1028 195 139 1121 0.1413 0.0221 0.908982146574 1.12357984999 1.79189417255 -406.776559719 0.93207389565
304 328 12 191 2720 0.2242 0.0971 0.570321511054 0.602104555874 1.37598280329 -49.6375409827 0.538262378749
306 850 305 156 241 0.0827 0.056 1.20136540174 1.145624431 2.07254980766 -462.619976994 0.8770502371
308 86 24 15 80 0.4669 0.1351 0.428663734699 0.710876967621 1.79103216778 -50.1205041138 0.780502083935
313 1378 306 163 1307 0.1069 0.018 0.994154053951 1.20626404368 1.83500058044 -605.183247137 0.901233830297
314 1490 305 360 1462 0.0493 0.017 1.20529032554 1.20822705112 1.82246110696 -612.492979842 0.879440963252
324 1159 302 145 1477 0.1364 0.017 1.0877150646 1.20675503103 1.82013393575 -608.187839957 0.772749034845
328 1202 273 110 1470 0.1585 0.0175 0.909172209601 1.1889076743 1.80761186258 -558.369524787 0.874114505692
332 1132 220 118 1744 0.1655 0.0174 0.85177577667 1.15357509422 1.76290924403 -476.242954826 0.891058797239
334 1403 193 236 1076 0.0754 0.0226 0.89003307451 1.12093916143 1.79489020465 -401.086643162 0.976615814416
338 1740 214 440 2945 0.0562 0.0144 1.07148475559 1.15684798587 1.71235592087 -495.37762838 0.928544183963
342 3029 468 186 24157 0.1661 0.0051 0.930380089545 1.32887472276 1.64449779576 -1192.35715672 0.736118788721
347 5371 515 648 30528 0.0504 0.0046 1.06127441019 1.34955298484 1.63939152435 -1321.96791349 0.868580666539
350 1883 200 366 2327 0.0588 0.0161 0.897785568423 1.14098077386 1.72451905873 -455.456587155 0.931743516715
351 89 25 39 27 0.1797 0.247 0.705646066416 0.688451211562 2.03019499176 -39.639244563 0.967027005956
353 1318 343 129 1303 0.1504 0.0175 1.01270867915 1.22619222219 1.85030297341 -665.938185772 0.85892197273
354 64 22 19 33 0.3435 0.2154 0.613453063312 0.677311989538 1.94478740586 -38.2823372056 0.898731429453
355 1930 392 410 2506 0.0485 0.0121 1.24634442944 1.26463404995 1.79925377954 -810.178124687 0.842218073875
358 1045 260 116 1139 0.1598 0.0202 0.972005545858 1.1744249119 1.82856064108 -518.227245425 0.85877297859
359 1541 294 163 2790 0.1172 0.0128 0.934256403878 1.21435813359 1.7547720072 -643.194216705 0.844142640764
360 47 16 17 16 0.3249 0.3253 0.535090966983 0.604130086459 2.06930850111 -24.3494019916 0.91190137117
361 1435 374 249 1422 0.075 0.0164 1.23780880365 1.24346066545 1.85191284953 -724.697160773 0.805028863713
362 1181 298 115 1343 0.1703 0.0179 0.963002742913 1.20219084111 1.82856787726 -593.960494863 0.844026063818
363 35 21 4 10 0.7202 0.4524 0.343976464393 0.63761452429 2.33525514495 -24.6863579515 0.714685738415
364 26244 111 18651 18405 0.0164 0.0142 1.01679899411 1.04683174487 1.52185140281 -343.703639483 0.988897085605
366 1542 309 120 3294 0.1584 0.0117 0.863821596525 1.22622546306 1.74591891111 -683.917580512 0.815690609486
370 1500 171 278 2410 0.083 0.0171 0.902034832387 1.11268298562 1.70245270108 -401.254577028 0.949472430553
371 1186 319 114 1130 0.1632 0.0193 1.00180478557 1.20976279026 1.85681262531 -614.503392257 0.851249500472
372 1097 295 138 906 0.1381 0.0223 1.07563016987 1.19055492984 1.87213025757 -558.017131259 0.875870920333
373 1099 97 301 5789 0.106 0.0188 0.917371265089 1.01474561977 1.57307828495 -275.752724191 0.836527639055
374 1174 276 116 2191 0.1878 0.0145 0.979001465361 1.19870249594 1.76939553896 -592.466300279 0.771065415187
377 3011 464 482 8900 0.0584 0.0068 1.19061666714 1.31652315174 1.71089264848 -1076.22327175 0.843476468601
378 1348 184 330 1658 0.0534 0.0191 0.992249084326 1.12041647121 1.74509790476 -407.685045338 0.897511005039
379 1307 185 294 1249 0.063 0.0214 0.955480926002 1.11638410125 1.77366967764 -394.984845025 0.911007775058
381 24 11 9 9 0.4675 0.458 0.51089567259 0.542016961152 2.15697337722 -15.3178176144 0.984856585582
382 1924 347 263 3818 0.0918 0.0106 1.07135700872 1.24994952439 1.74660579709 -767.284349303 0.857123028859
383 1448 338 102 1400 0.158 0.0169 0.859564565838 1.22539085673 1.84046344665 -664.060279552 0.906298329096
384 1355 300 94 3438 0.2061 0.0117 0.864254053635 1.2214592802 1.73878471142 -670.275338646 0.737247312487
386 1234 183 243 1458 0.0662 0.0201 0.95471497951 1.11734655094 1.7567815732 -399.301097846 0.897567446824
387 1153 352 117 934 0.1623 0.0212 1.09014625193 1.22145893667 1.89270531049 -649.982909404 0.805022549902
388 1222 318 149 1027 0.1323 0.0204 1.07819847984 1.20689304069 1.86749334931 -604.85662864 0.889084972484
391 939 233 99 1281 0.1721 0.0196 0.921255749861 1.15785191123 1.80138135637 -480.287370781 0.784001109614
393 1596 242 304 2129 0.0705 0.0154 1.01766989175 1.1743113781 1.7559390176 -528.616520267 0.923080772075
394 1272 299 117 2183 0.1749 0.0141 0.950073786148 1.2130765047 1.77956652942 -633.553883347 0.790196275464
400 52 19 16 24 0.3826 0.2684 0.592288036963 0.63982821594 1.98846241177 -31.5067987691 0.966650581666
