	Grid	PDF
0	-5.95343813018	0.002410617719247607
1	-5.947446902418377	0.002431064717497718
2	-5.941455674656754	0.002451682025250478
3	-5.93546444689513	0.0024724710255783922
4	-5.929473219133507	0.002493433112053181
5	-5.923481991371883	0.0025145696888136996
6	-5.91749076361026	0.0025358821706339754
7	-5.911499535848637	0.002557371982992048
8	-5.905508308087013	0.002579040562137978
9	-5.89951708032539	0.0026008893551636085
10	-5.893525852563767	0.002622919820071034
11	-5.887534624802143	0.002645133425842124
12	-5.88154339704052	0.0026675316525085033
13	-5.875552169278897	0.0026901159912208184
14	-5.869560941517273	0.002712887944319274
15	-5.863569713755649	0.002735849025403529
16	-5.8575784859940265	0.002759000759403462
17	-5.851587258232403	0.0027823446826496603
18	-5.845596030470779	0.00280588234294429
19	-5.8396048027091565	0.0028296152996324627
20	-5.833613574947533	0.0028535451236730005
21	-5.827622347185909	0.002877673397710503
22	-5.8216311194242865	0.0029020017161464884
23	-5.815639891662663	0.0029265316852115355
24	-5.809648663901039	0.002951264923037094
25	-5.8036574361394155	0.0029762030597277485
26	-5.797666208377793	0.0030013477374335957
27	-5.791674980616169	0.003026700610422687
28	-5.7856837528545455	0.003052263345153566
29	-5.779692525092923	0.003078037620348253
30	-5.773701297331299	0.0031040251270651182
31	-5.7677100695696755	0.003130227568771836
32	-5.761718841808053	0.003156646661418761
33	-5.755727614046429	0.003183284133512111
34	-5.749736386284805	0.0032101417261875343
35	-5.743745158523182	0.0032372211932835374
36	-5.737753930761559	0.0032645243014153003
37	-5.731762702999935	0.00329205283004805
38	-5.725771475238312	0.0033198085715715636
39	-5.719780247476689	0.003347793331373517
40	-5.713789019715065	0.003376008927913818
41	-5.707797791953442	0.003404457192798295
42	-5.701806564191818	0.003433139970853495
43	-5.695815336430195	0.003462059120200193
44	-5.689824108668572	0.0034912165123280052
45	-5.683832880906948	0.0035206140321697448
46	-5.677841653145325	0.003550253578175285
47	-5.671850425383702	0.0035801370623865444
48	-5.665859197622078	0.003610266410511278
49	-5.659867969860455	0.0036406435619975846
50	-5.653876742098832	0.003671270470108557
51	-5.647885514337208	0.0037021491019962106
52	-5.641894286575584	0.0037332814387760677
53	-5.635903058813962	0.0037646694756014515
54	-5.629911831052338	0.0037963152217375174
55	-5.623920603290714	0.0038282207006358777
56	-5.6179293755290916	0.0038603879500081965
57	-5.611938147767468	0.0038928190219011008
58	-5.605946920005844	0.0039255159827691405
59	-5.599955692244221	0.003958480913549798
60	-5.593964464482598	0.003991715909736482
61	-5.587973236720974	0.0040252230814528415
62	-5.581982008959351	0.0040590045535259835
63	-5.575990781197728	0.004093062465560208
64	-5.569999553436104	0.004127398972010377
65	-5.564008325674481	0.00416201624225489
66	-5.558017097912858	0.0041969164606689684
67	-5.552025870151234	0.004232101826697405
68	-5.5460346423896105	0.004267574554927505
69	-5.540043414627988	0.004303336875161117
70	-5.534052186866364	0.004339391032487458
71	-5.5280609591047405	0.004375739287354806
72	-5.522069731343117	0.004412383915642584
73	-5.516078503581494	0.004449327208733013
74	-5.5100872758198705	0.004486571473582273
75	-5.504096048058247	0.004524119032791642
76	-5.498104820296624	0.004561972224678563
77	-5.492113592535	0.004600133403347003
78	-5.486122364773377	0.004638604938757632
79	-5.480131137011753	0.004677389216797797
80	-5.47413990925013	0.004716488639351032
81	-5.468148681488507	0.004755905624366702
82	-5.462157453726883	0.0047956426059281325
83	-5.45616622596526	0.00483570203432187
84	-5.450174998203637	0.004876086376105446
85	-5.444183770442013	0.004916798114175099
86	-5.43819254268039	0.004957839747833147
87	-5.432201314918767	0.004999213792855028
88	-5.426210087157143	0.005040922781555517
89	-5.420218859395519	0.005082969262854805
90	-5.414227631633897	0.005125355802344071
91	-5.408236403872273	0.0051680849823504535
92	-5.402245176110649	0.0052111594020017695
93	-5.396253948349027	0.005254581677289972
94	-5.390262720587403	0.005298354441135428
95	-5.384271492825779	0.005342480343449241
96	-5.378280265064156	0.005386962051195937
97	-5.372289037302533	0.005431802248454773
98	-5.366297809540909	0.005477003636481944
99	-5.360306581779286	0.00552256893376986
100	-5.354315354017663	0.005568500876107882
101	-5.348324126256039	0.005614802216641728
102	-5.342332898494416	0.0056614757259314235
103	-5.336341670732793	0.005708524192009923
104	-5.330350442971169	0.005755950420439888
105	-5.324359215209546	0.0058037572343705565
106	-5.318367987447923	0.00585194747459322
107	-5.312376759686299	0.005900523999596644
108	-5.3063855319246755	0.005949489685620873
109	-5.300394304163052	0.005998847426711124
110	-5.294403076401429	0.0060486001347703
111	-5.2884118486398055	0.0060987507396108205
112	-5.282420620878182	0.006149302189005687
113	-5.276429393116558	0.006200257448738509
114	-5.2704381653549355	0.0062516195026529765
115	-5.264446937593312	0.006303391352701021
116	-5.258455709831688	0.006355576018990361
117	-5.252464482070065	0.006408176539831121
118	-5.246473254308442	0.006461195971780987
119	-5.240482026546818	0.006514637389690297
120	-5.234490798785195	0.006568503886745126
121	-5.228499571023572	0.006622798574510364
122	-5.222508343261948	0.006677524582970665
123	-5.216517115500325	0.006732685060571255
124	-5.210525887738702	0.006788283174257262
125	-5.204534659977078	0.006844322109511986
126	-5.1985434322154545	0.006900805070393955
127	-5.192552204453832	0.0069577352795728836
128	-5.186560976692208	0.007015115978364942
129	-5.180569748930584	0.007072950426766204
130	-5.174578521168962	0.007131241903484614
131	-5.168587293407338	0.007189993705972153
132	-5.162596065645714	0.007249209150454079
133	-5.156604837884091	0.007308891571957974
134	-5.150613610122468	0.007369044324341255
135	-5.144622382360844	0.007429670780317252
136	-5.138631154599221	0.007490774331479641
137	-5.132639926837598	0.007552358388326432
138	-5.126648699075974	0.007614426380281786
139	-5.120657471314351	0.007676981755716363
140	-5.114666243552728	0.007740027981967186
141	-5.108675015791104	0.0078035685453550704
142	-5.102683788029481	0.007867606951200845
143	-5.096692560267858	0.007932146723840232
144	-5.090701332506234	0.00799719140663742
145	-5.084710104744611	0.008062744561996646
146	-5.078718876982987	0.008128809771372324
147	-5.072727649221364	0.008195390635277808
148	-5.066736421459741	0.008262490773292384
149	-5.060745193698117	0.00833011382406693
150	-5.054753965936493	0.008398263445327027
151	-5.0487627381748705	0.008466943313875768
152	-5.042771510413247	0.008536157125593528
153	-5.036780282651623	0.00860590859543721
154	-5.0307890548900005	0.00867620145743637
155	-5.024797827128377	0.008747039464689084
156	-5.018806599366753	0.008818426389354822
157	-5.0128153716051305	0.008890366022646447
158	-5.006824143843507	0.008962862174819012
159	-5.000832916081883	0.009035918675158645
160	-4.99484168832026	0.009109539371967752
161	-4.988850460558637	0.009183728132549284
162	-4.982859232797013	0.009258488843188329
163	-4.9768680050353895	0.009333825409133264
164	-4.970876777273767	0.009409741754572624
165	-4.964885549512143	0.009486241822612332
166	-4.9588943217505195	0.009563329575248712
167	-4.952903093988896	0.009641008993341324
168	-4.946911866227273	0.009719284076582416
169	-4.940920638465649	0.009798158843464974
170	-4.934929410704026	0.009877637331248402
171	-4.928938182942403	0.00995772359592152
172	-4.922946955180779	0.010038421712164753
173	-4.916955727419156	0.010119735773308778
174	-4.910964499657533	0.010201669891291253
175	-4.904973271895909	0.010284228196611933
176	-4.898982044134286	0.0103674148382846
177	-4.892990816372663	0.010451233983787441
178	-4.886999588611039	0.010535689819010458
179	-4.881008360849416	0.010620786548201366
180	-4.875017133087793	0.010706528393907958
181	-4.869025905326169	0.010792919596918851
182	-4.863034677564546	0.010879964416202415
183	-4.857043449802922	0.010967667128841322
184	-4.851052222041298	0.011056032029966543
185	-4.845060994279676	0.011145063432688049
186	-4.839069766518052	0.011234765668022692
187	-4.833078538756428	0.011325143084820324
188	-4.827087310994806	0.011416200049686362
189	-4.821096083233182	0.01150794094690317
190	-4.815104855471558	0.011600370178346824
191	-4.809113627709936	0.011693492163403329
192	-4.803122399948312	0.011787311338880488
193	-4.797131172186688	0.011881832158918903
194	-4.7911399444250655	0.011977059094897501
195	-4.785148716663442	0.012072996635339674
196	-4.779157488901818	0.012169649285813643
197	-4.7731662611401955	0.012267021568832503
198	-4.767175033378572	0.012365118023749103
199	-4.761183805616948	0.012463943206650636
200	-4.7551925778553255	0.012563501690248299
201	-4.749201350093702	0.012663798063764827
202	-4.743210122332078	0.01276483693281936
203	-4.7372188945704545	0.012866622919309184
204	-4.731227666808831	0.012969160661288764
205	-4.725236439047208	0.01307245481284501
206	-4.7192452112855845	0.013176510043970757
207	-4.713253983523961	0.013281331040433815
208	-4.707262755762338	0.01338692250364515
209	-4.7012715280007145	0.013493289150521165
210	-4.695280300239091	0.013600435713345307
211	-4.689289072477468	0.013708366939625656
212	-4.683297844715844	0.013817087591948796
213	-4.677306616954221	0.013926602447832602
214	-4.671315389192598	0.014036916299571846
215	-4.665324161430974	0.014148033954086724
216	-4.659332933669351	0.014259960232761751
217	-4.653341705907728	0.014372699971286066
218	-4.647350478146104	0.01448625801948838
219	-4.641359250384481	0.014600639241168811
220	-4.635368022622857	0.014715848513928294
221	-4.629376794861233	0.01483189072899414
222	-4.623385567099611	0.01494877079104193
223	-4.617394339337987	0.015066493618015438
224	-4.611403111576363	0.015185064140940539
225	-4.605411883814741	0.01530448730373912
226	-4.599420656053117	0.015424768063037636
227	-4.593429428291493	0.015545911387972473
228	-4.587438200529871	0.015667922259991144
229	-4.581446972768247	0.015790805672652366
230	-4.575455745006623	0.015914566631420768
231	-4.569464517245001	0.0160392101534581
232	-4.563473289483377	0.01616474126741322
233	-4.557482061721753	0.01629116501320316
234	-4.5514908339601305	0.016418486441799704
235	-4.545499606198507	0.01654671061500288
236	-4.539508378436883	0.016675842605216425
237	-4.53351715067526	0.01680588749521939
238	-4.527525922913637	0.016936850377932924
239	-4.521534695152013	0.017068736356181738
240	-4.51554346739039	0.017201550542457516
241	-4.509552239628766	0.017335298058673117
242	-4.503561011867143	0.017469984035915275
243	-4.4975697841055196	0.01760561361419441
244	-4.491578556343896	0.01774219194219006
245	-4.485587328582273	0.01787972417699192
246	-4.4795961008206495	0.018018215483839896
247	-4.473604873059026	0.01815767103585581
248	-4.467613645297403	0.01829809601377619
249	-4.4616224175357795	0.018439495605679507
250	-4.455631189774156	0.01858187500670876
251	-4.449639962012533	0.018725239418792082
252	-4.4436487342509094	0.018869594050356406
253	-4.437657506489286	0.01901494411604383
254	-4.431666278727663	0.01916129483641632
255	-4.425675050966039	0.019308651437663537
256	-4.419683823204416	0.019457019151301717
257	-4.413692595442792	0.019606403213871956
258	-4.4077013676811685	0.019756808866634026
259	-4.401710139919546	0.01990824135525656
260	-4.395718912157922	0.020060705929501894
261	-4.3897276843962985	0.0202142078429086
262	-4.383736456634676	0.020368752352472267
263	-4.377745228873052	0.020524344718317506
264	-4.371754001111428	0.020680990203370195
265	-4.365762773349806	0.02083869407302464
266	-4.359771545588182	0.020997461594806848
267	-4.353780317826558	0.021157298038036544
268	-4.347789090064936	0.021318208673477376
269	-4.341797862303312	0.021480198772996374
270	-4.335806634541688	0.021643273609205673
271	-4.329815406780066	0.021807438455112477
272	-4.323824179018442	0.021972698583757132
273	-4.317832951256818	0.022139059267849818
274	-4.311841723495195	0.0223065257794057
275	-4.305850495733572	0.022475103389372135
276	-4.299859267971948	0.022644797367258416
277	-4.293868040210325	0.02281561298075301
278	-4.287876812448701	0.022987555495344997
279	-4.281885584687078	0.023160630173937925
280	-4.275894356925455	0.023334842276460918
281	-4.269903129163831	0.023510197059474176
282	-4.263911901402208	0.023686699775774752
283	-4.257920673640585	0.023864355673995048
284	-4.251929445878961	0.02404316999819817
285	-4.245938218117338	0.024223147987471456
286	-4.2399469903557145	0.02440429487551435
287	-4.233955762594091	0.02458661589022459
288	-4.227964534832468	0.02477011625327648
289	-4.2219733070708445	0.024954801179702384
290	-4.215982079309221	0.025140675877464512
291	-4.209990851547598	0.025327745547024397
292	-4.2039996237859745	0.025516015380913526
293	-4.198008396024351	0.02570549056329184
294	-4.192017168262727	0.025896176269511028
295	-4.1860259405011035	0.026088077665668282
296	-4.180034712739481	0.026281199908160458
297	-4.174043484977857	0.026475548143232403
298	-4.1680522572162335	0.026671127506520707
299	-4.162061029454611	0.026867943122600754
300	-4.156069801692987	0.027066000104519112
301	-4.1500785739313635	0.027265303553333186
302	-4.144087346169741	0.027465858557640825
303	-4.138096118408117	0.02766767019310882
304	-4.1321048906464934	0.027870743521998104
305	-4.126113662884871	0.02807508359268556
306	-4.120122435123247	0.02828069543918344
307	-4.114131207361623	0.028487584080648644
308	-4.108139979600001	0.028695754520902284
309	-4.102148751838377	0.02890521174793364
310	-4.096157524076753	0.029115960733404365
311	-4.09016629631513	0.02932800643215398
312	-4.084175068553506	0.029541353781693935
313	-4.078183840791883	0.02975600770170923
314	-4.07219261303026	0.029971973093545264
315	-4.066201385268636	0.0301892548396987
316	-4.060210157507013	0.030407857803306796
317	-4.05421892974539	0.030627786827627457
318	-4.048227701983766	0.030849046735520615
319	-4.042236474222143	0.031071642328925623
320	-4.03624524646052	0.03129557838833481
321	-4.030254018698896	0.03152085967226741
322	-4.024262790937273	0.03174749091673465
323	-4.01827156317565	0.03197547683470858
324	-4.012280335414026	0.03220482211558352
325	-4.006289107652403	0.03243553142463827
326	-4.00029787989078	0.03266760940249027
327	-3.994306652129156	0.03290106066455314
328	-3.9883154243675327	0.03313588980048969
329	-3.9823241966059095	0.03337210137365667
330	-3.976332968844286	0.03360969992056001
331	-3.9703417410826622	0.033848689950292075
332	-3.964350513321039	0.034089075943977996
333	-3.958359285559416	0.03433086235421218
334	-3.952368057797792	0.0345740536044984
335	-3.946376830036169	0.034818654088684266
336	-3.940385602274546	0.035064668170392214
337	-3.934394374512922	0.03531210018245346
338	-3.928403146751299	0.03556095442633032
339	-3.9224119189896753	0.03581123517155118
340	-3.916420691228052	0.03606294665512315
341	-3.9104294634664285	0.03631609308096514
342	-3.9044382357048053	0.036570678619319
343	-3.898447007943182	0.036826707406173505
344	-3.8924557801815585	0.037084183542677576
345	-3.8864645524199353	0.037343111094553315
346	-3.8804733246583116	0.037603494091512514
347	-3.8744820968966884	0.03786533652666381
348	-3.8684908691350652	0.03812864235592078
349	-3.8624996413734416	0.038393415497414346
350	-3.8565084136118184	0.03865965983089196
351	-3.8505171858501948	0.03892737919712585
352	-3.8445259580885716	0.039196577397316676
353	-3.8385347303269484	0.03946725819248939
354	-3.8325435025653247	0.039739425302899305
355	-3.8265522748037015	0.0400130824074276
356	-3.820561047042078	0.04028823314297875
357	-3.8145698192804547	0.04056488110387471
358	-3.8085785915188315	0.04084302984125633
359	-3.802587363757208	0.04112268286246958
360	-3.7965961359955847	0.04140384363046393
361	-3.790604908233961	0.0416865155631805
362	-3.784613680472338	0.041970702032949725
363	-3.7786224527107146	0.04225640636587113
364	-3.772631224949091	0.042543631841211994
365	-3.766639997187468	0.04283238169079352
366	-3.760648769425844	0.04312265909837708
367	-3.754657541664221	0.04341446719905421
368	-3.7486663139025973	0.04370780907863293
369	-3.742675086140974	0.044002687773023054
370	-3.736683858379351	0.044299106267627966
371	-3.7306926306177273	0.04459706749672081
372	-3.724701402856104	0.044896574342842686
373	-3.7187101750944804	0.04519762963617703
374	-3.7127189473328572	0.04550023615394426
375	-3.706727719571234	0.04580439661977973
376	-3.7007364918096104	0.046110113703127883
377	-3.694745264047987	0.04641739001861832
378	-3.6887540362863636	0.04672622812545843
379	-3.6827628085247404	0.04703663052682011
380	-3.676771580763117	0.04734859966922227
381	-3.6707803530014935	0.04766213794192169
382	-3.6647891252398703	0.04797724767629594
383	-3.6587978974782467	0.04829393114523839
384	-3.6528066697166235	0.0486121905625396
385	-3.6468154419550003	0.04893202808228179
386	-3.6408242141933767	0.04925344579822736
387	-3.6348329864317535	0.049576445743209366
388	-3.62884175867013	0.049901029888525975
389	-3.6228505309085066	0.05022720014333135
390	-3.6168593031468834	0.050554958354029254
391	-3.61086807538526	0.05088430630367055
392	-3.6048768476236366	0.051215245711349604
393	-3.598885619862013	0.05154777823160042
394	-3.5928943921003897	0.05188190545379875
395	-3.5869031643387665	0.052217628901559246
396	-3.580911936577143	0.05255495003214049
397	-3.5749207088155197	0.0528938702358497
398	-3.568929481053896	0.053234390835446704
399	-3.562938253292273	0.053576513085552585
400	-3.5569470255306497	0.053920238172059175
401	-3.550955797769026	0.05426556721153737
402	-3.544964570007403	0.05461250125065849
403	-3.538973342245779	0.054961041265601265
404	-3.532982114484156	0.055311188161473734
405	-3.5269908867225324	0.05566294277173531
406	-3.520999658960909	0.05601630585761569
407	-3.515008431199286	0.05637127810753902
408	-3.5090172034376623	0.05672786013655971
409	-3.503025975676039	0.05708605248578095
410	-3.4970347479144155	0.05744585562179719
411	-3.4910435201527923	0.05780726993612421
412	-3.485052292391169	0.058170295744639104
413	-3.4790610646295455	0.058534933287024846
414	-3.4730698368679223	0.05890118272620965
415	-3.4670786091062986	0.059269044147819736
416	-3.4610873813446754	0.05963851755962716
417	-3.455096153583052	0.060009602891001934
418	-3.4491049258214286	0.060382299992378166
419	-3.4431136980598054	0.06075660863470585
420	-3.4371224702981817	0.06113252850891884
421	-3.4311312425365585	0.06151005922540722
422	-3.4251400147749353	0.06188920031348128
423	-3.4191487870133117	0.062269951220853485
424	-3.4131575592516885	0.06265231131311826
425	-3.407166331490065	0.06303627987323208
426	-3.4011751037284417	0.06342185610100058
427	-3.3951838759668185	0.0638090391125775
428	-3.389192648205195	0.06419782793995167
429	-3.3832014204435716	0.06458822153045528
430	-3.377210192681948	0.0649802187462631
431	-3.371218964920325	0.0653738183639029
432	-3.365227737158701	0.06576901907377292
433	-3.359236509397078	0.06616581947965526
434	-3.3532452816354548	0.06656421809824348
435	-3.347254053873831	0.06696421335866512
436	-3.341262826112208	0.06736580360202371
437	-3.3352715983505843	0.06776898708092481
438	-3.329280370588961	0.0681737619590304
439	-3.323289142827338	0.06858012631059734
440	-3.3172979150657143	0.06898807812003953
441	-3.311306687304091	0.06939761528147782
442	-3.3053154595424674	0.06980873559831183
443	-3.299324231780844	0.07022143678278174
444	-3.293333004019221	0.07063571645555303
445	-3.2873417762575974	0.0710515721452873
446	-3.281350548495974	0.07146900128823529
447	-3.2753593207343505	0.07188800122782518
448	-3.2693680929727273	0.0723085692142613
449	-3.263376865211104	0.07273070240413472
450	-3.2573856374494805	0.07315439786002023
451	-3.2513944096878573	0.07357965255010399
452	-3.2454031819262337	0.07400646334780109
453	-3.2394119541646105	0.07443482703138617
454	-3.2334207264029873	0.07486474028362311
455	-3.2274294986413636	0.07529619969141382
456	-3.2214382708797404	0.07572920174544202
457	-3.215447043118117	0.07616374283982491
458	-3.2094558153564936	0.0765998192717846
459	-3.2034645875948704	0.07703742724130007
460	-3.1974733598332468	0.07747656285079942
461	-3.1914821320716236	0.07791722210482695
462	-3.18549090431	0.07835940090973707
463	-3.1794996765483767	0.07880309507339095
464	-3.1735084487867535	0.07924830030486277
465	-3.16751722102513	0.07969501221413357
466	-3.1615259932635067	0.08014322631183055
467	-3.155534765501883	0.08059293800893415
468	-3.14954353774026	0.0810441426165145
469	-3.143552309978636	0.08149683534547585
470	-3.137561082217013	0.08195101130629491
471	-3.13156985445539	0.08240666550878364
472	-3.125578626693766	0.08286379286183539
473	-3.119587398932143	0.08332238817321856
474	-3.1135961711705193	0.08378244614933195
475	-3.107604943408896	0.0842439613949993
476	-3.101613715647273	0.08470692841326392
477	-3.0956224878856493	0.0851713416051876
478	-3.089631260124026	0.08563719526965435
479	-3.0836400323624025	0.08610448360319625
480	-3.0776488046007793	0.08657320069981313
481	-3.071657576839156	0.08704334055080712
482	-3.0656663490775324	0.0875148970446252
483	-3.0596751213159092	0.08798786396670802
484	-3.0536838935542856	0.0884622349993488
485	-3.0476926657926624	0.08893800372156418
486	-3.041701438031039	0.08941516360895975
487	-3.0357102102694156	0.08989370803362516
488	-3.0297189825077924	0.09037363026401926
489	-3.0237277547461687	0.09085492346487038
490	-3.0177365269845455	0.09133758069709559
491	-3.0117452992229223	0.09182159491770477
492	-3.0057540714612987	0.09230695897974474
493	-2.9997628436996755	0.09279366563221964
494	-2.993771615938052	0.09328170752004594
495	-2.9877803881764287	0.09377107718400894
496	-2.981789160414805	0.09426176706071192
497	-2.975797932653182	0.09475376948256171
498	-2.9698067048915586	0.0952470766777476
499	-2.963815477129935	0.09574168077022457
500	-2.957824249368312	0.09623757377971662
501	-2.951833021606688	0.09673474762173746
502	-2.945841793845065	0.09723319410758348
503	-2.9398505660834418	0.09773290494438273
504	-2.933859338321818	0.09823387173512167
505	-2.927868110560195	0.0987360859786935
506	-2.9218768827985713	0.09923953906995343
507	-2.915885655036948	0.09974422229978086
508	-2.909894427275325	0.10025012685515655
509	-2.9039031995137012	0.10075724381924649
510	-2.897911971752078	0.10126556417148803
511	-2.8919207439904544	0.10177507878770564
512	-2.885929516228831	0.10228577844021342
513	-2.879938288467208	0.1027976537979332
514	-2.8739470607055844	0.103310695426539
515	-2.867955832943961	0.10382489378858802
516	-2.8619646051823375	0.10434023924367423
517	-2.8559733774207143	0.10485672204858823
518	-2.849982149659091	0.10537433235748653
519	-2.8439909218974675	0.10589306022207835
520	-2.8379996941358443	0.10641289559180189
521	-2.8320084663742207	0.10693382831403594
522	-2.8260172386125975	0.10745584813430255
523	-2.8200260108509743	0.10797894469648527
524	-2.8140347830893506	0.10850310754307006
525	-2.8080435553277274	0.1090283261153543
526	-2.802052327566104	0.10955458975373576
527	-2.7960610998044806	0.1100818876979349
528	-2.7900698720428574	0.11061020908727769
529	-2.7840786442812337	0.11113954296098313
530	-2.7780874165196106	0.11166987825843185
531	-2.772096188757987	0.11220120381947112
532	-2.7661049609963637	0.11273350838472358
533	-2.76011373323474	0.11326678059591169
534	-2.754122505473117	0.11380100899616252
535	-2.7481312777114937	0.11433618203037277
536	-2.74214004994987	0.11487228804552883
537	-2.736148822188247	0.11540931529108361
538	-2.730157594426623	0.11594725191930574
539	-2.724166366665	0.11648608598567613
540	-2.718175138903377	0.11702580544925216
541	-2.712183911141753	0.11756639817307823
542	-2.70619268338013	0.11810785192457944
543	-2.7002014556185063	0.11865015437598837
544	-2.694210227856883	0.1191932931047621
545	-2.68821900009526	0.11973725559402444
546	-2.6822277723336363	0.12028202923299583
547	-2.676236544572013	0.1208276013174632
548	-2.6702453168103895	0.12137395905023299
549	-2.6642540890487663	0.12192108954160905
550	-2.658262861287143	0.12246897980988043
551	-2.6522716335255194	0.12301761678179716
552	-2.6462804057638962	0.12356698729309097
553	-2.6402891780022726	0.12411707808898127
554	-2.6342979502406494	0.12466787582468597
555	-2.628306722479026	0.1252193670659653
556	-2.6223154947174026	0.12577153828965995
557	-2.6163242669557794	0.12632437588422663
558	-2.6103330391941557	0.12687786615031885
559	-2.6043418114325325	0.1274319953013395
560	-2.598350583670909	0.12798674946402253
561	-2.5923593559092857	0.12854211467902177
562	-2.5863681281476625	0.12909807690150168
563	-2.580376900386039	0.12965462200175085
564	-2.5743856726244156	0.13021173576578726
565	-2.568394444862792	0.13076940389598501
566	-2.562403217101169	0.13132761201171042
567	-2.5564119893395456	0.13188634564996446
568	-2.550420761577922	0.13244559026601882
569	-2.5444295338162988	0.133005331234096
570	-2.538438306054675	0.13356555384802218
571	-2.532447078293052	0.13412624332191497
572	-2.5264558505314287	0.1346873847908507
573	-2.520464622769805	0.1352489633115904
574	-2.514473395008182	0.13581096386324665
575	-2.5084821672465583	0.13637337134802513
576	-2.502490939484935	0.13693617059192653
577	-2.496499711723312	0.1374993463454816
578	-2.4905084839616882	0.13806288328448882
579	-2.484517256200065	0.1386267660107612
580	-2.4785260284384414	0.13919097905287345
581	-2.472534800676818	0.13975550686693083
582	-2.466543572915195	0.1403203338373325
583	-2.4605523451535714	0.14088544427755745
584	-2.454561117391948	0.14145082243094423
585	-2.4485698896303245	0.14201645247148917
586	-2.4425786618687013	0.142582318504643
587	-2.436587434107078	0.14314840456812375
588	-2.4305962063454545	0.143714694632739
589	-2.4246049785838313	0.1442811726032018
590	-2.4186137508222076	0.14484782231896895
591	-2.4126225230605844	0.14541462755508053
592	-2.4066312952989612	0.14598157202300066
593	-2.4006400675373376	0.14654863937148907
594	-2.3946488397757144	0.14711581318744174
595	-2.3886576120140908	0.1476830769967757
596	-2.3826663842524676	0.14825041426530056
597	-2.376675156490844	0.14881780839960096
598	-2.3706839287292207	0.14938524274792
599	-2.3646927009675975	0.1499527006010753
600	-2.358701473205974	0.15052016519334574
601	-2.3527102454443507	0.15108761970338586
602	-2.346719017682727	0.15165504725514667
603	-2.340727789921104	0.15222243091879206
604	-2.3347365621594807	0.15278975371164177
605	-2.328745334397857	0.1533569985990903
606	-2.322754106636234	0.1539241484955633
607	-2.31676287887461	0.15449118626546246
608	-2.310771651112987	0.15505809472410703
609	-2.304780423351364	0.15562485663871592
610	-2.29878919558974	0.15619145472936272
611	-2.292797967828117	0.15675787166994481
612	-2.2868067400664933	0.15732409008916215
613	-2.28081551230487	0.15789009257150835
614	-2.274824284543247	0.15845586165824396
615	-2.2688330567816233	0.1590213798484175
616	-2.26284182902	0.15958662959982065
617	-2.2568506012583764	0.16015159333003937
618	-2.2508593734967532	0.1607162534174309
619	-2.24486814573513	0.16128059220215443
620	-2.2388769179735064	0.16184459198717596
621	-2.232885690211883	0.16240823503930632
622	-2.2268944624502596	0.16297150359022355
623	-2.2209032346886364	0.16353437983750307
624	-2.2149120069270127	0.1640968459456534
625	-2.2089207791653895	0.16465888404715728
626	-2.2029295514037663	0.16522047624353367
627	-2.1969383236421427	0.16578160460636254
628	-2.1909470958805195	0.16634225117834764
629	-2.184955868118896	0.16690239797438228
630	-2.1789646403572727	0.16746202698260135
631	-2.1729734125956495	0.16802112016544582
632	-2.166982184834026	0.16857965946072886
633	-2.1609909570724026	0.16913762678272645
634	-2.154999729310779	0.1696950040232162
635	-2.149008501549156	0.17025177305259165
636	-2.1430172737875326	0.170807915720915
637	-2.137026046025909	0.17136341385902182
638	-2.1310348182642858	0.17191824927959976
639	-2.125043590502662	0.1724724037782669
640	-2.119052362741039	0.17302585913468194
641	-2.1130611349794157	0.17357859711363197
642	-2.107069907217792	0.17413059946611717
643	-2.101078679456169	0.17468184793047348
644	-2.0950874516945452	0.17523232423345184
645	-2.089096223932922	0.17578201009132985
646	-2.083104996171299	0.17633088721102128
647	-2.077113768409675	0.17687893729117318
648	-2.071122540648052	0.17742614202327997
649	-2.0651313128864284	0.1779724830927992
650	-2.059140085124805	0.17851794218024727
651	-2.053148857363182	0.1790625009623193
652	-2.0471576296015583	0.17960614111302212
653	-2.041166401839935	0.18014884430474581
654	-2.0351751740783115	0.18069059220943076
655	-2.0291839463166883	0.18123136649963612
656	-2.023192718555065	0.18177114884969775
657	-2.0172014907934415	0.18230992093681753
658	-2.0112102630318183	0.18284766444219985
659	-2.0052190352701946	0.18338436105215736
660	-1.9992278075085714	0.18391999245923707
661	-1.9932365797469478	0.1844545403633374
662	-1.9872453519853246	0.18498798647282658
663	-1.9812541242237014	0.1855203125056723
664	-1.9752628964620778	0.18605150019054126
665	-1.9692716687004546	0.18658153126792196
666	-1.963280440938831	0.18711038749126743
667	-1.9572892131772077	0.1876380506280773
668	-1.951297985415584	0.18816450246103014
669	-1.9453067576539613	0.18868972478910906
670	-1.9393155298923377	0.18921369942869995
671	-1.933324302130714	0.18973640821471893
672	-1.9273330743690913	0.19025783300170868
673	-1.9213418466074677	0.19077795566496683
674	-1.915350618845844	0.19129675810164423
675	-1.9093593910842204	0.1918142222318693
676	-1.9033681633225976	0.1923303299998259
677	-1.897376935560974	0.19284506337488996
678	-1.8913857077993503	0.19335840435271154
679	-1.8853944800377276	0.19387033495632622
680	-1.879403252276104	0.19438083723725225
681	-1.8734120245144803	0.1948898932765858
682	-1.8674207967528567	0.1953974851860957
683	-1.861429568991234	0.19590359510932168
684	-1.8554383412296103	0.19640820522265648
685	-1.8494471134679866	0.1969112977364269
686	-1.8434558857063639	0.19741285489600396
687	-1.8374646579447402	0.19791285898285615
688	-1.8314734301831166	0.19841129231564741
689	-1.8254822024214938	0.19890813725129936
690	-1.8194909746598702	0.1994033761860685
691	-1.8134997468982466	0.19989699155661572
692	-1.807508519136623	0.20038896584108432
693	-1.8015172913750002	0.20087928156013696
694	-1.7955260636133765	0.20136792127802944
695	-1.7895348358517529	0.20185486760367052
696	-1.7835436080901301	0.20234010319166224
697	-1.7775523803285065	0.2028236107433502
698	-1.7715611525668828	0.20330537300787324
699	-1.76556992480526	0.20378537278319805
700	-1.7595786970436365	0.20426359291713936
701	-1.7535874692820128	0.20474001630842845
702	-1.7475962415203892	0.20521462590769565
703	-1.7416050137587664	0.20568740471852084
704	-1.7356137859971428	0.2061583357984486
705	-1.7296225582355191	0.20662740225997986
706	-1.7236313304738964	0.20709458727160496
707	-1.7176401027122727	0.20755987405879328
708	-1.711648874950649	0.20802324590499202
709	-1.7056576471890255	0.2084846861526223
710	-1.6996664194274027	0.20894417820406697
711	-1.693675191665779	0.20940170552264895
712	-1.6876839639041554	0.20985725163361274
713	-1.6816927361425327	0.2103108001250869
714	-1.675701508380909	0.2107623346490741
715	-1.6697102806192854	0.21121183892238116
716	-1.6637190528576626	0.2116592967275941
717	-1.657727825096039	0.21210469191402395
718	-1.6517365973344154	0.2125480083986415
719	-1.6457453695727917	0.21298923016702848
720	-1.639754141811169	0.21342834127429902
721	-1.6337629140495453	0.21386532584602996
722	-1.6277716862879217	0.21430016807917787
723	-1.621780458526299	0.21473285224299413
724	-1.6157892307646753	0.2151633626799248
725	-1.6097980030030516	0.21559168380652932
726	-1.603806775241429	0.21601780011435318
727	-1.5978155474798053	0.21644169617082085
728	-1.5918243197181816	0.2168633566201285
729	-1.585833091956558	0.21728276618411102
730	-1.5798418641949352	0.2176999096631017
731	-1.5738506364333116	0.21811477193680942
732	-1.567859408671688	0.21852733796514692
733	-1.5618681809100652	0.21893759278911445
734	-1.5558769531484415	0.21934552153160342
735	-1.549885725386818	0.21975110939825881
736	-1.5438944976251943	0.22015434167828105
737	-1.5379032698635715	0.22055520374525342
738	-1.5319120421019479	0.22095368105796934
739	-1.5259208143403242	0.2213497591612109
740	-1.5199295865787015	0.22174342368655306
741	-1.5139383588170778	0.22213466035317395
742	-1.5079471310554542	0.2225234549686072
743	-1.5019559032938314	0.2229097934295336
744	-1.4959646755322078	0.22329366172254253
745	-1.4899734477705842	0.22367504592488985
746	-1.4839822200089605	0.22405393220525552
747	-1.4779909922473378	0.22443030682448775
748	-1.4719997644857141	0.2248041561363312
749	-1.4660085367240905	0.22517546658816212
750	-1.4600173089624677	0.22554422472170377
751	-1.454026081200844	0.22591041717374136
752	-1.4480348534392204	0.22627403067683516
753	-1.4420436256775977	0.2266350520599987
754	-1.436052397915974	0.22699346824940955
755	-1.4300611701543504	0.22734926626906957
756	-1.4240699423927268	0.22770243324149925
757	-1.418078714631104	0.22805295638837303
758	-1.4120874868694804	0.22840082303120487
759	-1.4060962591078567	0.22874602059198504
760	-1.400105031346234	0.22908853659381914
761	-1.3941138035846103	0.229428358661554
762	-1.3881225758229867	0.22976547452241924
763	-1.382131348061364	0.23009987200661536
764	-1.3761401202997403	0.230431539047959
765	-1.3701488925381167	0.23076046368443323
766	-1.364157664776493	0.2310866340588301
767	-1.3581664370148703	0.2314100384192849
768	-1.3521752092532466	0.23173066511988136
769	-1.346183981491623	0.23204850262121435
770	-1.3401927537300002	0.23236353949091937
771	-1.3342015259683766	0.23267576440426246
772	-1.328210298206753	0.23298516614463993
773	-1.3222190704451293	0.23329173360413838
774	-1.3162278426835066	0.23359545578403745
775	-1.310236614921883	0.2338963217953462
776	-1.3042453871602593	0.23419432085928224
777	-1.2982541593986365	0.23448944230779276
778	-1.292262931637013	0.23478167558402854
779	-1.2862717038753892	0.23507101024283283
780	-1.2802804761137665	0.23535743595120742
781	-1.2742892483521429	0.23564094248876427
782	-1.2682980205905192	0.23592151974821696
783	-1.2623067928288956	0.23619915773578992
784	-1.2563155650672728	0.23647384657166293
785	-1.2503243373056492	0.23674557649040837
786	-1.2443331095440255	0.23701433784141987
787	-1.2383418817824028	0.23728012108930158
788	-1.2323506540207791	0.23754291681428177
789	-1.2263594262591555	0.23780271571261327
790	-1.2203681984975328	0.23805950859695635
791	-1.2143769707359091	0.23831328639674385
792	-1.2083857429742855	0.23856404015857516
793	-1.2023945152126618	0.23881176104655266
794	-1.196403287451039	0.2390564403426409
795	-1.1904120596894154	0.23929806944701826
796	-1.1844208319277918	0.23953663987841636
797	-1.178429604166169	0.23977214327440535
798	-1.1724383764045454	0.24000457139178227
799	-1.1664471486429218	0.24023391610681205
800	-1.160455920881299	0.24046016941556858
801	-1.1544646931196754	0.2406833234342208
802	-1.1484734653580517	0.24090337039930948
803	-1.142482237596428	0.24112030266802809
804	-1.1364910098348053	0.24133411271849067
805	-1.1304997820731817	0.24154479314999086
806	-1.124508554311558	0.24175233668325072
807	-1.1185173265499353	0.24195673616066932
808	-1.1125260987883117	0.24215798454655146
809	-1.106534871026688	0.24235607492733655
810	-1.1005436432650644	0.24255100051181908
811	-1.0945524155034416	0.24274275463134842
812	-1.088561187741818	0.24293133074004433
813	-1.0825699599801943	0.24311672241499357
814	-1.0765787322185716	0.24329892335641326
815	-1.070587504456948	0.2434779273878425
816	-1.0645962766953243	0.2436537284563136
817	-1.0586050489337016	0.24382632063252432
818	-1.052613821172078	0.24399569811096694
819	-1.0466225934104543	0.24416185521007908
820	-1.0406313656488306	0.24432478637241317
821	-1.0346401378872079	0.24448448616471077
822	-1.0286489101255842	0.24464094927807814
823	-1.0226576823639606	0.2447941705280695
824	-1.0166664546023378	0.24494414485480617
825	-1.0106752268407142	0.24509086732307228
826	-1.0046839990790906	0.24523433312239884
827	-0.9986927713174678	0.24537453756715988
828	-0.9927015435558442	0.24551147609664611
829	-0.9867103157942205	0.24564514427512107
830	-0.9807190880325969	0.24577553779189923
831	-0.9747278602709741	0.24590265246138956
832	-0.9687366325093505	0.24602648422313902
833	-0.9627454047477269	0.24614702914188408
834	-0.9567541769861041	0.2462642834075667
835	-0.9507629492244805	0.24637824333537095
836	-0.9447717214628568	0.24648890536573115
837	-0.9387804937012332	0.2465962660643509
838	-0.9327892659396104	0.24670032212219511
839	-0.9267980381779868	0.24680107035549212
840	-0.9208068104163631	0.2468985077057141
841	-0.9148155826547404	0.24699263123957751
842	-0.9088243548931167	0.24708343814899683
843	-0.9028331271314931	0.24717092575105234
844	-0.8968418993698704	0.2472550914879759
845	-0.8908506716082467	0.2473359329270665
846	-0.8848594438466231	0.24741344776067295
847	-0.8788682160849994	0.2474876338061144
848	-0.8728769883233767	0.24755848900562294
849	-0.866885760561753	0.24762601142625243
850	-0.8608945328001294	0.24769019925981733
851	-0.8549033050385066	0.24775105082281895
852	-0.848912077276883	0.2478085645563084
853	-0.8429208495152594	0.24786273902583744
854	-0.8369296217536366	0.24791357292131594
855	-0.830938393992013	0.24796106505691895
856	-0.8249471662303893	0.24800521437096723
857	-0.8189559384687657	0.2480460199257885
858	-0.8129647107071429	0.2480834809076181
859	-0.8069734829455193	0.24811759662642335
860	-0.8009822551838957	0.2481483665157931
861	-0.7949910274222729	0.2481757901327726
862	-0.7889997996606493	0.24819986715770542
863	-0.7830085718990256	0.24822059739409275
864	-0.777017344137402	0.24823798076841144
865	-0.7710261163757792	0.24825201732993313
866	-0.7650348886141556	0.2482627072505762
867	-0.7590436608525319	0.24827005082468953
868	-0.7530524330909092	0.24827404846888848
869	-0.7470612053292855	0.24827470072184105
870	-0.7410699775676619	0.24827200824407897
871	-0.7350787498060392	0.24826597181778903
872	-0.7290875220444155	0.24825659234660316
873	-0.7230962942827919	0.2482438708553845
874	-0.7171050665211682	0.24822780848997925
875	-0.7111138387595455	0.24820840651704468
876	-0.7051226109979218	0.24818566632375721
877	-0.6991313832362982	0.24815958941760474
878	-0.6931401554746754	0.24813017742615276
879	-0.6871489277130518	0.24809743209676738
880	-0.6811576999514282	0.24806135529638074
881	-0.6751664721898054	0.24802194901124183
882	-0.6691752444281818	0.24797921534663458
883	-0.6631840166665581	0.24793315652661482
884	-0.6571927889049345	0.24788377489374389
885	-0.6512015611433117	0.2478310729088143
886	-0.6452103333816881	0.24777505315055495
887	-0.6392191056200645	0.24771571831535716
888	-0.6332278778584417	0.24765307121697025
889	-0.6272366500968181	0.24758711478620882
890	-0.6212454223351944	0.2475178520706774
891	-0.6152541945735717	0.24744528623442863
892	-0.609262966811948	0.24736942055767494
893	-0.6032717390503244	0.24729025843646632
894	-0.5972805112887007	0.24720780338238532
895	-0.591289283527078	0.2471220590222043
896	-0.5852980557654544	0.24703302909757766
897	-0.5793068280038307	0.2469407174647045
898	-0.573315600242208	0.2468451280940014
899	-0.5673243724805843	0.2467462650697346
900	-0.5613331447189607	0.24664413258971593
901	-0.555341916957337	0.24653873496493267
902	-0.5493506891957143	0.2464300766192025
903	-0.5433594614340906	0.24631816208882049
904	-0.537368233672467	0.2462029960222021
905	-0.5313770059108442	0.24608458317950666
906	-0.5253857781492206	0.24596292843228948
907	-0.519394550387597	0.24583803676311958
908	-0.5134033226259742	0.24570991326522917
909	-0.5074120948643506	0.24557856314209206
910	-0.5014208671027269	0.24544399170708112
911	-0.4954296393411033	0.24530620438308082
912	-0.48943841157948054	0.24516520670207123
913	-0.4834471838178569	0.24502100430477441
914	-0.47745595605623325	0.2448736029402317
915	-0.4714647282946105	0.24472300846541178
916	-0.46547350053298686	0.24456922684482246
917	-0.4594822727713632	0.24441226415008627
918	-0.45349104500974047	0.2442521265595442
919	-0.4474998172481168	0.24408882035784984
920	-0.4415085894864932	0.24392235193552914
921	-0.43551736172486955	0.24375272778860022
922	-0.4295261339632468	0.24357995451811798
923	-0.42353490620162315	0.24340403882976722
924	-0.4175436784399995	0.24322498753343924
925	-0.41155245067837676	0.24304280754278373
926	-0.4055612229167531	0.24285750587480243
927	-0.3995699951551295	0.24266908964938366
928	-0.3935787673935067	0.2424775660888919
929	-0.3875875396318831	0.24228294251769145
930	-0.38159631187025944	0.24208522636174573
931	-0.3756050841086358	0.2418844251481317
932	-0.36961385634701305	0.24168054650459933
933	-0.3636226285853894	0.24147359815913394
934	-0.35763140082376577	0.24126358793948885
935	-0.351640173062143	0.24105052377271746
936	-0.3456489453005194	0.2408344136847338
937	-0.33965771753889573	0.2406152657998213
938	-0.3336664897772721	0.2403930883401968
939	-0.32767526201564934	0.24016788962551874
940	-0.3216840342540257	0.23993967807242622
941	-0.31569280649240206	0.2397084621940602
942	-0.3097015787307793	0.2394742505995825
943	-0.30371035096915566	0.2392370519937068
944	-0.297719123207532	0.238996875176218
945	-0.29172789544590927	0.23875372904146622
946	-0.28573666768428563	0.23850762257791736
947	-0.279745439922662	0.23825856486762306
948	-0.27375421216103835	0.23800656508576457
949	-0.2677629843994156	0.23775163250013515
950	-0.26177175663779195	0.23749377647065553
951	-0.2557805288761683	0.2372330064488724
952	-0.24978930111454556	0.23696933197745737
953	-0.24379807335292192	0.2367027626897055
954	-0.23780684559129828	0.23643330830902726
955	-0.23181561782967552	0.23616097864845575
956	-0.22582439006805188	0.23588578361010912
957	-0.21983316230642824	0.23560773318469969
958	-0.2138419345448046	0.23532683745101593
959	-0.20785070678318185	0.2350431065754059
960	-0.2018594790215582	0.23475655081125768
961	-0.19586825125993457	0.23446718049848073
962	-0.18987702349831181	0.23417500606298836
963	-0.18388579573668817	0.23388003801615373
964	-0.17789456797506453	0.23358228695430194
965	-0.1719033402134409	0.23328176355818536
966	-0.16591211245181814	0.23297847859243262
967	-0.1599208846901945	0.23267244290504244
968	-0.15392965692857086	0.23236366742680442
969	-0.1479384291669481	0.23205216317082494
970	-0.14194720140532446	0.23173794123193228
971	-0.13595597364370082	0.23142101278617055
972	-0.12996474588207807	0.2311013890902348
973	-0.12397351812045443	0.23077908148094659
974	-0.11798229035883079	0.2304541013746853
975	-0.11199106259720715	0.23012646026686395
976	-0.1059998348355844	0.22979616973135322
977	-0.10000860707396075	0.22946324141996122
978	-0.09401737931233711	0.22912768706183376
979	-0.08802615155071436	0.22878951846294576
980	-0.08203492378909072	0.22844874750551114
981	-0.07604369602746708	0.22810538614743436
982	-0.07005246826584433	0.2277594464217478
983	-0.06406124050422068	0.22741094043605434
984	-0.058070012742597044	0.2270598803719424
985	-0.0520787849809734	0.22670627848444053
986	-0.04608755721935065	0.2263501471014369
987	-0.04009632945772701	0.22599149862310744
988	-0.03410510169610337	0.22563034552134917
989	-0.028113873934480615	0.22526670033919968
990	-0.022122646172856975	0.22490057569025831
991	-0.016131418411233334	0.22453198425812199
992	-0.010140190649609693	0.22416093879578441
993	-0.00414896288798694	0.223787452125077
994	0.0018422648736367009	0.22341153713605907
995	0.007833492635260342	0.22303320678645774
996	0.013824720396883095	0.2226524741010541
997	0.019815948158506735	0.22226935217112959
998	0.025807175920130376	0.22188385415383607
999	0.03179840368175313	0.221495993271628
1000	0.03778963144337677	0.22110578281166532
1001	0.04378085920500041	0.22071323612520366
1002	0.04977208696662405	0.22031836662701623
1003	0.055763314728246804	0.2199211877947822
1004	0.061754542489870445	0.21952171316847732
1005	0.06774577025149409	0.2191199563497855
1006	0.07373699801311684	0.21871593100149636
1007	0.07972822577474048	0.21830965084688855
1008	0.08571945353636412	0.21790112966909975
1009	0.09171068129798687	0.21749038131057946
1010	0.09770190905961051	0.21707741967241373
1011	0.10369313682123416	0.21666225871373374
1012	0.1096843645828578	0.21624491245111563
1013	0.11567559234448055	0.21582539495794567
1014	0.12166682010610419	0.2154037203637948
1015	0.12765804786772783	0.21497990285382915
1016	0.13364927562935058	0.21455395666816024
1017	0.13964050339097422	0.21412589610122496
1018	0.14563173115259787	0.213695735501162
1019	0.15162295891422062	0.21326348926920302
1020	0.15761418667584426	0.21282917185900738
1021	0.1636054144374679	0.21239279777606987
1022	0.16959664219909154	0.21195438157705768
1023	0.1755878699607143	0.211513937869198
1024	0.18157909772233793	0.21107148130962397
1025	0.18757032548396158	0.2106270266047618
1026	0.19356155324558433	0.21018058850965893
1027	0.19955278100720797	0.20973218182737893
1028	0.2055440087688316	0.20928182140832843
1029	0.21153523653045525	0.20882952214963657
1030	0.217526464292078	0.20837529899448565
1031	0.22351769205370164	0.20791916693150167
1032	0.22950891981532529	0.20746114099406324
1033	0.23550014757694804	0.20700123625966782
1034	0.24149137533857168	0.20653946784930077
1035	0.24748260310019532	0.2060758509267394
1036	0.2534738308618181	0.20561040069793682
1037	0.2594650586234417	0.20514313241034754
1038	0.26545628638506535	0.2046740613522594
1039	0.271447514146689	0.20420320285216173
1040	0.27743874190831175	0.20373057227805352
1041	0.2834299696699354	0.20325618503680043
1042	0.28942119743155903	0.20278005657346412
1043	0.2954124251931818	0.20230220237062668
1044	0.3014036529548054	0.20182263794774563
1045	0.30739488071642906	0.20134137886045966
1046	0.3133861084780518	0.20085844069992842
1047	0.31937733623967546	0.2003738390921716
1048	0.3253685640012991	0.19988758969736856
1049	0.33135979176292274	0.19939970820921238
1050	0.3373510195245455	0.1989102103542098
1051	0.34334224728616913	0.19841911189101832
1052	0.3493334750477928	0.19792642860975623
1053	0.3553247028094155	0.1974321763313257
1054	0.36131593057103917	0.1969363709067352
1055	0.3673071583326628	0.19643902821640893
1056	0.37329838609428556	0.1959401641694928
1057	0.3792896138559092	0.1954397947031964
1058	0.38528084161753284	0.1949379357820692
1059	0.3912720693791565	0.19443460339734556
1060	0.39726329714077924	0.19392981356620942
1061	0.4032545249024029	0.19342358233116128
1062	0.4092457526640265	0.19291592575927613
1063	0.41523698042564927	0.1924068599415227
1064	0.4212282081872729	0.1918964009920711
1065	0.42721943594889655	0.19138456504760415
1066	0.4332106637105202	0.19087136826660148
1067	0.43920189147214295	0.19035682682864835
1068	0.4451931192337666	0.18984095693372893
1069	0.45118434699539023	0.18932377480153306
1070	0.457175574757013	0.1888052966707563
1071	0.4631668025186366	0.1882855387983734
1072	0.46915803028026026	0.1877645174589547
1073	0.475149258041883	0.18724224894395555
1074	0.48114048580350666	0.18671874956099174
1075	0.4871317135651303	0.18619403563316062
1076	0.49312294132675394	0.18566812349829784
1077	0.4991141690883767	0.18514102950829187
1078	0.5051053968500003	0.18461277002836782
1079	0.511096624611624	0.18408336143635806
1080	0.5170878523732467	0.18355282012200347
1081	0.5230790801348704	0.1830211624862459
1082	0.529070307896494	0.1824884049404829
1083	0.5350615356581168	0.18195456390588594
1084	0.5410527634197404	0.18141965581266245
1085	0.547043991181364	0.18088369709934424
1086	0.5530352189429877	0.18034670421206406
1087	0.5590264467046104	0.17980869360384158
1088	0.5650176744662341	0.17926968173385677
1089	0.5710089022278577	0.17872968506673698
1090	0.5770001299894805	0.17818872007182873
1091	0.5829913577511041	0.17764680322247864
1092	0.5889825855127278	0.17710395099531162
1093	0.5949738132743514	0.17656017986949224
1094	0.6009650410359741	0.17601550632602678
1095	0.6069562687975978	0.17546994684702188
1096	0.6129474965592214	0.1749235179149629
1097	0.6189387243208442	0.17437623601198557
1098	0.6249299520824678	0.17382811761915126
1099	0.6309211798440915	0.17327917921572772
1100	0.6369124076057142	0.1727294372784561
1101	0.6429036353673379	0.17217890828082089
1102	0.6488948631289615	0.1716276086923359
1103	0.6548860908905851	0.17107555497779764
1104	0.6608773186522079	0.1705227635965702
1105	0.6668685464138315	0.16996925100185825
1106	0.6728597741754552	0.16941503363998162
1107	0.6788510019370779	0.168860127949629
1108	0.6848422296987016	0.16830455036115397
1109	0.6908334574603252	0.16774831729583317
1110	0.696824685221948	0.16719144516514195
1111	0.7028159129835716	0.1666339503700233
1112	0.7088071407451952	0.1660758493001695
1113	0.7147983685068189	0.16551715833328326
1114	0.7207895962684416	0.16495789383435508
1115	0.7267808240300653	0.16439807215494553
1116	0.7327720517916889	0.16383770963243766
1117	0.7387632795533117	0.16327682258933152
1118	0.7447545073149353	0.16271542733250696
1119	0.750745735076559	0.1621535401525026
1120	0.7567369628381826	0.1615911773227892
1121	0.7627281905998053	0.16102835509904004
1122	0.768719418361429	0.16046508971841805
1123	0.7747106461230526	0.15990139739884812
1124	0.7807018738846754	0.1593372943382857
1125	0.786693101646299	0.15877279671400807
1126	0.7926843294079227	0.1582079206818873
1127	0.7986755571695454	0.1576426823756675
1128	0.804666784931169	0.15707709790625124
1129	0.8106580126927927	0.15651118336097003
1130	0.8166492404544163	0.1559449548028915
1131	0.8226404682160391	0.15537842827006437
1132	0.8286316959776627	0.15481161977483854
1133	0.8346229237392864	0.154244545303135
1134	0.8406141515009091	0.15367722081372967
1135	0.8466053792625328	0.15310966223755385
1136	0.8525966070241564	0.15254188547696218
1137	0.8585878347857792	0.15197390640505132
1138	0.8645790625474028	0.1514057408649285
1139	0.8705702903090264	0.1508374046690146
1140	0.8765615180706501	0.15026891359834255
1141	0.8825527458322728	0.1497002834018436
1142	0.8885439735938965	0.1491315297956549
1143	0.8945352013555201	0.14856266846241
1144	0.9005264291171429	0.1479937150505455
1145	0.9065176568787665	0.14742468517361576
1146	0.9125088846403901	0.1468555944095696
1147	0.9185001124020129	0.14628645830008077
1148	0.9244913401636365	0.1457172923498449
1149	0.9304825679252602	0.1451481120258984
1150	0.9364737956868838	0.14457893275692393
1151	0.9424650234485066	0.14400976993257153
1152	0.9484562512101302	0.14344063890276088
1153	0.9544474789717539	0.14287155497701928
1154	0.9604387067333766	0.14230253342379529
1155	0.966429934495	0.1417335894697739
