	Grid	PDF
0	-1.05899648962	0.12156078351337776
1	-1.0572201147644649	0.12179201734283188
2	-1.0554437399089298	0.12202345907866806
3	-1.0536673650533948	0.12225510822871033
4	-1.0518909901978597	0.12248696429862771
5	-1.0501146153423246	0.1227190267919482
6	-1.0483382404867896	0.12295129521003774
7	-1.0465618656312545	0.12318376905211562
8	-1.0447854907757195	0.12341644781525316
9	-1.0430091159201844	0.12364933099436334
10	-1.0412327410646494	0.12388241808220923
11	-1.0394563662091143	0.1241157085694106
12	-1.0376799913535792	0.12434920194441794
13	-1.0359036164980442	0.12458289769353993
14	-1.034127241642509	0.12481679530093208
15	-1.0323508667869739	0.12505089424859023
16	-1.0305744919314388	0.1252851940163649
17	-1.0287981170759037	0.12551969408195038
18	-1.0270217422203687	0.1257543939208858
19	-1.0252453673648336	0.12598929300655948
20	-1.0234689925092986	0.12622439081020168
21	-1.0216926176537635	0.12645968680089809
22	-1.0199162427982285	0.1266951804455709
23	-1.0181398679426934	0.12693087120899116
24	-1.0163634930871583	0.12716675855378623
25	-1.0145871182316233	0.12740284194041626
26	-1.0128107433760882	0.12763912082719597
27	-1.0110343685205532	0.1278755946702839
28	-1.0092579936650181	0.12811226292369188
29	-1.007481618809483	0.12834912503926557
30	-1.005705243953948	0.12858618046671047
31	-1.003928869098413	0.12882342865357713
32	-1.002152494242878	0.12906086904525446
33	-1.0003761193873428	0.12929850108499563
34	-0.9985997445318078	0.12953632421388608
35	-0.9968233696762727	0.1297743378708663
36	-0.9950469948207376	0.1300125414927306
37	-0.9932706199652025	0.13025093451411357
38	-0.9914942451096674	0.13048951636750297
39	-0.9897178702541324	0.13072828648323515
40	-0.9879414953985973	0.13096724428949857
41	-0.9861651205430623	0.13120638921232758
42	-0.9843887456875272	0.1314457206756171
43	-0.9826123708319922	0.13168523810110244
44	-0.9808359959764571	0.13192494090837595
45	-0.979059621120922	0.13216482851488262
46	-0.977283246265387	0.1324049003359189
47	-0.9755068714098519	0.1326451557846331
48	-0.9737304965543168	0.13288559427203178
49	-0.9719541216987817	0.13312621520697016
50	-0.9701777468432466	0.13336701799616665
51	-0.9684013719877116	0.1336080020441892
52	-0.9666249971321765	0.13384916675345881
53	-0.9648486222766415	0.13409051152426016
54	-0.9630722474211064	0.13433203575473718
55	-0.9612958725655714	0.13457373884088517
56	-0.9595194977100363	0.13481562017656135
57	-0.9577431228545012	0.13505767915348088
58	-0.9559667479989662	0.13529991516122633
59	-0.9541903731434311	0.13554232758723217
60	-0.9524139982878961	0.13578491581680777
61	-0.950637623432361	0.13602767923311262
62	-0.948861248576826	0.13627061721717265
63	-0.9470848737212909	0.13651372914788756
64	-0.9453084988657557	0.13675701440201113
65	-0.9435321240102207	0.13700047235417062
66	-0.9417557491546856	0.1372441023768593
67	-0.9399793742991506	0.1374879038404416
68	-0.9382029994436155	0.13773187611314283
69	-0.9364266245880805	0.13797601856107483
70	-0.9346502497325454	0.13822033054820104
71	-0.9328738748770103	0.138464811436374
72	-0.9310975000214753	0.13870946058530886
73	-0.9293211251659402	0.13895427735260416
74	-0.9275447503104052	0.13919926109373223
75	-0.92576837545487	0.13944441116203357
76	-0.923992000599335	0.13968972690874215
77	-0.9222156257437999	0.1399352076829586
78	-0.9204392508882648	0.14018085283167517
79	-0.9186628760327298	0.1404266616997515
80	-0.9168865011771947	0.1406726336299471
81	-0.9151101263216597	0.14091876796289318
82	-0.9133337514661246	0.14116506403711365
83	-0.9115573766105896	0.14141152118901876
84	-0.9097810017550545	0.1416581387529032
85	-0.9080046268995194	0.14190491606096095
86	-0.9062282520439844	0.14215185244326242
87	-0.9044518771884493	0.14239894722778804
88	-0.9026755023329143	0.1426461997403937
89	-0.9008991274773792	0.14289360930484257
90	-0.8991227526218442	0.1431411752428035
91	-0.8973463777663091	0.14338889687382408
92	-0.8955700029107739	0.14363677351536308
93	-0.8937936280552389	0.14388480448278507
94	-0.8920172531997038	0.14413298908934022
95	-0.8902408783441688	0.14438132664620792
96	-0.8884645034886337	0.14462981646246076
97	-0.8866881286330986	0.1448784578450737
98	-0.8849117537775636	0.14512725009894398
99	-0.8831353789220285	0.145376192526876
100	-0.8813590040664935	0.145625284429587
101	-0.8795826292109584	0.14587452510570628
102	-0.8778062543554234	0.14612391385178466
103	-0.8760298794998882	0.14637344996228924
104	-0.8742535046443531	0.14662313272960978
105	-0.8724771297888181	0.14687296144405598
106	-0.870700754933283	0.14712293539385674
107	-0.868924380077748	0.14737305386518348
108	-0.8671480052222129	0.14762331614211646
109	-0.8653716303666779	0.1478737215066772
110	-0.8635952555111428	0.1481242692388197
111	-0.8618188806556077	0.1483749586164234
112	-0.8600425058000727	0.1486257889153104
113	-0.8582661309445376	0.14887675940923686
114	-0.8564897560890026	0.14912786936990385
115	-0.8547133812334675	0.14937911806695087
116	-0.8529370063779325	0.14963050476795772
117	-0.8511606315223974	0.14988202873845735
118	-0.8493842566668623	0.15013368924193152
119	-0.8476078818113273	0.15038548553980813
120	-0.8458315069557921	0.15063741689146645
121	-0.8440551321002571	0.1508894825542461
122	-0.842278757244722	0.15114168178344062
123	-0.840502382389187	0.15139401383230425
124	-0.8387260075336519	0.15164647795204625
125	-0.8369496326781168	0.15189907339185812
126	-0.8351732578225818	0.15215179939887097
127	-0.8333968829670467	0.15240465521821236
128	-0.8316205081115117	0.15265764009296276
129	-0.8298441332559766	0.1529107532641759
130	-0.8280677584004414	0.15316399397089506
131	-0.8262913835449064	0.1534173614501322
132	-0.8245150086893713	0.15367085493687932
133	-0.8227386338338363	0.15392447366411707
134	-0.8209622589783012	0.15417821686280697
135	-0.8191858841227662	0.1544320837619042
136	-0.8174095092672311	0.15468607358834466
137	-0.815633134411696	0.15494018556707387
138	-0.813856759556161	0.15519441892102312
139	-0.8120803847006259	0.1554487728711195
140	-0.8103040098450909	0.15570324663630009
141	-0.8085276349895558	0.15595783943350713
142	-0.8067512601340208	0.15621255047767701
143	-0.8049748852784857	0.15646737898176719
144	-0.8031985104229507	0.15672232415674792
145	-0.8014221355674156	0.1569773852115995
146	-0.7996457607118805	0.1572325613533223
147	-0.7978693858563455	0.15748785178694227
148	-0.7960930110008104	0.15774325571549186
149	-0.7943166361452753	0.1579987723400537
150	-0.7925402612897402	0.15825440085972442
151	-0.7907638864342051	0.15851014047164116
152	-0.7889875115786701	0.15876599037097147
153	-0.787211136723135	0.15902194975091852
154	-0.7854347618676	0.15927801780273812
155	-0.7836583870120649	0.15953419371571828
156	-0.7818820121565297	0.15979047667720406
157	-0.7801056373009947	0.16004686587258565
158	-0.7783292624454596	0.16030336048530353
159	-0.7765528875899246	0.16055995969686568
160	-0.7747765127343895	0.16081666268682712
161	-0.7730001378788545	0.16107346863282393
162	-0.7712237630233194	0.16133037671053335
163	-0.7694473881677844	0.16158738609372628
164	-0.7676710133122493	0.1618444959542288
165	-0.7658946384567142	0.16210170546195768
166	-0.7641182636011792	0.16235901378489476
167	-0.7623418887456441	0.16261642008911736
168	-0.7605655138901091	0.16287392353877544
169	-0.758789139034574	0.16313152329611966
170	-0.757012764179039	0.16338921852148983
171	-0.7552363893235039	0.16364700837331778
172	-0.7534600144679688	0.1639048920081452
173	-0.7516836396124338	0.16416286858059845
174	-0.7499072647568987	0.16442093724343262
175	-0.7481308899013637	0.16467909714749407
176	-0.7463545150458286	0.16493734744175648
177	-0.7445781401902934	0.16519568727329956
178	-0.7428017653347584	0.16545411578732966
179	-0.7410253904792233	0.16571263212718212
180	-0.7392490156236883	0.16597123543430703
181	-0.7374726407681532	0.1662299248482924
182	-0.7356962659126182	0.16648869950686762
183	-0.7339198910570831	0.1667475585458952
184	-0.7321435162015479	0.1670065010993754
185	-0.7303671413460129	0.167265526299469
186	-0.7285907664904778	0.16752463327646852
187	-0.7268143916349428	0.16778382115883006
188	-0.7250380167794077	0.16804308907316967
189	-0.7232616419238727	0.16830243614427148
190	-0.7214852670683376	0.1685618614950611
191	-0.7197088922128025	0.16882136424665223
192	-0.7179325173572675	0.16908094351833391
193	-0.7161561425017324	0.16934059842756194
194	-0.7143797676461974	0.16960032808997594
195	-0.7126033927906623	0.16986013161940375
196	-0.7108270179351273	0.17012000812785966
197	-0.7090506430795922	0.1703799567255508
198	-0.7072742682240571	0.17063997652089083
199	-0.7054978933685221	0.17090006662047352
200	-0.703721518512987	0.17116022612912557
201	-0.701945143657452	0.1714204541498528
202	-0.7001687688019169	0.17168074978390171
203	-0.6983923939463819	0.17194111213071825
204	-0.6966160190908468	0.17220154028798657
205	-0.6948396442353116	0.17246203335159832
206	-0.6930632693797766	0.17272259041568888
207	-0.6912868945242415	0.17298321057262628
208	-0.6895105196687065	0.17324389291301462
209	-0.6877341448131714	0.17350463652569767
210	-0.6859577699576364	0.17376544049778223
211	-0.6841813951021013	0.174026303914609
212	-0.6824050202465661	0.17428722585978582
213	-0.6806286453910311	0.17454820541517244
214	-0.678852270535496	0.17480924166090797
215	-0.677075895679961	0.17507033367538874
216	-0.6752995208244259	0.17533148053529202
217	-0.6735231459688908	0.17559268131556655
218	-0.6717467711133558	0.17585393508945363
219	-0.6699703962578207	0.1761152409284791
220	-0.6681940214022857	0.17637659790245497
221	-0.6664176465467506	0.17663800507949584
222	-0.6646412716912156	0.17689946152602073
223	-0.6628648968356805	0.17716096630674638
224	-0.6610885219801454	0.17742251848470747
225	-0.6593121471246104	0.17768411712126195
226	-0.6575357722690753	0.1779457612760566
227	-0.6557593974135403	0.1782074500071064
228	-0.6539830225580052	0.1784691823707213
229	-0.6522066477024702	0.17873095742156586
230	-0.6504302728469351	0.17899277421263576
231	-0.6486538979914	0.17925463179527218
232	-0.6468775231358649	0.17951652921916667
233	-0.6451011482803298	0.1797784655323592
234	-0.6433247734247948	0.18004043978126036
235	-0.6415483985692597	0.18030245101063463
236	-0.6397720237137247	0.1805644982636157
237	-0.6379956488581896	0.18082658058171736
238	-0.6362192740026545	0.1810886970048262
239	-0.6344428991471194	0.18135084657121073
240	-0.6326665242915843	0.18161302831753987
241	-0.6308901494360493	0.18187524127886562
242	-0.6291137745805142	0.1821374844886331
243	-0.6273373997249792	0.18239975697871763
244	-0.6255610248694441	0.18266205777937342
245	-0.623784650013909	0.18292438591927906
246	-0.622008275158374	0.18318674042555194
247	-0.6202319003028389	0.18344912032370142
248	-0.6184555254473039	0.18371152463768858
249	-0.6166791505917688	0.18397395238990694
250	-0.6149027757362338	0.18423640260118626
251	-0.6131264008806987	0.18449887429079867
252	-0.6113500260251636	0.184761366476481
253	-0.6095736511696286	0.18502387817441276
254	-0.6077972763140935	0.18528640839923863
255	-0.6060209014585585	0.1855489561640781
256	-0.6042445266030234	0.1858115204805083
257	-0.6024681517474884	0.1860741003586082
258	-0.6006917768919533	0.18633669480691206
259	-0.5989154020364182	0.18659930283245854
260	-0.5971390271808831	0.1868619234407823
261	-0.595362652325348	0.18712455563591235
262	-0.593586277469813	0.18738719842038815
263	-0.5918099026142779	0.18764985079525492
264	-0.5900335277587428	0.18791251176007928
265	-0.5882571529032078	0.18817518031294084
266	-0.5864807780476727	0.18843785545046013
267	-0.5847044031921376	0.1887005361677863
268	-0.5829280283366025	0.18896322145860506
269	-0.5811516534810675	0.18922591031514766
270	-0.5793752786255324	0.1894886017281931
271	-0.5775989037699973	0.1897512946870893
272	-0.5758225289144623	0.1900139881797321
273	-0.5740461540589272	0.1902766811925967
274	-0.5722697792033922	0.19053937271071913
275	-0.5704934043478571	0.19080206171772732
276	-0.5687170294923221	0.19106474719582797
277	-0.566940654636787	0.19132742812582365
278	-0.5651642797812519	0.19159010348710465
279	-0.5633879049257169	0.1918527722576799
280	-0.5616115300701818	0.19211543341414955
281	-0.5598351552146468	0.19237808593174988
282	-0.5580587803591117	0.1926407287843193
283	-0.5562824055035767	0.1929033609443275
284	-0.5545060306480415	0.1931659813828833
285	-0.5527296557925064	0.19342858906973703
286	-0.5509532809369714	0.1936911829732735
287	-0.5491769060814363	0.19395376206053827
288	-0.5474005312259013	0.1942163252972221
289	-0.5456241563703662	0.19447887164769564
290	-0.5438477815148312	0.19474140007498736
291	-0.5420714066592961	0.19500390954081345
292	-0.540295031803761	0.19526639900555395
293	-0.538518656948226	0.19552886742829134
294	-0.5367422820926909	0.1957913137668043
295	-0.5349659072371559	0.19605373697756207
296	-0.5331895323816208	0.19631613601574874
297	-0.5314131575260858	0.19657850983525885
298	-0.5296367826705506	0.19684085738870852
299	-0.5278604078150155	0.19710317762743948
300	-0.5260840329594805	0.19736546950151923
301	-0.5243076581039454	0.1976277319597673
302	-0.5225312832484104	0.1978899639497393
303	-0.5207549083928753	0.19815216441775077
304	-0.5189785335373402	0.19841433230886477
305	-0.5172021586818052	0.19867646656690863
306	-0.5154257838262701	0.19893856613449545
307	-0.5136494089707351	0.19920062995300417
308	-0.5118730341152	0.19946265696260226
309	-0.510096659259665	0.19972464610224702
310	-0.5083202844041299	0.19998659630969323
311	-0.5065439095485949	0.20024850652149775
312	-0.5047675346930597	0.2005103756730283
313	-0.5029911598375246	0.20077220269847854
314	-0.5012147849819896	0.20103398653084875
315	-0.4994384101264545	0.20129572610198962
316	-0.49766203527091946	0.20155742034257168
317	-0.4958856604153844	0.20181906818212986
318	-0.49410928555984934	0.20208066854902842
319	-0.4923329107043143	0.20234222037049662
320	-0.49055653584877923	0.20260372257263887
321	-0.4887801609932442	0.2028651740804147
322	-0.4870037861377091	0.20312657381766885
323	-0.48522741128217406	0.20338792070713613
324	-0.483451036426639	0.20364921367043995
325	-0.48167466157110395	0.20391045162809404
326	-0.4798982867155688	0.2041716334995236
327	-0.4781219118600337	0.2044327582030695
328	-0.47634553700449866	0.20469382465598898
329	-0.4745691621489636	0.20495483177446816
330	-0.47279278729342855	0.2052157784736236
331	-0.4710164124378935	0.2054766636675044
332	-0.46924003758235844	0.20573748626912944
333	-0.4674636627268234	0.20599824519044954
334	-0.4656872878712883	0.20625893934238546
335	-0.46391091301575327	0.20651956763483162
336	-0.4621345381602182	0.2067801289766471
337	-0.46035816330468315	0.20704062227568115
338	-0.4585817884491481	0.20730104643877523
339	-0.45680541359361304	0.20756140037175894
340	-0.4550290387380779	0.20782168297947776
341	-0.4532526638825428	0.20808189316577916
342	-0.45147628902700776	0.2083420298335262
343	-0.4496999141714727	0.20860209188462606
344	-0.44792353931593765	0.20886207821999583
345	-0.4461471644604026	0.20912198773960985
346	-0.44437078960486753	0.20938181934248581
347	-0.4425944147493325	0.2096415719266913
348	-0.4408180398937974	0.2099012443893635
349	-0.43904166503826236	0.21016083562669993
350	-0.4372652901827273	0.21042034453398997
351	-0.43548891532719225	0.21067977000558671
352	-0.4337125404716572	0.21093911093495826
353	-0.431936165616122	0.21119836621465413
354	-0.43015979076058697	0.21145753473633858
355	-0.4283834159050519	0.21171661539079037
356	-0.42660704104951686	0.2119756070679035
357	-0.4248306661939818	0.21223450865671106
358	-0.42305429133844674	0.2124933190453707
359	-0.4212779164829117	0.2127520371211923
360	-0.41950154162737663	0.21301066177064754
361	-0.41772516677184157	0.2132691918793348
362	-0.4159487919163065	0.21352762633205621
363	-0.41417241706077146	0.21378596401276803
364	-0.4123960422052364	0.21404420380460562
365	-0.41061966734970134	0.21430234458991063
366	-0.4088432924941663	0.21456038525020982
367	-0.4070669176386311	0.21481832466623377
368	-0.40529054278309606	0.2150761617179331
369	-0.403514167927561	0.21533389528448174
370	-0.40173779307202595	0.21559152424425504
371	-0.3999614182164909	0.21584904747490827
372	-0.39818504336095584	0.2161064638533033
373	-0.3964086685054208	0.21636377225556502
374	-0.3946322936498857	0.21662097155708712
375	-0.39285591879435067	0.21687806063250872
376	-0.3910795439388156	0.2171350383557718
377	-0.38930316908328055	0.21739190360007676
378	-0.3875267942277455	0.21764865523793314
379	-0.38575041937221044	0.21790529214112264
380	-0.3839740445166754	0.218161813180766
381	-0.3821976696611402	0.21841821722727273
382	-0.38042129480560516	0.2186745031503882
383	-0.3786449199500701	0.21893066981918416
384	-0.37686854509453505	0.21918671610206314
385	-0.375092170239	0.2194426408667843
386	-0.37331579538346493	0.21969844298045152
387	-0.3715394205279299	0.2199541213095412
388	-0.3697630456723948	0.22020967471988723
389	-0.36798667081685976	0.2204651020767064
390	-0.3662102959613247	0.22072040224461068
391	-0.36443392110578965	0.22097557408759447
392	-0.3626575462502546	0.22123061646905332
393	-0.36088117139471954	0.22148552825180062
394	-0.3591047965391845	0.22174030829806343
395	-0.3573284216836493	0.22199495546949308
396	-0.35555204682811425	0.2222494686271856
397	-0.3537756719725792	0.22250384663167355
398	-0.35199929711704414	0.22275808834292965
399	-0.3502229222615091	0.223012192620407
400	-0.348446547405974	0.22326615832300073
401	-0.34667017255043897	0.22351998430910833
402	-0.3448937976949039	0.22377366943659852
403	-0.34311742283936886	0.22402721256282063
404	-0.3413410479838338	0.22428061254463874
405	-0.33956467312829874	0.22453386823842478
406	-0.3377882982727637	0.22478697850006055
407	-0.33601192341722863	0.22503994218496298
408	-0.3342355485616936	0.22529275814806285
409	-0.3324591737061584	0.22554542524385188
410	-0.33068279885062335	0.2257979423263728
411	-0.3289064239950883	0.22605030824920788
412	-0.32713004913955324	0.22630252186552297
413	-0.3253536742840182	0.2265545820280577
414	-0.3235772994284831	0.2268064875891265
415	-0.32180092457294807	0.227058237400636
416	-0.320024549717413	0.22730983031410568
417	-0.31824817486187795	0.22756126518064979
418	-0.3164718000063429	0.2278125408510099
419	-0.31469542515080784	0.2280636561755461
420	-0.3129190502952728	0.2283146100042572
421	-0.3111426754397377	0.22856540118678167
422	-0.30936630058420267	0.2288160285724225
423	-0.3075899257286675	0.2290664910101083
424	-0.30581355087313244	0.22931678734846933
425	-0.3040371760175974	0.22956691643580626
426	-0.30226080116206233	0.2298168771200973
427	-0.3004844263065273	0.23006666824901414
428	-0.2987080514509922	0.2303162886699408
429	-0.29693167659545716	0.23056573722995657
430	-0.2951553017399221	0.2308150127758797
431	-0.29337892688438705	0.23106411415424408
432	-0.291602552028852	0.2313130402113174
433	-0.28982617717331693	0.23156178979313155
434	-0.2880498023177819	0.23181036174544842
435	-0.2862734274622468	0.23205875491381228
436	-0.28449705260671165	0.2323069681435275
437	-0.2827206777511766	0.23255500027967982
438	-0.28094430289564154	0.23280285016715238
439	-0.2791679280401065	0.23305051665062637
440	-0.2773915531845714	0.23329799857456437
441	-0.27561517832903637	0.2335452947832798
442	-0.2738388034735013	0.2337924041208859
443	-0.27206242861796626	0.23403932543133743
444	-0.2702860537624312	0.23428605755843204
445	-0.26850967890689614	0.23453259934581625
446	-0.2667333040513611	0.23477894963698834
447	-0.26495692919582603	0.2350251072753199
448	-0.263180554340291	0.23527107110407472
449	-0.2614041794847559	0.23551683996636852
450	-0.25962780462922075	0.23576241270524104
451	-0.2578514297736857	0.2360077881636132
452	-0.25607505491815064	0.2362529651843414
453	-0.2542986800626156	0.23649794261018808
454	-0.2525223052070805	0.23674271928384272
455	-0.25074593035154547	0.23698729404793906
456	-0.2489695554960104	0.23723166574506385
457	-0.24719318064047535	0.23747583321775245
458	-0.2454168057849403	0.23771979530850426
459	-0.24364043092940524	0.23796355085980583
460	-0.24186405607387018	0.2382070987141031
461	-0.24008768121833512	0.23845043771385854
462	-0.23831130636280007	0.23869356670152816
463	-0.236534931507265	0.23893648451956292
464	-0.23475855665172984	0.23917919001046573
465	-0.2329821817961948	0.2394216820167337
466	-0.23120580694065973	0.23966395938092205
467	-0.22942943208512467	0.2399060209456208
468	-0.22765305722958962	0.2401478655534843
469	-0.22587668237405456	0.24038949204722532
470	-0.2241003075185195	0.2406308992696311
471	-0.22232393266298445	0.24087208606357094
472	-0.2205475578074494	0.2411130512720043
473	-0.21877118295191433	0.24135379373799734
474	-0.21699480809637928	0.24159431230471726
475	-0.21521843324084422	0.2418346058154491
476	-0.21344205838530916	0.24207467311361935
477	-0.2116656835297741	0.24231451304278026
478	-0.20988930867423894	0.24255412444662597
479	-0.20811293381870388	0.24279350616900797
480	-0.20633655896316883	0.2430326570539526
481	-0.20456018410763377	0.24327157594564686
482	-0.2027838092520987	0.24351026168846965
483	-0.20100743439656366	0.2437487131269731
484	-0.1992310595410286	0.24398692910594078
485	-0.19745468468549354	0.24422490847033504
486	-0.19567830982995849	0.24446265006535303
487	-0.19390193497442343	0.24470015273642115
488	-0.19212556011888837	0.24493741532919266
489	-0.19034918526335332	0.24517443668957906
490	-0.18857281040781826	0.24541121566374044
491	-0.1867964355522832	0.245647751098105
492	-0.18502006069674803	0.24588404183936502
493	-0.18324368584121298	0.24612008673450886
494	-0.18146731098567792	0.24635588463081118
495	-0.17969093613014286	0.24659143437585093
496	-0.1779145612746078	0.24682673481751896
497	-0.17613818641907275	0.24706178480401736
498	-0.1743618115635377	0.24729658318389194
499	-0.17258543670800264	0.24753112880601444
500	-0.17080906185246758	0.2477654205196034
501	-0.16903268699693252	0.24799945717424635
502	-0.16725631214139747	0.24823323761989496
503	-0.1654799372858624	0.24846676070686308
504	-0.16370356243032735	0.2487000252858622
505	-0.1619271875747923	0.2489330302079993
506	-0.16015081271925713	0.2491657743247761
507	-0.15837443786372207	0.2493982564881094
508	-0.15659806300818702	0.24963047555033968
509	-0.15482168815265196	0.2498624303642354
510	-0.1530453132971169	0.2500941197830253
511	-0.15126893844158185	0.25032554266036083
512	-0.1494925635860468	0.25055669785035495
513	-0.14771618873051173	0.25078758420760994
514	-0.14593981387497668	0.2510182005871882
515	-0.14416343901944162	0.25124854584465206
516	-0.14238706416390656	0.2514786188360455
517	-0.1406106893083715	0.2517084184179244
518	-0.13883431445283645	0.25193794344737697
519	-0.13705793959730128	0.2521671927819794
520	-0.13528156474176622	0.2523961652798847
521	-0.13350518988623117	0.252624859799751
522	-0.1317288150306961	0.2528532752008145
523	-0.12995244017516105	0.2530814103428614
524	-0.128176065319626	0.2533092640862564
525	-0.12639969046409094	0.25353683529194393
526	-0.12462331560855588	0.25376412282145033
527	-0.12284694075302083	0.25399112553689934
528	-0.12107056589748577	0.25421784230103484
529	-0.11929419104195071	0.25444427197723013
530	-0.11751781618641566	0.25467041342945385
531	-0.1157414413308806	0.2548962655223366
532	-0.11396506647534554	0.2551218271211453
533	-0.11218869161981038	0.25534709709180486
534	-0.11041231676427532	0.2555720743009048
535	-0.10863594190874026	0.25579675761571485
536	-0.1068595670532052	0.2560211459041733
537	-0.10508319219767015	0.25624523803493376
538	-0.1033068173421351	0.2564690328773272
539	-0.10153044248660004	0.2566925293014259
540	-0.09975406763106498	0.25691572617799446
541	-0.09797769277552992	0.2571386223785472
542	-0.09620131791999487	0.2573612167753325
543	-0.09442494306445981	0.25758350824135584
544	-0.09264856820892475	0.2578054956503683
545	-0.0908721933533897	0.258027177876896
546	-0.08909581849785464	0.25824855379624784
547	-0.08731944364231947	0.25846962228450926
548	-0.08554306878678442	0.2586903822185766
549	-0.08376669393124936	0.25891083247614677
550	-0.0819903190757143	0.2591309719357169
551	-0.08021394422017925	0.2593507994766416
552	-0.07843756936464419	0.2595703139790712
553	-0.07666119450910913	0.25978951432402797
554	-0.07488481965357408	0.2600083993933836
555	-0.07310844479803902	0.2602269680698608
556	-0.07133206994250396	0.2604452192370681
557	-0.0695556950869689	0.26066315177947497
558	-0.06777932023143385	0.2608807645824789
559	-0.06600294537589879	0.26109805653233176
560	-0.06422657052036373	0.2613150265162214
561	-0.06245019566482857	0.26153167342226524
562	-0.06067382080929351	0.2617479961394836
563	-0.058897445953758565	0.261963993557845
564	-0.05712107109822351	0.26217966456826947
565	-0.05534469624268845	0.26239500806262495
566	-0.053568321387153395	0.26261002293376273
567	-0.05179194653161834	0.2628247080754894
568	-0.05001557167608306	0.26303906238260305
569	-0.048239196820548	0.263253084750911
570	-0.046462821965012946	0.2634667740772003
571	-0.04468644710947789	0.26368012925928797
572	-0.04291007225394283	0.263893149195999
573	-0.041133697398407776	0.26410583278721134
574	-0.03935732254287272	0.26431817893382914
575	-0.03758094768733766	0.2645301865378061
576	-0.035804572831802606	0.2647418545021614
577	-0.03402819797626755	0.26495318173098736
578	-0.03225182312073249	0.26516416712944185
579	-0.030475448265197436	0.2653748096037933
580	-0.02869907340966238	0.2655851080613815
581	-0.026922698554127322	0.2657950614106688
582	-0.025146323698592266	0.26600466856123867
583	-0.02336994884305721	0.2662139284237751
584	-0.021593573987522152	0.2664228399101361
585	-0.019817199131987095	0.26663140193329704
586	-0.01804082427645204	0.2668396134073769
587	-0.016264449420916982	0.26704747324769046
588	-0.014488074565381925	0.26725498037070194
589	-0.012711699709846869	0.2674621336940748
590	-0.010935324854311812	0.2676689321366364
591	-0.009158949998776755	0.26787537461843797
592	-0.007382575143241699	0.26808146006073397
593	-0.005606200287706642	0.2682871873860012
594	-0.0038298254321715852	0.2684925555179415
595	-0.0020534505766365285	0.26869756338148915
596	-0.0002770757211012498	0.26890220990283276
597	0.001499299134433807	0.26910649400941955
598	0.0032756739899688636	0.2693104146299532
599	0.00505204884550392	0.26951397069442246
600	0.006828423701038977	0.26971716113409605
601	0.008604798556574034	0.26991998488154123
602	0.01038117341210909	0.2701224408706142
603	0.012157548267644147	0.2703245280364999
604	0.013933923123179204	0.27052624531569375
605	0.01571029797871426	0.2707275916460269
606	0.017486672834249317	0.2709285659666719
607	0.019263047689784374	0.27112916721814556
608	0.02103942254531943	0.27132939434232584
609	0.022815797400854487	0.2715292462824683
610	0.024592172256389544	0.27172872198318576
611	0.0263685471119246	0.2719278203904936
612	0.028144921967459657	0.272126540451791
613	0.029921296822994714	0.27232488111589653
614	0.03169767167852977	0.2725228413330308
615	0.03347404653406483	0.2727204200548332
616	0.035250421389599884	0.27291761623439925
617	0.03702679624513494	0.2731144288262349
618	0.03880317110067	0.2733108567863209
619	0.040579545956205054	0.27350689907208625
620	0.04235592081174011	0.2737025546424338
621	0.04413229566727517	0.27389782245774424
622	0.045908670522810224	0.2740927014798844
623	0.0476850453783455	0.27428719067221646
624	0.04946142023388056	0.2744812889996107
625	0.051237795089415616	0.27467499542844503
626	0.05301416994495067	0.2748683089266403
627	0.05479054480048573	0.2750612284636351
628	0.05656691965602079	0.27525375301040855
629	0.05834329451155584	0.27544588153950095
630	0.0601196693670909	0.2756376130249943
631	0.06189604422262596	0.2758289464425775
632	0.06367241907816101	0.27601988076947864
633	0.06544879393369607	0.27621041498453514
634	0.06722516878923113	0.2764005480681724
635	0.06900154364476618	0.27659027900242605
636	0.07077791850030124	0.27677960677094904
637	0.0725542933558363	0.27696853035900704
638	0.07433066821137135	0.2771570487535171
639	0.07610704306690641	0.27734516094301725
640	0.07788341792244147	0.27753286591770965
641	0.07965979277797652	0.27772016266945826
642	0.08143616763351158	0.27790705019178885
643	0.08321254248904664	0.2780935274799022
644	0.0849889173445817	0.2782795935306967
645	0.08676529220011675	0.27846524734276284
646	0.08854166705565181	0.27865048791639024
647	0.09031804191118686	0.27883531425358743
648	0.09209441676672192	0.27901972535807973
649	0.09387079162225698	0.27920372023534523
650	0.09564716647779203	0.2793872978925627
651	0.09742354133332731	0.27957045733870284
652	0.09919991618886237	0.2797531975844644
653	0.10097629104439743	0.2799355176423305
654	0.10275266589993248	0.28011741652655386
655	0.10452904075546754	0.28029889325316115
656	0.1063054156110026	0.28047994684
657	0.10808179046653765	0.2806605763066958
658	0.10985816532207271	0.2808407806746957
659	0.11163454017760777	0.28102055896726436
660	0.11341091503314282	0.2811999102095
661	0.11518728988867788	0.28137883342833003
662	0.11696366474421294	0.28155732765252656
663	0.11874003959974799	0.2817353919127437
664	0.12051641445528305	0.2819130252414603
665	0.1222927893108181	0.28209022667306416
666	0.12406916416635316	0.28226699524378834
667	0.12584553902188822	0.28244332999179084
668	0.12762191387742328	0.28261922995710237
669	0.12939828873295833	0.28279469418168
670	0.1311746635884934	0.2829697217093752
671	0.13295103844402845	0.2831443115859958
672	0.1347274132995635	0.2833184628592561
673	0.13650378815509856	0.28349217457881665
674	0.13828016301063362	0.28366544579630165
675	0.14005653786616867	0.28383827556528196
676	0.14183291272170373	0.2840106629413101
677	0.1436092875772388	0.2841826069818959
678	0.14538566243277384	0.2843541067465428
679	0.14716203728830912	0.28452516129676264
680	0.14893841214384418	0.2846957696960489
681	0.15071478699937924	0.28486593100990404
682	0.1524911618549143	0.285035644305873
683	0.15426753671044935	0.28520490865351145
684	0.1560439115659844	0.28537372312441484
685	0.15782028642151946	0.2855420867922145
686	0.15959666127705452	0.2857099987326165
687	0.16137303613258958	0.28587745802335884
688	0.16314941098812463	0.28604446374428155
689	0.1649257858436597	0.28621101497727636
690	0.16670216069919475	0.28637711080634193
691	0.1684785355547298	0.2865427503175552
692	0.17025491041026486	0.2867079325991005
693	0.17203128526579992	0.28687265674129064
694	0.17380766012133497	0.28703692183653995
695	0.17558403497687003	0.28720072697939353
696	0.17736040983240509	0.2873640712665379
697	0.17913678468794014	0.2875269537968003
698	0.1809131595434752	0.2876893736711749
699	0.18268953439901026	0.28785132999280283
700	0.1844659092545453	0.28801282186699495
701	0.18624228411008037	0.2881738484012489
702	0.18801865896561543	0.28833440870524324
703	0.18979503382115048	0.28849450189084824
704	0.19157140867668554	0.28865412707214466
705	0.1933477835322206	0.28881328336542506
706	0.19512415838775587	0.28897196988918344
707	0.19690053324329093	0.289130185764159
708	0.198676908098826	0.28928793011332465
709	0.20045328295436105	0.28944520206188346
710	0.2022296578098961	0.2896020007373079
711	0.20400603266543116	0.2897583252693226
712	0.20578240752096622	0.2899141747899013
713	0.20755878237650127	0.2900695484333217
714	0.20933515723203633	0.2902244453361229
715	0.21111153208757139	0.29037886463715784
716	0.21288790694310644	0.2905328054775616
717	0.2146642817986415	0.2906862670007783
718	0.21644065665417656	0.29083924835257
719	0.2182170315097116	0.29099174868101874
720	0.21999340636524667	0.291143767136547
721	0.22176978122078173	0.29129530287190525
722	0.22354615607631678	0.29144635504219957
723	0.22532253093185184	0.2915969228048822
724	0.2270989057873869	0.2917470053197688
725	0.22887528064292195	0.2918966017490637
726	0.230651655498457	0.29204571125731066
727	0.23242803035399207	0.29219433301147824
728	0.23420440520952712	0.2923424661809159
729	0.23598078006506218	0.2924901099373618
730	0.23775715492059724	0.29263726345497365
731	0.2395335297761323	0.29278392591033026
732	0.24130990463166735	0.292930096482421
733	0.2430862794872024	0.29307577435267956
734	0.24486265434273768	0.29322095870497517
735	0.24663902919827274	0.29336564872563287
736	0.2484154040538078	0.29350984360340404
737	0.25019177890934285	0.29365354252954023
738	0.2519681537648779	0.2937967446977328
739	0.25374452862041297	0.2939394493041674
740	0.255520903475948	0.2940816555475121
741	0.2572972783314831	0.29422336262892207
742	0.25907365318701814	0.2943645697520545
743	0.2608500280425532	0.2945052761230769
744	0.26262640289808825	0.2946454809506651
745	0.2644027777536233	0.2947851834460226
746	0.26617915260915836	0.294924382822894
747	0.2679555274646934	0.2950630782975314
748	0.2697319023202285	0.2952012690887587
749	0.27150827717576353	0.2953389544179287
750	0.2732846520312986	0.2954761335089761
751	0.27506102688683365	0.2956128055883856
752	0.2768374017423687	0.29574896988522653
753	0.27861377659790376	0.2958846256311347
754	0.2803901514534388	0.29601977206035296
755	0.2821665263089739	0.2961544084096954
756	0.28394290116450893	0.29628853391859433
757	0.285719276020044	0.2964221478291004
758	0.28749565087557905	0.29655524938585986
759	0.2892720257311141	0.2966878378361413
760	0.29104840058664916	0.29681991242987166
761	0.2928247754421842	0.2969514724195987
762	0.2946011502977195	0.29708251706051014
763	0.29637752515325455	0.2972130456104354
764	0.2981539000087896	0.29734305732990673
765	0.29993027486432466	0.29747255148207485
766	0.3017066497198597	0.2976015273327798
767	0.3034830245753948	0.2977299841505573
768	0.30525939943092983	0.2978579212066
769	0.3070357742864649	0.29798533777481645
770	0.30881214914199995	0.2981122331318195
771	0.310588523997535	0.29823860655690904
772	0.31236489885307006	0.2983644573321054
773	0.3141412737086051	0.29848978474215526
774	0.3159176485641402	0.2986145880745375
775	0.31769402341967523	0.29873886661945764
776	0.3194703982752103	0.2988626196698472
777	0.32124677313074534	0.29898584652142995
778	0.3230231479862804	0.29910854647263035
779	0.32479952284181546	0.2992307188246748
780	0.3265758976973505	0.29935236288153666
781	0.32835227255288557	0.29947347794997137
782	0.33012864740842063	0.29959406333950817
783	0.3319050222639557	0.29971411836247197
784	0.33368139711949074	0.2998336423339802
785	0.3354577719750258	0.29995263457194354
786	0.33723414683056085	0.3000710943970941
787	0.3390105216860959	0.30018902113296186
788	0.34078689654163097	0.30030641410590625
789	0.34256327139716625	0.30042327264510416
790	0.3443396462527013	0.30053959608258224
791	0.34611602110823636	0.3006553837531831
792	0.3478923959637714	0.3007706349946208
793	0.3496687708193065	0.3008853491474229
794	0.35144514567484153	0.30099952555502846
795	0.3532215205303766	0.3011131635636911
796	0.35499789538591164	0.3012262625225598
797	0.3567742702414467	0.3013388217836645
798	0.35855064509698176	0.3014508407018992
799	0.3603270199525168	0.3015623186350574
800	0.36210339480805187	0.30167325494382785
801	0.3638797696635869	0.3017836489918016
802	0.365656144519122	0.30189350014547855
803	0.36743251937465704	0.3020028077742627
804	0.3692088942301921	0.30211157125047927
805	0.37098526908572715	0.30221978994939874
806	0.3727616439412622	0.30232746324919957
807	0.37453801879679727	0.3024345905309941
808	0.3763143936523323	0.3025411711788669
809	0.3780907685078674	0.3026472045798173
810	0.37986714336340244	0.30275269012383565
811	0.3816435182189375	0.3028576272038398
812	0.38341989307447255	0.30296201521572735
813	0.3851962679300076	0.30306585355837345
814	0.38697264278554266	0.30316914163363273
815	0.3887490176410777	0.30327187884633744
816	0.3905253924966128	0.30337406460430427
817	0.39230176735214806	0.3034756983183535
818	0.3940781422076831	0.3035767794023081
819	0.39585451706321817	0.30367730727299547
820	0.3976308919187532	0.30377728135025
821	0.3994072667742883	0.3038767010569215
822	0.40118364162982334	0.3039755658189091
823	0.4029600164853584	0.3040738750651036
824	0.40473639134089345	0.30417162822745236
825	0.4065127661964285	0.3042688247409493
826	0.40828914105196357	0.3043654640436041
827	0.4100655159074986	0.3044615455765204
828	0.4118418907630337	0.3045570687838142
829	0.41361826561856874	0.30465203311268896
830	0.4153946404741038	0.3047464380134037
831	0.41717101532963885	0.3048402829393086
832	0.4189473901851739	0.30493356734679933
833	0.42072376504070896	0.305026290695379
834	0.422500139896244	0.30511845244763847
835	0.4242765147517791	0.30521005206923874
836	0.42605288960731413	0.3053010890289713
837	0.4278292644628492	0.30539156279870433
838	0.42960563931838425	0.30548147285342947
839	0.4313820141739193	0.30557081867124325
840	0.43315838902945436	0.30565959973336754
841	0.4349347638849894	0.30574781552415076
842	0.4367111387405245	0.3058354655310536
843	0.43848751359605953	0.3059225492446755
844	0.4402638884515946	0.30600906615877604
845	0.44204026330712987	0.30609501577023657
846	0.4438166381626649	0.3061803975790807
847	0.4455930130182	0.3062652110885205
848	0.44736938787373504	0.30634945580487283
849	0.4491457627292701	0.30643313123766297
850	0.45092213758480515	0.30651623689956514
851	0.4526985124403402	0.30659877230642185
852	0.45447488729587526	0.30668073697726306
853	0.4562512621514103	0.30676213043429745
854	0.4580276370069454	0.3068429522029043
855	0.45980401186248043	0.30692320181168237
856	0.4615803867180155	0.30700287879239796
857	0.46335676157355055	0.3070819826800458
858	0.4651331364290856	0.30716051301278885
859	0.46690951128462066	0.307238469332034
860	0.4686858861401557	0.3073158511823787
861	0.4704622609956908	0.3073926581116524
862	0.47223863585122583	0.30746888967089675
863	0.4740150107067609	0.3075445454143774
864	0.47579138556229594	0.30761962489960815
865	0.477567760417831	0.3076941276873204
866	0.47934413527336606	0.30776805334150176
867	0.4811205101289011	0.3078414014293584
868	0.48289688498443617	0.3079141715213697
869	0.4846732598399712	0.30798636319125305
870	0.4864496346955063	0.3080579760159851
871	0.48822600955104134	0.30812900957580525
872	0.4900023844065766	0.30819946345422466
873	0.4917787592621117	0.3082693372380077
874	0.49355513411764673	0.3083386305171927
875	0.4953315089731818	0.30840734288510124
876	0.49710788382871685	0.3084754739383486
877	0.4988842586842519	0.30854302327681443
878	0.500660633539787	0.3086099905036627
879	0.502437008395322	0.30867637522537644
880	0.5042133832508571	0.30874217705170914
881	0.5059897581063921	0.3088073955957226
882	0.5077661329619272	0.3088720304737873
883	0.5095425078174622	0.3089360813055732
884	0.5113188826729973	0.3089995477140778
885	0.5130952575285324	0.3090624293255921
886	0.5148716323840674	0.30912472576974437
887	0.5166480072396025	0.30918643667946133
888	0.5184243820951375	0.30924756169102596
889	0.5202007569506726	0.30930810044402157
890	0.5219771318062076	0.30936805258139416
891	0.5237535066617427	0.30942741774939797
892	0.5255298815172778	0.30948619559764695
893	0.5273062563728128	0.3095443857790918
894	0.5290826312283479	0.3096019879500305
895	0.5308590060838829	0.30965900177009775
896	0.532635380939418	0.30971542690230836
897	0.534411755794953	0.3097712630130174
898	0.5361881306504881	0.3098265097719423
899	0.5379645055060231	0.3098811668521684
900	0.5397408803615584	0.30993523393012834
901	0.5415172552170935	0.3099887106856595
902	0.5432936300726285	0.31004159680194504
903	0.5450700049281636	0.31009389196554143
904	0.5468463797836987	0.3101455958664192
905	0.5486227546392337	0.3101967081978869
906	0.5503991294947688	0.31024722865666365
907	0.5521755043503038	0.3102971569428569
908	0.5539518792058389	0.310346492759955
909	0.5557282540613739	0.3103952358148504
910	0.557504628916909	0.3104433858178203
911	0.559281003772444	0.31049094248255427
912	0.5610573786279791	0.31053790552613786
913	0.5628337534835142	0.31058427466906746
914	0.5646101283390492	0.3106300496352473
915	0.5663865031945843	0.3106752301519849
916	0.5681628780501193	0.3107198159500067
917	0.5699392529056544	0.3107638067634549
918	0.5717156277611894	0.3108072023298896
919	0.5734920026167245	0.31085000239030697
920	0.5752683774722596	0.31089220668910594
921	0.5770447523277946	0.3109338149741113
922	0.5788211271833297	0.3109748269966043
923	0.5805975020388647	0.31101524251127327
924	0.5823738768943998	0.3110550612762524
925	0.5841502517499348	0.31109428305310216
926	0.5859266266054699	0.31113290760684
927	0.587703001461005	0.3111709347058946
928	0.5894793763165402	0.3112083641221643
929	0.5912557511720753	0.3112451956310038
930	0.5930321260276104	0.31128142901117295
931	0.5948085008831454	0.3113170640449161
932	0.5965848757386805	0.3113521005179288
933	0.5983612505942155	0.31138653821934253
934	0.6001376254497506	0.3114203769417699
935	0.6019140003052856	0.31145361648125625
936	0.6036903751608207	0.31148625663732477
937	0.6054667500163557	0.31151829721296626
938	0.6072431248718908	0.3115497380146092
939	0.6090194997274259	0.3115805788521864
940	0.6107958745829609	0.3116108195390796
941	0.612572249438496	0.31164045989213046
942	0.614348624294031	0.311669499731675
943	0.6161249991495661	0.311697938881508
944	0.6179013740051011	0.3117257771689127
945	0.6196777488606362	0.3117530144246301
946	0.6214541237161713	0.3117796504829133
947	0.6232304985717063	0.3118056851814675
948	0.6250068734272414	0.31183111836148164
949	0.6267832482827764	0.31185594986765297
950	0.6285596231383115	0.3118801795481395
951	0.6303359979938465	0.3119038072546027
952	0.6321123728493816	0.31192683284218814
953	0.6338887477049167	0.3119492561695264
954	0.6356651225604517	0.3119710770987503
955	0.637441497415987	0.3119922954954852
956	0.639217872271522	0.3120129112288304
957	0.6409942471270571	0.31203292417141026
958	0.6427706219825922	0.3120523341993361
959	0.6445469968381272	0.31207114119221235
960	0.6463233716936623	0.31208934503313573
961	0.6480997465491973	0.312106945608734
962	0.6498761214047324	0.3121239428091077
963	0.6516524962602674	0.31214033652787604
964	0.6534288711158025	0.3121561266621508
965	0.6552052459713376	0.3121713131125628
966	0.6569816208268726	0.31218589578324446
967	0.6587579956824077	0.31219987458183246
968	0.6605343705379427	0.3122132494194729
969	0.6623107453934778	0.31222602021082524
970	0.6640871202490128	0.3122381868740581
971	0.6658634951045479	0.31224974933084454
972	0.667639869960083	0.31226070750637636
973	0.669416244815618	0.3122710613293637
974	0.6711926196711531	0.31228081073201885
975	0.6729689945266881	0.3122899556500724
976	0.6747453693822232	0.3122984960227792
977	0.6765217442377582	0.3123064317928971
978	0.6782981190932933	0.31231376290669516
979	0.6800744939488284	0.3123204893139794
980	0.6818508688043634	0.3123266109680625
981	0.6836272436598985	0.31233212782577324
982	0.6854036185154335	0.3123370398474634
983	0.6871799933709688	0.3123413469969993
984	0.6889563682265039	0.3123450492417665
985	0.6907327430820389	0.3123481465526838
986	0.692509117937574	0.3123506389041734
987	0.694285492793109	0.3123525262741746
988	0.6960618676486441	0.31235380864416995
989	0.6978382425041791	0.31235448599913773
990	0.6996146173597142	0.3123545583276029
991	0.7013909922152493	0.3123540256215813
992	0.7031673670707843	0.3123528878766407
993	0.7049437419263194	0.31235114509184553
994	0.7067201167818544	0.3123487972698031
995	0.7084964916373895	0.31234584441662894
996	0.7102728664929245	0.3123422865419626
997	0.7120492413484596	0.3123381236589609
998	0.7138256162039947	0.3123333557843142
999	0.7156019910595297	0.3123279829382288
1000	0.7173783659150648	0.31232200514443714
1001	0.7191547407705998	0.31231542243016525
1002	0.7209311156261349	0.3123082348262175
1003	0.7227074904816699	0.3123004423668514
1004	0.724483865337205	0.3122920450898907
1005	0.72626024019274	0.31228304303666715
1006	0.7280366150482751	0.3122734362520251
1007	0.7298129899038102	0.31226322478434976
1008	0.7315893647593452	0.3122524086855084
1009	0.7333657396148803	0.3122409880109283
1010	0.7351421144704153	0.31222896281953877
1011	0.7369184893259506	0.31221633317376624
1012	0.7386948641814857	0.3122030991395784
1013	0.7404712390370207	0.312189260786456
1014	0.7422476138925558	0.31217481818739246
1015	0.7440239887480908	0.3121597714188988
1016	0.7458003636036259	0.3121441205610001
1017	0.747576738459161	0.31212786569723
1018	0.749353113314696	0.3121110069146453
1019	0.7511294881702311	0.31209354430379915
1020	0.7529058630257661	0.3120754779587776
1021	0.7546822378813012	0.3120568079771627
1022	0.7564586127368362	0.3120375344600589
1023	0.7582349875923713	0.3120176575120614
1024	0.7600113624479063	0.31199717724128695
1025	0.7617877373034414	0.3119760937593589
1026	0.7635641121589765	0.3119544071813972
1027	0.7653404870145115	0.31193211762603884
1028	0.7671168618700466	0.31190922521541603
1029	0.7688932367255816	0.31188573007516684
1030	0.7706696115811167	0.3118616323344434
1031	0.7724459864366517	0.3118369321258674
1032	0.7742223612921868	0.31181162958558983
1033	0.7759987361477219	0.3117857248532467
1034	0.7777751110032569	0.31175921807197066
1035	0.779551485858792	0.31173210938839574
1036	0.781327860714327	0.31170439895263896
1037	0.7831042355698621	0.3116760869183211
1038	0.7848806104253974	0.3116471734425619
1039	0.7866569852809324	0.3116176586859297
1040	0.7884333601364675	0.31158754281254064
1041	0.7902097349920025	0.3115568259899505
1042	0.7919861098475376	0.3115255083892206
1043	0.7937624847030726	0.3114935901848855
1044	0.7955388595586077	0.31146107155498964
1045	0.7973152344141428	0.311427952681014
1046	0.7990916092696778	0.31139423374794983
1047	0.8008679841252129	0.31135991494426163
1048	0.8026443589807479	0.31132499646187634
1049	0.804420733836283	0.3112894784962047
1050	0.806197108691818	0.3112533612461238
1051	0.8079734835473531	0.3112166449139866
1052	0.8097498584028882	0.31117932970560397
1053	0.8115262332584232	0.31114141583026267
1054	0.8133026081139583	0.3111029035007018
1055	0.8150789829694933	0.31106379293314856
1056	0.8168553578250284	0.311024084347246
1057	0.8186317326805634	0.31098377796613585
1058	0.8204081075360985	0.3109428740163974
1059	0.8221844823916336	0.3109013727280617
1060	0.8239608572471686	0.31085927433461874
1061	0.8257372321027037	0.3108165790730024
1062	0.8275136069582387	0.31077328718359365
1063	0.8292899818137738	0.31072939891022083
1064	0.8310663566693088	0.3106849145001538
1065	0.8328427315248439	0.31063983420410557
1066	0.8346191063803792	0.31059415827621606
1067	0.8363954812359142	0.310547886974076
1068	0.8381718560914493	0.3105010205586905
1069	0.8399482309469843	0.3104535592945181
1070	0.8417246058025194	0.31040550344943013
1071	0.8435009806580545	0.31035685329471707
1072	0.8452773555135895	0.3103076091051102
1073	0.8470537303691246	0.3102577711587423
1074	0.8488301052246596	0.3102073397371854
1075	0.8506064800801947	0.31015631512540714
1076	0.8523828549357297	0.3101046976117939
1077	0.8541592297912648	0.3100524874881456
1078	0.8559356046467999	0.3099996850496634
1079	0.8577119795023349	0.3099462905949595
1080	0.85948835435787	0.30989230442603644
1081	0.861264729213405	0.30983772684830857
1082	0.8630411040689401	0.30978255817056727
1083	0.8648174789244751	0.3097267987050167
1084	0.8665938537800102	0.3096704487672368
1085	0.8683702286355452	0.30961350867620707
1086	0.8701466034910803	0.3095559787542727
1087	0.8719229783466154	0.3094978593271735
1088	0.8736993532021504	0.30943915072401346
1089	0.8754757280576855	0.3093798532772905
1090	0.8772521029132205	0.3093199673228516
1091	0.8790284777687556	0.30925949319993873
1092	0.8808048526242906	0.30919843125112945
1093	0.8825812274798257	0.30913678182238086
1094	0.884357602335361	0.3090745452630013
1095	0.886133977190896	0.30901172192565235
1096	0.8879103520464311	0.30894831216635843
1097	0.8896867269019662	0.30888431634447866
1098	0.8914631017575012	0.30881973482272923
1099	0.8932394766130363	0.3087545679671566
1100	0.8950158514685713	0.30868881614715254
1101	0.8967922263241064	0.3086224797354359
1102	0.8985686011796414	0.30855555910806554
1103	0.9003449760351765	0.3084880546444244
1104	0.9021213508907115	0.3084199667272119
1105	0.9038977257462466	0.3083512957424598
1106	0.9056741006017817	0.3082820420795127
1107	0.9074504754573167	0.3082122061310169
1108	0.9092268503128518	0.3081417882929387
1109	0.9110032251683868	0.3080707889645493
1110	0.9127796000239219	0.3079992085484138
1111	0.914555974879457	0.3079270474504056
1112	0.916332349734992	0.3078543060796851
1113	0.9181087245905271	0.3077809848487001
1114	0.9198850994460621	0.3077070841732036
1115	0.9216614743015972	0.30763260447219704
1116	0.9234378491571322	0.307557546167988
1117	0.9252142240126673	0.3074819096861454
1118	0.9269905988682023	0.30740569545550955
1119	0.9287669737237374	0.3073289039081934
1120	0.9305433485792725	0.30725153547957473
1121	0.9323197234348077	0.3071735906082639
1122	0.9340960982903428	0.30709506973614575
1123	0.9358724731458778	0.3070159733083661
1124	0.9376488480014129	0.30693630177328346
1125	0.939425222856948	0.3068560555825307
1126	0.9412015977124828	0.30677523519094885
1127	0.9429779725680179	0.3066938410566297
1128	0.9447543474235529	0.30661187364089054
1129	0.946530722279088	0.3065293334082709
1130	0.948307097134623	0.30644622082651596
1131	0.9500834719901581	0.30636253636660465
1132	0.9518598468456931	0.3062782805027238
1133	0.9536362217012282	0.3061934537122611
1134	0.9554125965567632	0.30610805647580625
1135	0.9571889714122988	0.3060220892771335
1136	0.9589653462678338	0.30593555260323685
1137	0.9607417211233689	0.30584844694428004
1138	0.9625180959789039	0.3057607727936038
1139	0.964294470834439	0.30567253064774613
1140	0.966070845689974	0.3055837210064047
1141	0.9678472205455091	0.30549434437245676
1142	0.9696235954010441	0.30540440125192103
1143	0.9713999702565792	0.30531389215400145
1144	0.9731763451121143	0.30522281759104575
1145	0.9749527199676493	0.30513117807855394
1146	0.9767290948231844	0.3050389741351658
1147	0.9785054696787194	0.30494620628265834
1148	0.9802818445342545	0.30485287504596575
1149	0.9820582193897895	0.3047589809531241
1150	0.9838345942453246	0.3046645245353051
1151	0.9856109691008597	0.3045695063267979
1152	0.9873873439563947	0.30447392686502345
1153	0.9891637188119298	0.3043777866904907
1154	0.9909400936674648	0.3042810863468218
1155	0.992716468523	0.3041838263807398
