	Grid	PDF
0	-22.4218960416	0.00015090053207054727
1	-22.410740150432744	0.0001508946074466322
2	-22.399584259265488	0.00015087683497051817
3	-22.388428368098236	0.0001508472188285511
4	-22.37727247693098	0.00015080576599614765
5	-22.366116585763724	0.00015075248623505833
6	-22.354960694596468	0.00015068739208953468
7	-22.34380480342921	0.00015061049888140772
8	-22.332648912261956	0.000150521824704078
9	-22.321493021094703	0.00015042139041541937
10	-22.310337129927447	0.00015030921962960148
11	-22.29918123876019	0.00015018533870783806
12	-22.288025347592935	0.0001500497767480608
13	-22.27686945642568	0.00014990256557352892
14	-22.265713565258427	0.00014974373972037825
15	-22.25455767409117	0.00014957333642411904
16	-22.243401782923915	0.0001493913956050856
17	-22.23224589175666	0.00014919795985285077
18	-22.221090000589403	0.00014899307440961146
19	-22.20993410942215	0.00014877678715255165
20	-22.198778218254894	0.00014854914857519887
21	-22.187622327087638	0.0001483102117677778
22	-22.176466435920382	0.0001480600323965746
23	-22.165310544753126	0.00014779866868232531
24	-22.15415465358587	0.0001475261813776351
25	-22.142998762418618	0.00014724263374344564
26	-22.13184287125136	0.00014694809152455865
27	-22.120686980084105	0.00014664262292423343
28	-22.10953108891685	0.00014632629857786876
29	-22.098375197749593	0.00014599919152578594
30	-22.08721930658234	0.00014566137718512358
31	-22.076063415415085	0.00014531293332086553
32	-22.06490752424783	0.00014495394001601158
33	-22.053751633080573	0.00014458447964090914
34	-22.042595741913317	0.0001442046368217651
35	-22.03143985074606	0.00014381449840834915
36	-22.02028395957881	0.00014341415344091193
37	-22.009128068411552	0.0001430036931163279
38	-21.997972177244296	0.00014258321075349224
39	-21.98681628607704	0.0001421528017579767
40	-21.975660394909784	0.0001417125635859755
41	-21.964504503742532	0.00014126259570755015
42	-21.953348612575276	0.00014080299956920165
43	-21.94219272140802	0.00014033387855578108
44	-21.931036830240764	0.00013985533795176654
45	-21.919880939073508	0.0001393674849019205
46	-21.908725047906252	0.00013887042837135155
47	-21.897569156739	0.00013836427910500165
48	-21.886413265571743	0.00013784914958657506
49	-21.875257374404487	0.00013732515399693884
50	-21.86410148323723	0.00013679240817200864
51	-21.852945592069975	0.0001362510295601437
52	-21.841789700902723	0.00013570113717907643
53	-21.830633809735467	0.00013514285157239259
54	-21.81947791856821	0.0001345762947655907
55	-21.808322027400955	0.00013400159022173742
56	-21.7971661362337	0.00013341886279674516
57	-21.786010245066446	0.00013282823869429305
58	-21.77485435389919	0.0001322298454204132
59	-21.763698462731934	0.00013162381173776808
60	-21.75254257156468	0.00013101026761963867
61	-21.741386680397422	0.000130389344203646
62	-21.730230789230166	0.00012976117374523393
63	-21.719074898062914	0.00012912588957092924
64	-21.707919006895658	0.0001284836260314078
65	-21.6967631157284	0.0001278345184543874
66	-21.685607224561146	0.00012717870309736926
67	-21.67445133339389	0.00012651631710025325
68	-21.663295442226637	0.00012584749843784867
69	-21.65213955105938	0.00012517238587230248
70	-21.640983659892125	0.00012449111890547196
71	-21.62982776872487	0.00012380383773125683
72	-21.618671877557613	0.00012311068318792228
73	-21.60751598639036	0.00012241179671042778
74	-21.596360095223105	0.00012170732028278938
75	-21.58520420405585	0.00012099739639049464
76	-21.574048312888593	0.00012028216797299414
77	-21.562892421721337	0.00011956177837628925
78	-21.55173653055408	0.00011883637130564006
79	-21.540580639386828	0.00011810609077841405
80	-21.529424748219572	0.00011737108107709564
81	-21.518268857052316	0.00011663148670248185
82	-21.50711296588506	0.00011588745232707798
83	-21.495957074717804	0.0001151391227487208
84	-21.48480118355055	0.00011438664284444636
85	-21.473645292383296	0.0001136301575246213
86	-21.46248940121604	0.0001128698116873607
87	-21.451333510048784	0.00011210575017325033
88	-21.440177618881528	0.00011133811772039151
89	-21.42902172771427	0.00011056705891978953
90	-21.41786583654702	0.00010979271817110316
91	-21.406709945379763	0.00010901523963877284
92	-21.395554054212507	0.00010823476720854904
93	-21.38439816304525	0.00010745144444443216
94	-21.373242271877995	0.0001066654145460474
95	-21.362086380710743	0.00010587682030646914
96	-21.350930489543487	0.00010508580407050826
97	-21.33977459837623	0.00010429250769348608
98	-21.328618707208975	0.0001034970725005023
99	-21.31746281604172	0.00010269963924621797
100	-21.306306924874463	0.00010190034807516642
101	-21.29515103370721	0.00010109933848260722
102	-21.283995142539954	0.00010029674927593622
103	-21.272839251372698	9.949271853666813e-05
104	-21.261683360205442	9.868738358300229e-05
105	-21.250527469038186	9.788088093298471e-05
106	-21.239371577870934	9.707334626828131e-05
107	-21.228215686703678	9.626491439857185e-05
108	-21.21705979553642	9.545571922657732e-05
109	-21.205903904369166	9.464589371373232e-05
110	-21.19474801320191	9.383556984651173e-05
111	-21.183592122034657	9.302487860342368e-05
112	-21.1724362308674	9.221394992267693e-05
113	-21.161280339700145	9.140291267053434e-05
114	-21.15012444853289	9.059189461035928e-05
115	-21.138968557365633	8.978102237236331e-05
116	-21.127812666198377	8.89704214240653e-05
117	-21.116656775031124	8.81602160414684e-05
118	-21.10550088386387	8.735052928095939e-05
119	-21.094344992696612	8.654148295194329e-05
120	-21.083189101529356	8.573319759021244e-05
121	-21.0720332103621	8.49257924320594e-05
122	-21.060877319194848	8.411938538914091e-05
123	-21.049721428027592	8.331409302409046e-05
124	-21.038565536860336	8.251003052689378e-05
125	-21.02740964569308	8.170731169202281e-05
126	-21.016253754525824	8.090604889633475e-05
127	-21.00509786335857	8.010635307774043e-05
128	-20.993941972191315	7.930833371464172e-05
129	-20.98278608102406	7.851209880614355e-05
130	-20.971630189856803	7.771775485303797e-05
131	-20.960474298689547	7.692540683956497e-05
132	-20.94931840752229	7.61351582159491e-05
133	-20.93816251635504	7.53471108817131e-05
134	-20.927006625187783	7.456136516976638e-05
135	-20.915850734020527	7.37780198312724e-05
136	-20.90469484285327	7.299717202128802e-05
137	-20.893538951686015	7.221891728517836e-05
138	-20.882383060518762	7.144334954580306e-05
139	-20.871227169351506	7.06705610914706e-05
140	-20.86007127818425	6.990064256466366e-05
141	-20.848915387016994	6.913368295152494e-05
142	-20.83775949584974	6.83697695721049e-05
143	-20.826603604682482	6.760898807136829e-05
144	-20.81544771351523	6.685142241095131e-05
145	-20.804291822347974	6.609715486166814e-05
146	-20.793135931180718	6.534626599676285e-05
147	-20.78198004001346	6.459883468589751e-05
148	-20.770824148846206	6.385493808987519e-05
149	-20.759668257678953	6.311465165608877e-05
150	-20.748512366511697	6.237804911469162e-05
151	-20.73735647534444	6.164520247548299e-05
152	-20.726200584177185	6.091618202550072e-05
153	-20.71504469300993	6.019105632731431e-05
154	-20.703888801842673	5.946989221801149e-05
155	-20.69273291067542	5.875275480887038e-05
156	-20.681577019508165	5.803970748570786e-05
157	-20.67042112834091	5.733081190989924e-05
158	-20.659265237173653	5.662612802005679e-05
159	-20.648109346006397	5.592571403436008e-05
160	-20.636953454839144	5.52296264535305e-05
161	-20.625797563671888	5.453792006443666e-05
162	-20.614641672504632	5.385064794432717e-05
163	-20.603485781337376	5.31678614656746e-05
164	-20.59232989017012	5.248961030162459e-05
165	-20.581173999002868	5.18159424320404e-05
166	-20.57001810783561	5.114690415012776e-05
167	-20.558862216668356	5.0482540069637546e-05
168	-20.5477063255011	4.982289313262655e-05
169	-20.536550434333844	4.916800461777215e-05
170	-20.525394543166588	4.851791414922707e-05
171	-20.514238651999335	4.787265970600285e-05
172	-20.50308276083208	4.723227763187111e-05
173	-20.491926869664823	4.6596802645772904e-05
174	-20.480770978497567	4.596626785272069e-05
175	-20.46961508733031	4.534070475518465e-05
176	-20.45845919616306	4.472014326495019e-05
177	-20.447303304995803	4.4104611715433966e-05
178	-20.436147413828547	4.3494136874448835e-05
179	-20.42499152266129	4.288874395740248e-05
180	-20.413835631494035	4.228845664091979e-05
181	-20.402679740326782	4.169329707687649e-05
182	-20.391523849159526	4.110328590682974e-05
183	-20.38036795799227	4.0518442276837584e-05
184	-20.369212066825014	3.9938783852649567e-05
185	-20.358056175657758	3.936432683526072e-05
186	-20.346900284490502	3.879508597681356e-05
187	-20.33574439332325	3.8231074596837314e-05
188	-20.324588502155994	3.767230459881052e-05
189	-20.313432610988738	3.711878648703643e-05
190	-20.30227671982148	3.6570529383817365e-05
191	-20.291120828654226	3.6027541046915263e-05
192	-20.279964937486973	3.5489827887287755e-05
193	-20.268809046319717	3.495739498708572e-05
194	-20.25765315515246	3.4430246117901315e-05
195	-20.246497263985205	3.390838375925324e-05
196	-20.23534137281795	3.339180911729747e-05
197	-20.224185481650693	3.2880522143750996e-05
198	-20.21302959048344	3.2374521555017834e-05
199	-20.201873699316184	3.1873804851502094e-05
200	-20.19071780814893	3.137836833710094e-05
201	-20.179561916981672	3.0888207138860846e-05
202	-20.168406025814416	3.0403315226788625e-05
203	-20.157250134647164	2.992368543380418e-05
204	-20.146094243479908	2.9449309475822924e-05
205	-20.134938352312652	2.8980177971959327e-05
206	-20.123782461145396	2.851628046483574e-05
207	-20.11262656997814	2.8057605440989626e-05
208	-20.101470678810884	2.7604140351364762e-05
209	-20.09031478764363	2.7155871631878274e-05
210	-20.079158896476375	2.6712784724050132e-05
211	-20.06800300530912	2.6274864095686645e-05
212	-20.056847114141863	2.5842093261606104e-05
213	-20.045691222974607	2.5414454804396297e-05
214	-20.034535331807355	2.499193039519415e-05
215	-20.0233794406401	2.4574500814476948e-05
216	-20.012223549472843	2.4162145972856097e-05
217	-20.001067658305587	2.3754844931862408e-05
218	-19.98991176713833	2.3352575924714182e-05
219	-19.978755875971075	2.2955316377058293e-05
220	-19.967599984803822	2.256304292767595e-05
221	-19.956444093636566	2.2175731449141866e-05
222	-19.94528820246931	2.1793357068431266e-05
223	-19.934132311302054	2.14158941874627e-05
224	-19.922976420134802	2.1043316503570573e-05
225	-19.911820528967546	2.067559702989707e-05
226	-19.90066463780029	2.0312708115697814e-05
227	-19.889508746633034	1.9954621466550732e-05
228	-19.878352855465778	1.9601308164461845e-05
229	-19.867196964298522	1.925273868786013e-05
230	-19.85604107313127	1.8908882931474013e-05
231	-19.844885181964013	1.8569710226081862e-05
232	-19.833729290796757	1.823518935813087e-05
233	-19.8225733996295	1.7905288589215607e-05
234	-19.811417508462245	1.7579975675411247e-05
235	-19.800261617294993	1.7259217886454175e-05
236	-19.789105726127737	1.6942982024763883e-05
237	-19.77794983496048	1.6631234444301097e-05
238	-19.766793943793225	1.6323941069254745e-05
239	-19.75563805262597	1.602106741255334e-05
240	-19.744482161458713	1.572257859419499e-05
241	-19.73332627029146	1.542843935939096e-05
242	-19.722170379124204	1.5138614096517152e-05
243	-19.711014487956948	1.4853066854870278e-05
244	-19.699858596789692	1.457176136222208e-05
245	-19.688702705622436	1.4294661042168438e-05
246	-19.677546814455184	1.4021729031269232e-05
247	-19.666390923287928	1.3752928195973661e-05
248	-19.65523503212067	1.3488221149329452e-05
249	-19.644079140953416	1.3227570267469704e-05
250	-19.63292324978616	1.2970937705875633e-05
251	-19.621767358618904	1.2718285415411729e-05
252	-19.61061146745165	1.2469575158129486e-05
253	-19.599455576284395	1.2224768522837544e-05
254	-19.58829968511714	1.1983826940435633e-05
255	-19.577143793949883	1.1746711699008902e-05
256	-19.565987902782627	1.1513383958681264e-05
257	-19.554832011615375	1.1283804766224962e-05
258	-19.54367612044812	1.1057935069424464e-05
259	-19.532520229280863	1.0835735731193558e-05
260	-19.521364338113607	1.0617167543442616e-05
261	-19.51020844694635	1.0402191240695913e-05
262	-19.499052555779095	1.0190767513456843e-05
263	-19.487896664611842	9.982857021320292e-06
264	-19.476740773444586	9.778420405830674e-06
265	-19.46558488227733	9.577418303085844e-06
266	-19.454428991110074	9.379811356084858e-06
267	-19.443273099942818	9.185560226819997e-06
268	-19.432117208775566	8.99462560811238e-06
269	-19.42096131760831	8.806968235190713e-06
270	-19.409805426441054	8.622548897013955e-06
271	-19.398649535273798	8.441328447336636e-06
272	-19.38749364410654	8.26326781551801e-06
273	-19.376337752939286	8.08832801707525e-06
274	-19.365181861772033	7.91647016398065e-06
275	-19.354025970604777	7.747655474703929e-06
276	-19.34287007943752	7.581845284000301e-06
277	-19.331714188270265	7.419001052444884e-06
278	-19.320558297103013	7.259084375714621e-06
279	-19.309402405935757	7.10205699361849e-06
280	-19.2982465147685	6.947880798878016e-06
281	-19.287090623601244	6.796517845658272e-06
282	-19.27593473243399	6.647930357851537e-06
283	-19.264778841266732	6.502080737114888e-06
284	-19.253622950099476	6.358931570663361e-06
285	-19.242467058932224	6.218445638820431e-06
286	-19.231311167764968	6.080585922327361e-06
287	-19.220155276597712	5.945315609413977e-06
288	-19.208999385430456	5.812598102631979e-06
289	-19.197843494263203	5.682397025453547e-06
290	-19.186687603095947	5.554676228636895e-06
291	-19.17553171192869	5.429399796361698e-06
292	-19.164375820761435	5.306532052135788e-06
293	-19.15321992959418	5.186037564476156e-06
294	-19.142064038426923	5.067881152366619e-06
295	-19.13090814725967	4.952027890494358e-06
296	-19.119752256092415	4.8384431142681635e-06
297	-19.10859636492516	4.7270924246211865e-06
298	-19.097440473757903	4.617941692600365e-06
299	-19.086284582590647	4.5109570637457484e-06
300	-19.075128691423394	4.40610496226239e-06
301	-19.06397280025614	4.30335209498741e-06
302	-19.052816909088882	4.20266545515563e-06
303	-19.041661017921626	4.104012325966222e-06
304	-19.03050512675437	4.00736028395356e-06
305	-19.019349235587114	3.912677202165309e-06
306	-19.008193344419862	3.819931253150768e-06
307	-18.997037453252606	3.7290909117623997e-06
308	-18.98588156208535	3.6401249577740305e-06
309	-18.974725670918094	3.5530024783184213e-06
310	-18.963569779750838	3.467692870147568e-06
311	-18.952413888583585	3.3841658417189834e-06
312	-18.94125799741633	3.302391415110911e-06
313	-18.930102106249073	3.222339927770082e-06
314	-18.918946215081817	3.143982034094773e-06
315	-18.90779032391456	3.067288706856728e-06
316	-18.896634432747305	2.9922312384650532e-06
317	-18.885478541580053	2.918781242075452e-06
318	-18.874322650412797	2.846910652547824e-06
319	-18.86316675924554	2.7765917272558535e-06
320	-18.852010868078285	2.707797046751509e-06
321	-18.84085497691103	2.64049951528782e-06
322	-18.829699085743776	2.5746723612033655e-06
323	-18.81854319457652	2.5102891371713334e-06
324	-18.807387303409264	2.447323720316942e-06
325	-18.796231412242008	2.385750312205888e-06
326	-18.785075521074752	2.325543438707447e-06
327	-18.773919629907496	2.2666779497352506e-06
328	-18.762763738740244	2.2091290188690094e-06
329	-18.751607847572988	2.152872142860273e-06
330	-18.74045195640573	2.0978831410256016e-06
331	-18.729296065238476	2.044138154529989e-06
332	-18.718140174071223	1.9916136455639333e-06
333	-18.706984282903967	1.9402863964170156e-06
334	-18.69582839173671	1.8901335084513922e-06
335	-18.684672500569455	1.8411324009778543e-06
336	-18.6735166094022	1.7932608100378115e-06
337	-18.662360718234943	1.7464967870940275e-06
338	-18.651204827067687	1.700818697633113e-06
339	-18.640048935900435	1.6562052196828122e-06
340	-18.62889304473318	1.6126353422467669e-06
341	-18.617737153565923	1.5700883636600028e-06
342	-18.606581262398667	1.5285438898675808e-06
343	-18.595425371231414	1.487981832629546e-06
344	-18.584269480064158	1.4483824076547395e-06
345	-18.573113588896902	1.4097261326664436e-06
346	-18.561957697729646	1.3719938254023352e-06
347	-18.55080180656239	1.3351666015515654e-06
348	-18.539645915395134	1.2992258726315825e-06
349	-18.52849002422788	1.2641533438072859e-06
350	-18.517334133060626	1.2299310116550091e-06
351	-18.50617824189337	1.196541161874046e-06
352	-18.495022350726114	1.163966366947941e-06
353	-18.483866459558858	1.1321894837581944e-06
354	-18.472710568391605	1.101193651152702e-06
355	-18.46155467722435	1.0709622874712386e-06
356	-18.450398786057093	1.0414790880304835e-06
357	-18.439242894889837	1.0127280225706523e-06
358	-18.42808700372258	9.846933326661012e-07
359	-18.416931112555325	9.573595291020725e-07
360	-18.40577522138807	9.307113892197398e-07
361	-18.394619330220817	9.047339542316493e-07
362	-18.38346343905356	8.794125265095968e-07
363	-18.372307547886304	8.547326668470839e-07
364	-18.36115165671905	8.306801916981781e-07
365	-18.349995765551796	8.072411703948351e-07
366	-18.33883987438454	7.844019223444958e-07
367	-18.327683983217284	7.621490142099446e-07
368	-18.316528092050028	7.404692570730621e-07
369	-18.305372200882772	7.193497035843831e-07
370	-18.294216309715516	6.987776451001382e-07
371	-18.283060418548263	6.787406088084693e-07
372	-18.271904527381007	6.592263548464092e-07
373	-18.26074863621375	6.402228734093747e-07
374	-18.249592745046495	6.217183818545422e-07
375	-18.238436853879243	6.037013217997671e-07
376	-18.227280962711987	5.861603562194439e-07
377	-18.21612507154473	5.690843665388129e-07
378	-18.204969180377475	5.524624497280249e-07
379	-18.19381328921022	5.362839153973915e-07
380	-18.182657398042963	5.205382828950863e-07
381	-18.171501506875707	5.052152784086084e-07
382	-18.160345615708454	4.903048320712236e-07
383	-18.1491897245412	4.757970750745629e-07
384	-18.138033833373942	4.6168233678860053e-07
385	-18.126877942206686	4.479511418900545e-07
386	-18.115722051039434	4.345942075003325e-07
387	-18.104566159872178	4.2160244033406553e-07
388	-18.093410268704922	4.0896693385924704e-07
389	-18.082254377537666	3.9667896546992115e-07
390	-18.07109848637041	3.847299936723727e-07
391	-18.059942595203154	3.7311165528573296e-07
392	-18.048786704035898	3.6181576265784065e-07
393	-18.037630812868645	3.508343008972199e-07
394	-18.02647492170139	3.401594251219246e-07
395	-18.015319030534133	3.2978345772609874e-07
396	-18.004163139366877	3.196988856648818e-07
397	-17.993007248199625	3.0989835775844056e-07
398	-17.98185135703237	3.003746820157408e-07
399	-17.970695465865113	2.911208229787499e-07
400	-17.959539574697857	2.821298990876239e-07
401	-17.9483836835306	2.7339518006748077e-07
402	-17.937227792363345	2.6491008433731313e-07
403	-17.92607190119609	2.5666817644154513e-07
404	-17.914916010028836	2.48663164504729e-07
405	-17.90376011886158	2.4088889770983834e-07
406	-17.892604227694324	2.333393638006131e-07
407	-17.881448336527068	2.2600868660833466e-07
408	-17.870292445359816	2.18891123603434e-07
409	-17.85913655419256	2.1198106347228023e-07
410	-17.847980663025304	2.052730237195047e-07
411	-17.836824771858048	1.987616482961251e-07
412	-17.82566888069079	1.9244170525379904e-07
413	-17.814512989523536	1.8630808442543928e-07
414	-17.80335709835628	1.8035579513244287e-07
415	-17.792201207189027	1.7457996391874796e-07
416	-17.78104531602177	1.68975832311904e-07
417	-17.769889424854515	1.6353875461135887e-07
418	-17.75873353368726	1.5826419570407484e-07
419	-17.747577642520007	1.531477289076443e-07
420	-17.73642175135275	1.4818503384099735e-07
421	-17.725265860185495	1.433718943228188e-07
422	-17.71410996901824	1.3870419629773115e-07
423	-17.702954077850983	1.3417792579031733e-07
424	-17.691798186683727	1.297891668870273e-07
425	-17.680642295516474	1.2553409974599413e-07
426	-17.669486404349218	1.214089986347602e-07
427	-17.658330513181962	1.1741022999594003e-07
428	-17.647174622014706	1.1353425054075993e-07
429	-17.636018730847454	1.0977760537047318e-07
430	-17.624862839680198	1.061369261255872e-07
431	-17.61370694851294	1.026089291628526e-07
432	-17.602551057345686	9.919041375992714e-08
433	-17.59139516617843	9.587826034763967e-08
434	-17.580239275011174	9.266942876975133e-08
435	-17.569083383843918	8.956095657010314e-08
436	-17.557927492676665	8.654995730703134e-08
437	-17.54677160150941	8.363361889491266e-08
438	-17.535615710342153	8.0809201972712e-08
439	-17.524459819174897	7.807403829936133e-08
440	-17.513303928007645	7.542552917582333e-08
441	-17.50214803684039	7.286114389365898e-08
442	-17.490992145673133	7.037841820993564e-08
443	-17.479836254505877	6.797495284826768e-08
444	-17.46868036333862	6.56484120258134e-08
445	-17.457524472171364	6.339652200601484e-08
446	-17.44636858100411	6.12170696768784e-08
447	-17.435212689836856	5.910790115457428e-08
448	-17.4240567986696	5.706692041213527e-08
449	-17.412900907502344	5.5092087933034365e-08
450	-17.401745016335088	5.318141938939133e-08
451	-17.390589125167836	5.133298434458372e-08
452	-17.37943323400058	4.9544904980013e-08
453	-17.368277342833323	4.781535484577822e-08
454	-17.357121451666067	4.614255763500418e-08
455	-17.34596556049881	4.452478598156588e-08
456	-17.334809669331555	4.2960360280954785e-08
457	-17.3236537781643	4.144764753401447e-08
458	-17.312497886997047	3.998506021328781e-08
459	-17.30134199582979	3.857105515169722e-08
460	-17.290186104662535	3.72041324532962e-08
461	-17.27903021349528	3.588283442580627e-08
462	-17.267874322328026	3.4605744534670996e-08
463	-17.25671843116077	3.337148637834334e-08
464	-17.245562539993514	3.2178722684533075e-08
465	-17.23440664882626	3.1026154327124176e-08
466	-17.223250757659002	2.991251936348618e-08
467	-17.212094866491746	2.8836592091893596e-08
468	-17.20093897532449	2.7797182128769243e-08
469	-17.189783084157238	2.679313350546833e-08
470	-17.178627192989982	2.5823323784314127e-08
471	-17.167471301822726	2.4886663193608556e-08
472	-17.15631541065547	2.3982093781321292e-08
473	-17.145159519488217	2.3108588587182843e-08
474	-17.13400362832096	2.226515083288935e-08
475	-17.122847737153705	2.1450813130142478e-08
476	-17.11169184598645	2.0664636706234353e-08
477	-17.100535954819193	1.9905710646899705e-08
478	-17.089380063651937	1.9173151156151574e-08
479	-17.078224172484685	1.8466100832822805e-08
480	-17.06706828131743	1.778372796353057e-08
481	-17.055912390150173	1.712522583179158e-08
482	-17.044756498982917	1.6489812043006914e-08
483	-17.033600607815664	1.5876727865045205e-08
484	-17.02244471664841	1.528523758414949e-08
485	-17.011288825481152	1.471462787590066e-08
486	-17.000132934313896	1.4164207190963042e-08
487	-16.98897704314664	1.3633305155349909e-08
488	-16.977821151979384	1.3121271984941885e-08
489	-16.96666526081213	1.2627477913997146e-08
490	-16.955509369644876	1.2151312637391602e-08
491	-16.94435347847762	1.1692184766331981e-08
492	-16.933197587310364	1.1249521297287474e-08
493	-16.922041696143108	1.0822767093884995e-08
494	-16.910885804975855	1.0411384381518679e-08
495	-16.8997299138086	1.0014852254425756e-08
496	-16.888574022641343	9.632666194984644e-09
497	-16.877418131474087	9.264337604990762e-09
498	-16.86626224030683	8.909393348672072e-09
499	-16.855106349139575	8.567375307207419e-09
500	-16.84395045797232	8.237839944512995e-09
501	-16.832794566805067	7.920357884066381e-09
502	-16.82163867563781	7.614513496539873e-09
503	-16.810482784470555	7.3199044980178955e-09
504	-16.7993268933033	7.0361415585761455e-09
505	-16.788171002136046	6.762847921003278e-09
506	-16.77701511096879	6.499659029448366e-09
507	-16.765859219801534	6.246222167782381e-09
508	-16.754703328634278	6.002196107461595e-09
509	-16.743547437467022	5.767250764686913e-09
510	-16.732391546299766	5.541066866654957e-09
511	-16.72123565513251	5.32333562669944e-09
512	-16.710079763965258	5.113758428125628e-09
513	-16.698923872798	4.912046516541702e-09
514	-16.687767981630746	4.717920700497281e-09
515	-16.67661209046349	4.531111060238128e-09
516	-16.665456199296237	4.351356664393024e-09
517	-16.65430030812898	4.178405294409158e-09
518	-16.643144416961725	4.012013176557494e-09
519	-16.63198852579447	3.851944721330612e-09
520	-16.620832634627213	3.697972270059977e-09
521	-16.609676743459957	3.5498758485824263e-09
522	-16.5985208522927	3.4074429277878047e-09
523	-16.58736496112545	3.270468190883927e-09
524	-16.576209069958193	3.1387533072164882e-09
525	-16.565053178790937	3.012106712486581e-09
526	-16.55389728762368	2.8903433952088413e-09
527	-16.542741396456428	2.7732846892583645e-09
528	-16.531585505289172	2.66075807235609e-09
529	-16.520429614121916	2.5525969703461122e-09
530	-16.50927372295466	2.4486405671200865e-09
531	-16.498117831787404	2.348733620047928e-09
532	-16.486961940620148	2.2527262807758937e-09
533	-16.475806049452896	2.1604739212564334e-09
534	-16.46465015828564	2.071836964876353e-09
535	-16.453494267118383	1.98668072255343e-09
536	-16.442338375951127	1.904875233673122e-09
537	-16.431182484783875	1.8262951117406303e-09
538	-16.42002659361662	1.7508193946256404e-09
539	-16.408870702449363	1.678331399279974e-09
540	-16.397714811282107	1.608718580810515e-09
541	-16.38655892011485	1.541872395792646e-09
542	-16.375403028947595	1.4776881697118008e-09
543	-16.36424713778034	1.4160649684230703e-09
544	-16.353091246613086	1.3569054735213744e-09
545	-16.34193535544583	1.3001158615168553e-09
546	-16.330779464278574	1.2456056867129902e-09
547	-16.31962357311132	1.1932877676863439e-09
548	-16.308467681944066	1.143078077270228e-09
549	-16.29731179077681	1.0948956359457657e-09
550	-16.286155899609554	1.0486624085469592e-09
551	-16.275000008442298	1.0043032041877695e-09
552	-16.263844117275042	9.617455793217885e-10
553	-16.252688226107786	9.209197438471598e-10
554	-16.24153233494053	8.817584701712518e-10
555	-16.230376443773277	8.441970051518663e-10
556	-16.21922055260602	8.081729848335204e-10
557	-16.208064661438765	7.736263518996155e-10
558	-16.19690877027151	7.40499275762855e-10
559	-16.185752879104257	7.087360752184777e-10
560	-16.174596987937	6.782831435865521e-10
561	-16.163441096769745	6.490888762715874e-10
562	-16.15228520560249	6.211036006692092e-10
563	-16.141129314435233	5.942795083517334e-10
564	-16.129973423267977	5.685705894659983e-10
565	-16.11881753210072	5.439325692785675e-10
566	-16.10766164093347	5.203228468050835e-10
567	-16.096505749766212	4.977004354621346e-10
568	-16.085349858598956	4.7602590568173e-10
569	-16.0741939674317	4.5526132942979656e-10
570	-16.063038076264448	4.353702265719218e-10
571	-16.051882185097192	4.163175130308578e-10
572	-16.040726293929936	3.980694506819382e-10
573	-16.02957040276268	3.805935989338292e-10
574	-16.018414511595424	3.6385876794359485e-10
575	-16.007258620428168	3.478349734163911e-10
576	-15.996102729260913	3.324933929414058e-10
577	-15.98494683809366	3.1780632381707556e-10
578	-15.973790946926403	3.0374714231983965e-10
579	-15.962635055759147	2.902902643719875e-10
580	-15.951479164591891	2.7741110756538035e-10
581	-15.940323273424637	2.650860544990679e-10
582	-15.929167382257383	2.532924173899816e-10
583	-15.918011491090127	2.4200840391706057e-10
584	-15.90685559992287	2.3121308426031272e-10
585	-15.895699708755615	2.2088635929736277e-10
586	-15.88454381758836	2.110089299212273e-10
587	-15.873387926421106	2.0156226744400573e-10
588	-15.86223203525385	1.9252858505230086e-10
589	-15.851076144086594	1.8389081028113216e-10
590	-15.839920252919338	1.7563255847413009e-10
591	-15.828764361752082	1.677381071987482e-10
592	-15.817608470584828	1.6019237158617427e-10
593	-15.806452579417574	1.529808805665571e-10
594	-15.795296688250318	1.460897539710441e-10
595	-15.784140797083062	1.3950568047302073e-10
596	-15.772984905915806	1.332158963417902e-10
597	-15.761829014748551	1.272081649827666e-10
598	-15.750673123581297	1.2147075723909287e-10
599	-15.739517232414041	1.1599243243036969e-10
600	-15.728361341246785	1.1076242010497602e-10
601	-15.717205450079529	1.0577040248320978e-10
602	-15.706049558912275	1.0100649756924345e-10
603	-15.694893667745019	9.646124291057724e-11
604	-15.683737776577765	9.212557998443504e-11
605	-15.672581885410509	8.799083919117551e-11
606	-15.661425994243253	8.404872543552494e-11
607	-15.650270103075997	8.029130427705761e-11
608	-15.639114211908742	7.671098863201006e-11
609	-15.627958320741488	7.33005260091447e-11
610	-15.616802429574232	7.005298626298943e-11
611	-15.605646538406976	6.69617498483798e-11
612	-15.59449064723972	6.402049656081175e-11
613	-15.583334756072466	6.122319474769688e-11
614	-15.572178864905212	5.856409097616103e-11
615	-15.561022973737956	5.603770014358274e-11
616	-15.5498670825707	5.363879601759232e-11
617	-15.538711191403443	5.136240219278589e-11
618	-15.527555300236187	4.9203783451911414e-11
619	-15.516399409068933	4.7158437519794304e-11
620	-15.505243517901679	4.5222087198747794e-11
621	-15.494087626734423	4.339067287470231e-11
622	-15.482931735567167	4.166034538375356e-11
623	-15.471775844399911	4.0027459229290824e-11
624	-15.460619953232657	3.8488566140313536e-11
625	-15.449464062065402	3.704040896199349e-11
626	-15.438308170898146	3.567991586997009e-11
627	-15.42715227973089	3.440419490028884e-11
628	-15.415996388563634	3.321052878731625e-11
629	-15.40484049739638	3.20963701023743e-11
630	-15.393684606229124	3.105933668623766e-11
631	-15.38252871506187	3.009720736904049e-11
632	-15.371372823894614	2.920791797152303e-11
633	-15.360216932727358	2.8389557581941553e-11
634	-15.349061041560102	2.7640365103338034e-11
635	-15.337905150392848	2.695872606624475e-11
636	-15.326749259225593	2.6343169702267416e-11
637	-15.315593368058337	2.5792366274354708e-11
638	-15.304437476891081	2.5305124659926128e-11
639	-15.293281585723825	2.4880390183383083e-11
640	-15.282125694556571	2.4517242694886283e-11
641	-15.270969803389315	2.4214894892633315e-11
642	-15.25981391222206	2.397269088621235e-11
643	-15.248658021054805	2.3790104998963855e-11
644	-15.237502129887549	2.366674080761576e-11
645	-15.226346238720293	2.3602330417807595e-11
646	-15.215190347553039	2.3596733974453942e-11
647	-15.204034456385784	2.3649939406240436e-11
648	-15.192878565218528	2.376206240388466e-11
649	-15.181722674051272	2.3933346632128882e-11
650	-15.170566782884016	2.416416417577638e-11
651	-15.159410891716762	2.445501622041471e-11
652	-15.148255000549508	2.4806533968816295e-11
653	-15.137099109382252	2.5219479794340477e-11
654	-15.125943218214996	2.569474863300633e-11
655	-15.11478732704774	2.6233369616250085e-11
656	-15.103631435880486	2.6836507946722646e-11
657	-15.09247554471323	2.7505467019834438e-11
658	-15.081319653545975	2.824169079410242e-11
659	-15.07016376237872	2.9046766413709065e-11
660	-15.059007871211463	2.992242708703917e-11
661	-15.047851980044207	3.0870555225322974e-11
662	-15.036696088876953	3.189318584587527e-11
663	-15.025540197709699	3.2992510244791716e-11
664	-15.014384306542443	3.417087994433766e-11
665	-15.003228415375187	3.5430810920639804e-11
666	-14.99207252420793	3.677498811768435e-11
667	-14.980916633040676	3.820627025400132e-11
668	-14.96976074187342	3.972769492882786e-11
669	-14.958604850706166	4.134248403492947e-11
670	-14.94744895953891	4.305404948568338e-11
671	-14.936293068371654	4.486599926442991e-11
672	-14.925137177204398	4.6782143804540616e-11
673	-14.913981286037144	4.880650270906161e-11
674	-14.90282539486989	5.094331181925705e-11
675	-14.891669503702634	5.319703064180268e-11
676	-14.880513612535378	5.5572350144856956e-11
677	-14.869357721368122	5.807420093369812e-11
678	-14.858201830200867	6.070776181708857e-11
679	-14.847045939033613	6.347846877602757e-11
680	-14.835890047866357	6.63920243470428e-11
681	-14.824734156699101	6.945440743268224e-11
682	-14.813578265531845	7.267188355239735e-11
683	-14.80242237436459	7.605101554753126e-11
684	-14.791266483197335	7.959867475467704e-11
685	-14.78011059203008	8.332205266222265e-11
686	-14.768954700862825	8.722867306548586e-11
687	-14.757798809695569	9.132640473639896e-11
688	-14.746642918528313	9.562347462433535e-11
689	-14.735487027361058	1.0012848160524925e-10
690	-14.724331136193804	1.0485041079695416e-10
691	-14.713175245026548	1.0979864845898451e-10
692	-14.702019353859292	1.1498299749616203e-10
693	-14.690863462692036	1.204136935856459e-10
694	-14.679707571524782	1.2610142194795035e-10
695	-14.668551680357526	1.3205733478310474e-10
696	-14.657395789190272	1.3829306939385698e-10
697	-14.646239898023016	1.4482076701858192e-10
698	-14.63508400685576	1.51653092397284e-10
699	-14.623928115688503	1.5880325409488518e-10
700	-14.61277222452125	1.6628502560677662e-10
701	-14.601616333353995	1.7411276727242339e-10
702	-14.590460442186739	1.8230144902366722e-10
703	-14.579304551019483	1.9086667399518324e-10
704	-14.568148659852227	1.9982470302549225e-10
705	-14.556992768684973	2.09192480077757e-10
706	-14.545836877517718	2.1898765861055834e-10
707	-14.534680986350462	2.2922862892975944e-10
708	-14.523525095183206	2.3993454655355024e-10
709	-14.51236920401595	2.51125361623735e-10
710	-14.501213312848696	2.6282184939734753e-10
711	-14.49005742168144	2.750456418537111e-10
712	-14.478901530514186	2.87819260453079e-10
713	-14.46774563934693	3.0116615008416854e-10
714	-14.456589748179674	3.151107142388852e-10
715	-14.445433857012418	3.296783514537691e-10
716	-14.434277965845164	3.448954930587973e-10
717	-14.42312207467791	3.607896422753958e-10
718	-14.411966183510653	3.7738941470667256e-10
719	-14.400810292343397	3.9472458026419093e-10
720	-14.389654401176141	4.128261065768384e-10
721	-14.378498510008887	4.3172620392861e-10
722	-14.367342618841631	4.5145837177351105e-10
723	-14.356186727674377	4.720574468770794e-10
724	-14.34503083650712	4.935596531354498e-10
725	-14.333874945339865	5.160026531242495e-10
726	-14.32271905417261	5.394256014311327e-10
727	-14.311563163005355	5.638691998271383e-10
728	-14.300407271838099	5.893757543336075e-10
729	-14.289251380670844	6.159892342429583e-10
730	-14.278095489503588	6.437553331531242e-10
731	-14.266939598336334	6.727215320770637e-10
732	-14.255783707169078	7.029371646904731e-10
733	-14.244627816001822	7.344534847823028e-10
734	-14.233471924834568	7.673237359746208e-10
735	-14.222316033667312	8.016032237798746e-10
736	-14.211160142500056	8.373493900654687e-10
737	-14.200004251332802	8.74621889997368e-10
738	-14.188848360165546	9.134826715362901e-10
739	-14.177692468998291	9.539960575617404e-10
740	-14.166536577831035	9.962288307013612e-10
741	-14.15538068666378	1.0402503209446305e-09
742	-14.144224795496525	1.0861324961222034e-09
743	-14.133068904329269	1.133950055334052e-09
744	-14.121913013162013	1.1837805254115612e-09
745	-14.110757121994759	1.235704360500941e-09
746	-14.099601230827503	1.289805044857341e-09
747	-14.088445339660247	1.346169198941069e-09
748	-14.077289448492992	1.404886688909827e-09
749	-14.066133557325736	1.466050739602741e-09
750	-14.054977666158482	1.5297580511143183e-09
751	-14.043821774991226	1.596108919058912e-09
752	-14.03266588382397	1.6652073586283142e-09
753	-14.021509992656716	1.737161232547651e-09
754	-14.01035410148946	1.8120823830371014e-09
755	-13.999198210322204	1.890086767889216e-09
756	-13.98804231915495	1.971294600774369e-09
757	-13.976886427987694	2.0558304958891196e-09
758	-13.96573053682044	2.143823617064786e-09
759	-13.954574645653183	2.235407831456299e-09
760	-13.943418754485927	2.330721867933694e-09
761	-13.932262863318673	2.429909480301523e-09
762	-13.921106972151417	2.5331196154738865e-09
763	-13.909951080984161	2.6405065867355312e-09
764	-13.898795189816907	2.7522302522221907e-09
765	-13.88763929864965	2.8684561987563197e-09
766	-13.876483407482397	2.989355931176416e-09
767	-13.86532751631514	3.115107067302067e-09
768	-13.854171625147885	3.2458935386783816e-09
769	-13.84301573398063	3.3819057972476862e-09
770	-13.831859842813374	3.5233410280979385e-09
771	-13.820703951646118	3.670403368441145e-09
772	-13.809548060478864	3.823304132977745e-09
773	-13.798392169311608	3.9822620458056604e-09
774	-13.787236278144352	4.147503479035902e-09
775	-13.776080386977098	4.3192626982795874e-09
776	-13.764924495809842	4.497782115174409e-09
777	-13.753768604642588	4.6833125471210765e-09
778	-13.742612713475332	4.876113484404065e-09
779	-13.731456822308076	5.076453364873418e-09
780	-13.720300931140821	5.2846098563679444e-09
781	-13.709145039973565	5.500870147062868e-09
782	-13.69798914880631	5.72553124392831e-09
783	-13.686833257639055	5.9589002794877045e-09
784	-13.675677366471799	6.201294827069823e-09
785	-13.664521475304545	6.4530432247479995e-09
786	-13.653365584137289	6.714484908167918e-09
787	-13.642209692970033	6.985970752463587e-09
788	-13.631053801802778	7.267863423468226e-09
789	-13.619897910635522	7.5605377384275e-09
790	-13.608742019468266	7.864381036426095e-09
791	-13.597586128301012	8.17979355874318e-09
792	-13.586430237133756	8.507188839353378e-09
793	-13.575274345966502	8.846994105793526e-09
794	-13.564118454799246	9.199650690620638e-09
795	-13.55296256363199	9.565614453685443e-09
796	-13.541806672464736	9.945356215453243e-09
797	-13.53065078129748	1.0339362201604003e-08
798	-13.519494890130224	1.0748134499147252e-08
799	-13.50833899896297	1.117219152429091e-08
800	-13.497183107795713	1.161206850230559e-08
801	-13.486027216628457	1.2068317959628563e-08
802	-13.474871325461203	1.254151022845506e-08
803	-13.463715434293947	1.3032233964066903e-08
804	-13.452559543126693	1.3541096675150859e-08
805	-13.441403651959437	1.4068725267362949e-08
806	-13.43024776079218	1.4615766600396497e-08
807	-13.419091869624927	1.518288805881409e-08
808	-13.40793597845767	1.577077813690848e-08
809	-13.396780087290415	1.638014703785481e-08
810	-13.38562419612316	1.7011727287425923e-08
811	-13.374468304955904	1.7666274362538514e-08
812	-13.36331241378865	1.834456733490258e-08
813	-13.352156522621394	1.9047409530051212e-08
814	-13.341000631454138	1.977562920202339e-08
815	-13.329844740286884	2.053008022398181e-08
816	-13.318688849119628	2.1311642795045394e-08
817	-13.307532957952372	2.212122416361526e-08
818	-13.296377066785118	2.295975936748265e-08
819	-13.285221175617862	2.3828211991001742e-08
820	-13.274065284450606	2.4727574939610662e-08
821	-13.262909393283351	2.565887123199542e-08
822	-13.251753502116095	2.662315481017848e-08
823	-13.240597610948841	2.7621511367825696e-08
824	-13.229441719781585	2.8655059197061887e-08
825	-13.218285828614329	2.9724950054083312e-08
826	-13.207129937447075	3.083237004386255e-08
827	-13.195974046279819	3.197854052423667e-08
828	-13.184818155112563	3.3164719029667004e-08
829	-13.173662263945308	3.4392200214969146e-08
830	-13.162506372778052	3.566231681929989e-08
831	-13.151350481610798	3.697644065069411e-08
832	-13.140194590443542	3.833598359144475e-08
833	-13.129038699276286	3.974239862461104e-08
834	-13.117882808109032	4.1197180881949173e-08
835	-13.106726916941776	4.2701868713551055e-08
836	-13.09557102577452	4.425804477947535e-08
837	-13.084415134607266	4.586733716366011e-08
838	-13.07325924344001	4.753142051039709e-08
839	-13.062103352272755	4.9252017183644815e-08
840	-13.0509474611055	5.103089844947001e-08
841	-13.039791569938243	5.286988568187526e-08
842	-13.02863567877099	5.477085159230327e-08
843	-13.017479787603733	5.673572148307628e-08
844	-13.006323896436477	5.8766474525037135e-08
845	-12.995168005269223	6.086514505965798e-08
846	-12.984012114101967	6.303382392587296e-08
847	-12.97285622293471	6.527465981188574e-08
848	-12.961700331767457	6.758986063220183e-08
849	-12.9505444406002	6.998169493013393e-08
850	-12.939388549432946	7.245249330601027e-08
851	-12.92823265826569	7.500464987132417e-08
852	-12.917076767098434	7.764062372905e-08
853	-12.90592087593118	8.036294048034627e-08
854	-12.894764984763924	8.317419375785728e-08
855	-12.883609093596668	8.607704678581751e-08
856	-12.872453202429414	8.907423396716692e-08
857	-12.861297311262158	9.216856249785585e-08
858	-12.850141420094904	9.536291400852737e-08
859	-12.838985528927648	9.866024623375436e-08
860	-12.827829637760392	1.0206359470898806e-07
861	-12.816673746593137	1.0557607449537979e-07
862	-12.805517855425881	1.0920088193261761e-07
863	-12.794361964258625	1.1294129641991556e-07
864	-12.783206073091371	1.168006822252741e-07
865	-12.772050181924115	1.2078249032313333e-07
866	-12.76089429075686	1.248902602605079e-07
867	-12.749738399589605	1.291276220517089e-07
868	-12.738582508422349	1.3349829810171062e-07
869	-12.727426617255094	1.3800610515824138e-07
870	-12.716270726087838	1.4265495629264089e-07
871	-12.705114834920582	1.474488629095164e-07
872	-12.693958943753328	1.5239193678522904e-07
873	-12.682803052586072	1.5748839213521053e-07
874	-12.671647161418816	1.627425477100948e-07
875	-12.660491270251562	1.6815882892065634e-07
876	-12.649335379084306	1.7374176999149866e-07
877	-12.638179487917052	1.7949601614343512e-07
878	-12.627023596749796	1.8542632580450167e-07
879	-12.61586770558254	1.9153757284948134e-07
880	-12.604711814415285	1.9783474886785255e-07
881	-12.59355592324803	2.0432296546002148e-07
882	-12.582400032080773	2.1100745656166947e-07
883	-12.57124414091352	2.1789358079607324e-07
884	-12.560088249746263	2.2498682385419463e-07
885	-12.548932358579009	2.3229280090230078e-07
886	-12.537776467411753	2.3981725901693134e-07
887	-12.526620576244497	2.475660796469028e-07
888	-12.515464685077243	2.555452811021003e-07
889	-12.504308793909987	2.637610210687528e-07
890	-12.49315290274273	2.7221959915084075e-07
891	-12.481997011575476	2.809274594373086e-07
892	-12.47084112040822	2.898911930946988e-07
893	-12.459685229240966	2.991175409847872e-07
894	-12.44852933807371	3.086133963068238e-07
895	-12.437373446906454	3.183858072638819e-07
896	-12.4262175557392	3.2844197975286917e-07
897	-12.415061664571944	3.3878928007767627e-07
898	-12.403905773404688	3.4943523768491155e-07
899	-12.392749882237434	3.603875479216698e-07
900	-12.381593991070178	3.716540748147439e-07
901	-12.370438099902922	3.832428538706257e-07
902	-12.359282208735667	3.951620948956556e-07
903	-12.348126317568411	4.0742018483565715e-07
904	-12.336970426401157	4.2002569063426496e-07
905	-12.325814535233901	4.3298736210929565e-07
906	-12.314658644066645	4.463141348462696e-07
907	-12.30350275289939	4.6001513310836006e-07
908	-12.292346861732135	4.7409967276186147e-07
909	-12.281190970564879	4.885772642163139e-07
910	-12.270035079397625	5.034576153783555e-07
911	-12.258879188230368	5.187506346183805e-07
912	-12.247723297063114	5.344664337489578e-07
913	-12.236567405895858	5.506153310140561e-07
914	-12.225411514728602	5.672078540879467e-07
915	-12.214255623561348	5.842547430827468e-07
916	-12.203099732394092	6.01766953563449e-07
917	-12.191943841226836	6.197556595692384e-07
918	-12.180787950059582	6.382322566399392e-07
919	-12.169632058892326	6.572083648463394e-07
920	-12.158476167725071	6.766958318230519e-07
921	-12.147320276557815	6.96706735802686e-07
922	-12.13616438539056	7.172533886498897e-07
923	-12.125008494223305	7.383483388939041e-07
924	-12.11385260305605	7.600043747582017e-07
925	-12.102696711888793	7.822345271856838e-07
926	-12.091540820721539	8.050520728579835e-07
927	-12.080384929554283	8.284705372072847e-07
928	-12.069229038387027	8.525036974190496e-07
929	-12.058073147219773	8.771655854240646e-07
930	-12.046917256052517	9.024704908780971e-07
931	-12.035761364885262	9.284329641274261e-07
932	-12.024605473718006	9.55067819158589e-07
933	-12.01344958255075	9.823901365304113e-07
934	-12.002293691383496	1.0104152662866065e-06
935	-11.99113780021624	1.0391588308470328e-06
936	-11.979981909048984	1.0686367278756169e-06
937	-11.96882601788173	1.0988651331231506e-06
938	-11.957670126714474	1.129860503242816e-06
939	-11.94651423554722	1.1616395785764858e-06
940	-11.935358344379964	1.194219385909725e-06
941	-11.924202453212708	1.2276172411933322e-06
942	-11.913046562045453	1.2618507522293511e-06
943	-11.901890670878197	1.296937821319307e-06
944	-11.890734779710941	1.3328966478724452e-06
945	-11.879578888543687	1.3697457309717544e-06
946	-11.868422997376431	1.407503871895431e-06
947	-11.857267106209177	1.4461901765914562e-06
948	-11.84611121504192	1.4858240581029603e-06
949	-11.834955323874665	1.5264252389418614e-06
950	-11.82379943270741	1.568013753408485e-06
951	-11.812643541540155	1.6106099498545763e-06
952	-11.801487650372898	1.6542344928871871e-06
953	-11.790331759205644	1.698908365510991e-06
954	-11.779175868038388	1.744652871206426e-06
955	-11.768019976871132	1.7914896359409097e-06
956	-11.756864085703878	1.8394406101107286e-06
957	-11.745708194536622	1.888528070410824e-06
958	-11.734552303369368	1.9387746216296294e-06
959	-11.723396412202112	1.990203198366605e-06
960	-11.712240521034856	2.0428370666692947e-06
961	-11.701084629867601	2.0966998255874647e-06
962	-11.689928738700345	2.1518154086413732e-06
963	-11.67877284753309	2.2082080852013638e-06
964	-11.667616956365835	2.265902461775913e-06
965	-11.65646106519858	2.324923483205451e-06
966	-11.645305174031325	2.385296433758706e-06
967	-11.634149282864069	2.447046938129136e-06
968	-11.622993391696813	2.5102009623281025e-06
969	-11.611837500529559	2.5747848144721324e-06
970	-11.600681609362303	2.6408251454612736e-06
971	-11.589525718195047	2.7083489495453863e-06
972	-11.578369827027792	2.7773835647757305e-06
973	-11.567213935860536	2.8479566733386437e-06
974	-11.55605804469328	2.920096301768329e-06
975	-11.544902153526026	2.9938308210358934e-06
976	-11.53374626235877	3.0691889465115796e-06
977	-11.522590371191516	3.1461997377970553e-06
978	-11.51143448002426	3.2248925984251223e-06
979	-11.500278588857004	3.305297275423402e-06
980	-11.48912269768975	3.3874438587393636e-06
981	-11.477966806522494	3.471362780523628e-06
982	-11.466810915355238	3.5570848142683845e-06
983	-11.455655024187983	3.644641073798238e-06
984	-11.444499133020727	3.7340630121103955e-06
985	-11.433343241853473	3.82538242006115e-06
986	-11.422187350686217	3.918631424896059e-06
987	-11.411031459518961	4.013842488620518e-06
988	-11.399875568351707	4.111048406208175e-06
989	-11.38871967718445	4.2102823036442524e-06
990	-11.377563786017195	4.311577635800777e-06
991	-11.36640789484994	4.414968184141106e-06
992	-11.355252003682685	4.5204880542510794e-06
993	-11.34409611251543	4.628171673193631e-06
994	-11.332940221348174	4.738053786684727e-06
995	-11.321784330180918	4.850169456087543e-06
996	-11.310628439013664	4.964554055222428e-06
997	-11.299472547846408	5.081243266990195e-06
998	-11.288316656679152	5.200273079805885e-06
999	-11.277160765511898	5.3216797838409685e-06
1000	-11.266004874344642	5.445499967071209e-06
1001	-11.254848983177386	5.5717705111279384e-06
1002	-11.243693092010131	5.700528586950473e-06
1003	-11.232537200842875	5.831811650237463e-06
1004	-11.221381309675621	5.965657436694767e-06
1005	-11.210225418508365	6.102103957078126e-06
1006	-11.19906952734111	6.241189492028006e-06
1007	-11.187913636173855	6.382952586695336e-06
1008	-11.176757745006599	6.527432045155731e-06
1009	-11.165601853839343	6.674666924610381e-06
1010	-11.154445962672089	6.824696529372276e-06
1011	-11.143290071504833	6.9775604046357125e-06
1012	-11.132134180337578	7.133298330027567e-06
1013	-11.120978289170322	7.291950312939075e-06
1014	-11.109822398003066	7.4535565816364004e-06
1015	-11.098666506835812	7.618157578149004e-06
1016	-11.087510615668556	7.785793950934525e-06
1017	-11.0763547245013	7.95650654731873e-06
1018	-11.065198833334046	8.130336405710224e-06
1019	-11.05404294216679	8.307324747588445e-06
1020	-11.042887050999536	8.487512969264315e-06
1021	-11.03173115983228	8.670942633413078e-06
1022	-11.020575268665024	8.857655460378543e-06
1023	-11.00941937749777	9.047693319248357e-06
1024	-10.998263486330513	9.241098218700222e-06
1025	-10.987107595163257	9.437912297618385e-06
1026	-10.975951703996003	9.638177815480691e-06
1027	-10.964795812828747	9.841937142516527e-06
1028	-10.953639921661491	1.0049232749634847e-05
1029	-10.942484030494237	1.0260107198124013e-05
1030	-10.93132813932698	1.0474603129122691e-05
1031	-10.920172248159727	1.0692763252862868e-05
1032	-10.90901635699247	1.0914630337686174e-05
1033	-10.897860465825215	1.114024719883355e-05
1034	-10.88670457465796	1.1369656687009772e-05
1035	-10.875548683490704	1.1602901676724349e-05
1036	-10.864392792323448	1.1840025054409092e-05
1037	-10.853236901156194	1.2081069706314905e-05
1038	-10.842081009988938	1.2326078506188944e-05
1039	-10.830925118821684	1.2575094302733719e-05
1040	-10.819769227654428	1.282815990685079e-05
1041	-10.808613336487172	1.3085318078670024e-05
1042	-10.797457445319917	1.334661151436804e-05
1043	-10.786301554152661	1.3612082832777412e-05
1044	-10.775145662985405	1.3881774561788861e-05
1045	-10.763989771818151	1.4155729124550498e-05
1046	-10.752833880650895	1.44339888254658e-05
1047	-10.741677989483641	1.4716595835993901e-05
1048	-10.730522098316385	1.5003592180255463e-05
1049	-10.719366207149129	1.5295019720447607e-05
1050	-10.708210315981875	1.5590920142071255e-05
1051	-10.697054424814619	1.5891334938974797e-05
1052	-10.685898533647363	1.619630539821808e-05
1053	-10.674742642480108	1.6505872584760695e-05
1054	-10.663586751312852	1.6820077325979073e-05
1055	-10.652430860145596	1.7138960196016306e-05
1056	-10.641274968978342	1.7462561499970126e-05
1057	-10.630119077811086	1.779092125792334e-05
1058	-10.618963186643832	1.8124079188821158e-05
1059	-10.607807295476576	1.846207469420226e-05
1060	-10.59665140430932	1.88049468417868e-05
1061	-10.585495513142066	1.9152734348928402e-05
1062	-10.57433962197481	1.9505475565935292e-05
1063	-10.563183730807554	1.9863208459265965e-05
1064	-10.5520278396403	2.0225970594606325e-05
1065	-10.540871948473043	2.0593799119833783e-05
1066	-10.529716057305789	2.0966730747873987e-05
1067	-10.518560166138533	2.1344801739459192e-05
1068	-10.507404274971277	2.1728047885791804e-05
1069	-10.496248383804023	2.2116504491121573e-05
1070	-10.485092492636767	2.251020635524417e-05
1071	-10.47393660146951	2.2909187755926096e-05
1072	-10.462780710302257	2.331348243126507e-05
1073	-10.451624819135	2.3723123561993177e-05
1074	-10.440468927967746	2.413814375372901e-05
1075	-10.42931303680049	2.4558575019188373e-05
1076	-10.418157145633234	2.4984448760359964e-05
1077	-10.40700125446598	2.5415795750655195e-05
1078	-10.395845363298724	2.58526461170397e-05
1079	-10.384689472131468	2.6295029322154786e-05
1080	-10.373533580964214	2.6742974146437943e-05
1081	-10.362377689796958	2.7196508670250308e-05
1082	-10.351221798629702	2.765566025601978e-05
1083	-10.340065907462447	2.8120455530409707e-05
1084	-10.328910016295191	2.8590920366520795e-05
1085	-10.317754125127937	2.9067079866135452e-05
1086	-10.306598233960681	2.9548958342014994e-05
1087	-10.295442342793425	3.0036579300257346e-05
1088	-10.284286451626171	3.0529965422725865e-05
1089	-10.273130560458915	3.10291385495584e-05
1090	-10.261974669291659	3.153411966176521e-05
1091	-10.250818778124405	3.2044928863927486e-05
1092	-10.239662886957149	3.256158536700397e-05
1093	-10.228506995789894	3.3084107471257246e-05
1094	-10.217351104622638	3.361251254930832e-05
1095	-10.206195213455382	3.41468170293301e-05
1096	-10.195039322288128	3.4687036378389865e-05
1097	-10.183883431120872	3.5233185085950655e-05
1098	-10.172727539953616	3.578527664754091e-05
1099	-10.161571648786362	3.634332354860393e-05
1100	-10.150415757619106	3.690733724853644e-05
1101	-10.13925986645185	3.747732816492665e-05
1102	-10.128103975284596	3.805330565800129e-05
1103	-10.11694808411734	3.863527801529434e-05
1104	-10.105792192950085	3.9223252436543843e-05
1105	-10.09463630178283	3.981723501883082e-05
1106	-10.083480410615573	4.041723074196779e-05
1107	-10.072324519448319	4.102324345415142e-05
1108	-10.061168628281063	4.163527585787573e-05
1109	-10.050012737113807	4.2253329496145026e-05
1110	-10.038856845946553	4.2877404738961275e-05
1111	-10.027700954779297	4.350750077011955e-05
1112	-10.016545063612043	4.414361557431935e-05
1113	-10.005389172444787	4.478574592458737e-05
1114	-9.99423328127753	4.5433887370044785e-05
1115	-9.983077390110276	4.6088034224001776e-05
1116	-9.97192149894302	4.6748179552415186e-05
1117	-9.960765607775764	4.7414315162700466e-05
1118	-9.94960971660851	4.808643159291565e-05
1119	-9.938453825441254	4.87645181013282e-05
1120	-9.927297934274	4.9448562656361916e-05
1121	-9.916142043106744	5.0138551926957046e-05
1122	-9.904986151939488	5.0834471273323434e-05
1123	-9.893830260772233	5.153630473812479e-05
1124	-9.882674369604977	5.224403503807073e-05
1125	-9.871518478437721	5.295764355596318e-05
1126	-9.860362587270467	5.3677110333161974e-05
1127	-9.849206696103211	5.4402414062523186e-05
1128	-9.838050804935955	5.5133532081804474e-05
1129	-9.826894913768701	5.587044036747509e-05
1130	-9.815739022601445	5.661311352911766e-05
1131	-9.80458313143419	5.7361524804179005e-05
1132	-9.793427240266935	5.811564605327903e-05
1133	-9.782271349099679	5.8875447756086624e-05
1134	-9.771115457932424	5.964089900753291e-05
1135	-9.759959566765168	6.041196751468034e-05
1136	-9.748803675597912	6.11886195940597e-05
1137	-9.737647784430658	6.19708201694758e-05
1138	-9.726491893263402	6.275853277047654e-05
1139	-9.715336002096148	6.355171953122646e-05
1140	-9.704180110928892	6.435034118997115e-05
1141	-9.693024219761636	6.515435708909428e-05
1142	-9.681868328594382	6.596372517563252e-05
1143	-9.670712437427126	6.677840200238829e-05
1144	-9.65955654625987	6.759834272966702e-05
1145	-9.648400655092615	6.84235011274784e-05
1146	-9.63724476392536	6.925382957835818e-05
1147	-9.626088872758105	7.00892790807551e-05
1148	-9.614932981590849	7.092979925299739e-05
1149	-9.603777090423593	7.177533833781829e-05
1150	-9.592621199256339	7.262584320743538e-05
1151	-9.581465308089083	7.348125936936023e-05
1152	-9.570309416921827	7.434153097259521e-05
1153	-9.559153525754573	7.520660081450325e-05
1154	-9.547997634587317	7.607641034829467e-05
1155	-9.53684174342006	7.695089969106094e-05
1156	-9.525685852252806	7.783000763240779e-05
1157	-9.51452996108555	7.871367164367918e-05
1158	-9.503374069918296	7.960182788776184e-05
1159	-9.49221817875104	8.049441122948512e-05
1160	-9.481062287583784	8.139135524660352e-05
1161	-9.46990639641653	8.229259224136378e-05
1162	-9.458750505249274	8.319805325266814e-05
1163	-9.447594614082018	8.410766806876505e-05
1164	-9.436438722914763	8.502136524063038e-05
1165	-9.425282831747507	8.593907209580878e-05
1166	-9.414126940580253	8.686071475287493e-05
1167	-9.402971049412997	8.778621813650344e-05
1168	-9.391815158245741	8.871550599294257e-05
1169	-9.380659267078487	8.964850090638387e-05
1170	-9.369503375911231	9.058512431549219e-05
1171	-9.358347484743975	9.152529653073152e-05
1172	-9.34719159357672	9.246893675217836e-05
1173	-9.336035702409465	9.34159630878652e-05
1174	-9.32487981124221	9.436629257266638e-05
1175	-9.313723920074954	9.531984118771469e-05
1176	-9.302568028907698	9.627652388027079e-05
1177	-9.291412137740444	9.72362545842913e-05
1178	-9.280256246573188	9.819894624124809e-05
1179	-9.269100355405932	9.916451082163571e-05
1180	-9.257944464238678	0.00010013285934689758
1181	-9.246788573071422	0.00010110390191179641
1182	-9.235632681904166	0.00010207754770737775
1183	-9.224476790736912	0.00010305370504422876
1184	-9.213320899569656	0.0001040322813763123
1185	-9.202165008402401	0.00010501318332519932
1186	-9.191009117235145	0.00010599631670469661
1187	-9.17985322606789	0.00010698158654600031
1188	-9.168697334900635	0.00010796889712311612
1189	-9.157541443733379	0.0001089581519787877
1190	-9.146385552566123	0.00010994925395071907
1191	-9.135229661398869	0.00011094210519830568
1192	-9.124073770231613	0.00011193660722955058
1193	-9.112917879064359	0.00011293266092845892
1194	-9.101761987897103	0.00011393016658271136
1195	-9.090606096729847	0.00011492902391167549
1196	-9.079450205562592	0.0001159291320947122
1197	-9.068294314395336	0.00011693038979978703
1198	-9.05713842322808	0.00011793269521234998
1199	-9.045982532060826	0.00011893594606449396
1200	-9.03482664089357	0.00011994003966434948
1201	-9.023670749726316	0.00012094487292571824
1202	-9.01251485855906	0.00012195034239793722
1203	-9.001358967391804	0.00012295634429593502
1204	-8.99020307622455	0.00012396277453048622
1205	-8.979047185057293	0.00012496952873863578
1206	-8.967891293890037	0.00012597650231428473
1207	-8.956735402722783	0.00012698359043891388
1208	-8.945579511555527	0.00012799068811243904
1209	-8.934423620388271	0.00012899769018417777
1210	-8.923267729221017	0.00013000449138391243
1211	-8.912111838053761	0.0001310109863529762
1212	-8.900955946886507	0.00013201706967551198
1213	-8.88980005571925	0.00013302263590971613
1214	-8.878644164551995	0.00013402757961903026
1215	-8.86748827338474	0.00013503179540347987
1216	-8.856332382217484	0.00013603517793092548
1217	-8.845176491050228	0.0001370376219683084
1218	-8.834020599882974	0.00013803902241286669
1219	-8.822864708715718	0.000139039274323275
1220	-8.811708817548464	0.00014003827295069757
1221	-8.800552926381208	0.0001410359137698465
1222	-8.789397035213952	0.00014203209250977447
1223	-8.778241144046698	0.00014302670518464314
1224	-8.767085252879442	0.00014401964812439685
1225	-8.755929361712186	0.0001450108180050824
1226	-8.744773470544931	0.00014600011187928887
1227	-8.733617579377675	0.00014698742720609
1228	-8.722461688210421	0.000147972661880981
1229	-8.711305797043165	0.00014895571426551776
1230	-8.700149905875909	0.0001499364832167243
1231	-8.688994014708655	0.00015091486811623597
1232	-8.677838123541399	0.00015189076889918207
1233	-8.666682232374143	0.00015286408608277327
1234	-8.655526341206889	0.000153834720794577
1235	-8.644370450039633	0.00015480257480048575
1236	-8.633214558872377	0.00015576755053234274
1237	-8.622058667705122	0.00015672955111520649
1238	-8.610902776537866	0.00015768848039428486
1239	-8.599746885370612	0.0001586442429614482
1240	-8.588590994203356	0.0001595967441813497
1241	-8.5774351030361	0.00016054589021720432
1242	-8.566279211868846	0.00016149158805604954
1243	-8.55512332070159	0.00016243374553364252
1244	-8.543967429534334	0.00016337227135883862
1245	-8.53281153836708	0.0001643070751376458
1246	-8.521655647199823	0.0001652380673966194
1247	-8.51049975603257	0.00016616515960591534
1248	-8.499343864865313	0.00016708826420178648
1249	-8.488187973698057	0.00016800729460857453
1250	-8.477032082530803	0.00016892216526021633
1251	-8.465876191363547	0.00016983279162108717
1252	-8.454720300196291	0.00017073909020660908
1253	-8.443564409029037	0.00017164097860290688
1254	-8.43240851786178	0.00017253837548620264
1255	-8.421252626694525	0.00017343120064153161
1256	-8.41009673552727	0.0001743193749808886
1257	-8.398940844360014	0.00017520282056076496
1258	-8.38778495319276	0.00017608146059919566
1259	-8.376629062025504	0.00017695521949206644
1260	-8.365473170858248	0.00017782402282882285
1261	-8.354317279690994	0.00017868779740780934
1262	-8.343161388523738	0.00017954647125060626
1263	-8.332005497356482	0.00018039997361604242
1264	-8.320849606189228	0.000181248235013369
1265	-8.309693715021972	0.00018209118721508138
1266	-8.298537823854717	0.00018292876326874073
1267	-8.287381932687461	0.00018376089750842879
1268	-8.276226041520205	0.0001845875255654324
1269	-8.265070150352951	0.00018540858437834503
1270	-8.253914259185695	0.00018622401220245538
1271	-8.242758368018439	0.000187033748618541
1272	-8.231602476851185	0.00018783773454097467
1273	-8.220446585683929	0.00018863591222521915
1274	-8.209290694516675	0.00018942822527457298
1275	-8.198134803349419	0.00019021461864642358
1276	-8.186978912182163	0.00019099503865774984
1277	-8.175823021014908	0.0001917694329899243
1278	-8.164667129847652	0.0001925377506929971
1279	-8.153511238680396	0.00019329994218924757
1280	-8.142355347513142	0.00019405595927613763
1281	-8.131199456345886	0.00019480575512860116
1282	-8.12004356517863	0.00019554928430073413
1283	-8.108887674011376	0.00019628650272675587
1284	-8.09773178284412	0.00019701736772158814
1285	-8.086575891676866	0.0001977418379805013
1286	-8.07542000050961	0.0001984598735783762
1287	-8.064264109342353	0.00019917143596825617
1288	-8.0531082181751	0.00019987648797940426
1289	-8.041952327007843	0.00020057499381462401
1290	-8.030796435840587	0.00020126691904711404
1291	-8.019640544673333	0.0002019522306167161
1292	-8.008484653506077	0.00020263089682557594
1293	-7.997328762338823	0.00020330288733328832
1294	-7.986172871171567	0.0002039681731514576
1295	-7.975016980004311	0.0002046267266377559
1296	-7.9638610888370565	0.00020527852148944322
1297	-7.9527051976698	0.0002059235327363293
1298	-7.941549306502544	0.00020656173673336061
1299	-7.93039341533529	0.0002071931111525702
1300	-7.919237524168034	0.00020781763497461502
1301	-7.90808163300078	0.00020843528847986712
1302	-7.896925741833524	0.00020904605323900026
1303	-7.885769850666268	0.00020964991210320426
1304	-7.874613959499014	0.00021024684919389593
1305	-7.863458068331758	0.00021083684989206528
1306	-7.852302177164502	0.00021141990082721842
1307	-7.841146285997247	0.0002119959898659233
1308	-7.829990394829991	0.0002125651060999928
1309	-7.818834503662735	0.00021312723983430885
1310	-7.807678612495481	0.0002136823825743148
1311	-7.796522721328225	0.00021423052701317216
1312	-7.785366830160971	0.00021477166701862197
1313	-7.774210938993715	0.00021530579761955016
1314	-7.763055047826459	0.00021583291499220058
1315	-7.751899156659205	0.00021635301644635228
1316	-7.740743265491949	0.00021686610041095006
1317	-7.729587374324693	0.0002173721664196698
1318	-7.718431483157438	0.0002178712150963719
1319	-7.707275591990182	0.0002183632481401043
1320	-7.696119700822928	0.0002188482683100976
1321	-7.684963809655672	0.00021932627941067122
1322	-7.673807918488416	0.00021979728627574577
1323	-7.662652027321162	0.00022026129475344775
1324	-7.651496136153906	0.00022071831169051003
1325	-7.64034024498665	0.00022116834491659777
1326	-7.6291843538193955	0.00022161140322854311
1327	-7.6180284626521395	0.00022204749637454432
1328	-7.606872571484885	0.0002224766350382897
1329	-7.595716680317629	0.00022289883082308545
1330	-7.584560789150373	0.00022331409623594988
1331	-7.573404897983119	0.0002237224446717277
1332	-7.562249006815863	0.00022412389039721837
1333	-7.551093115648607	0.00022451844853537407
1334	-7.539937224481353	0.00022490613504943187
1335	-7.528781333314097	0.0002252869667274078
1336	-7.517625442146841	0.0002256609611662438
1337	-7.5064695509795865	0.00022602813675646973
1338	-7.49531365981233	0.0002263885126667864
1339	-7.484157768645076	0.0002267421088287532
1340	-7.47300187747782	0.000227088945921717
1341	-7.461845986310564	0.00022742904535787736
1342	-7.45069009514331	0.0002277624292674644
1343	-7.439534203976054	0.0002280891204843206
1344	-7.428378312808798	0.00022840914253134334
1345	-7.417222421641544	0.00022872251960649688
1346	-7.406066530474288	0.0002290292765688217
1347	-7.394910639307033	0.00022932943892481984
1348	-7.383754748139777	0.0002296230328150406
1349	-7.372598856972521	0.00022991008500095967
1350	-7.361442965805267	0.00023019062285215122
1351	-7.350287074638011	0.00023046467433373595
1352	-7.339131183470755	0.00023073226799414623
1353	-7.327975292303501	0.00023099343295324344
1354	-7.316819401136245	0.00023124819889069472
1355	-7.305663509968991	0.00023149659603478878
1356	-7.294507618801735	0.00023173865515141662
1357	-7.283351727634479	0.00023197440753374872
1358	-7.272195836467224	0.0002322038849918559
1359	-7.261039945299968	0.000232427119843117
1360	-7.249884054132712	0.00023264414490265054
1361	-7.238728162965458	0.00023285499347440518
1362	-7.227572271798202	0.00023305969934252297
1363	-7.216416380630946	0.00023325829676313836
1364	-7.205260489463692	0.00023345082045659192
1365	-7.194104598296436	0.0002336373056000546
1366	-7.1829487071291815	0.00023381778782058526
1367	-7.1717928159619255	0.00023399230318860248
1368	-7.1606369247946695	0.00023416088821181374
1369	-7.149481033627415	0.00023432357982954076
1370	-7.138325142460159	0.00023448041540753955
1371	-7.127169251292903	0.0002346314327332006
1372	-7.116013360125649	0.00023477667001125136
1373	-7.104857468958393	0.00023491616585988252
1374	-7.093701577791139	0.00023504995930723551
1375	-7.082545686623883	0.00023517808978860285
1376	-7.071389795456627	0.00023530059714371767
1377	-7.0602339042893725	0.00023541752161476584
1378	-7.0490780131221165	0.000235528903844748
1379	-7.03792212195486	0.00023563478487622424
1380	-7.026766230787606	0.00023573520615071864
1381	-7.01561033962035	0.00023583020950828905
1382	-7.004454448453096	0.000235919837187749
1383	-6.99329855728584	0.0002360041318272116
1384	-6.982142666118584	0.0002360831364651904
1385	-6.97098677495133	0.00023615689454190348
1386	-6.959830883784074	0.0002362254499014002
1387	-6.948674992616818	0.00023628884679361588
1388	-6.937519101449563	0.00023634712987723633
1389	-6.926363210282307	0.00023640034422286077
1390	-6.915207319115051	0.00023644853531639998
1391	-6.904051427947797	0.0002364917490632302
1392	-6.892895536780541	0.00023653003179236005
1393	-6.881739645613287	0.00023656343026125237
1394	-6.870583754446031	0.00023659199166093387
1395	-6.859427863278775	0.00023661576362138853
1396	-6.848271972111521	0.00023663479421760707
1397	-6.837116080944265	0.00023664913197550365
1398	-6.825960189777009	0.00023665882587879444
1399	-6.814804298609754	0.00023666392537567666
1400	-6.803648407442498	0.00023666448038607457
1401	-6.792492516275244	0.0002366605413093535
1402	-6.781336625107988	0.00023665215903187118
1403	-6.770180733940732	0.00023663938493556755
1404	-6.759024842773478	0.00023662227090607245
1405	-6.747868951606222	0.0002366008693415804
1406	-6.736713060438966	0.00023657523316187204
1407	-6.7255571692717115	0.00023654541581766145
1408	-6.7144012781044555	0.00023651147129993464
1409	-6.7032453869371995	0.00023647345414998385
1410	-6.692089495769945	0.00023643141946921452
1411	-6.680933604602689	0.00023638542292950113
1412	-6.669777713435435	0.00023633552078348226
1413	-6.658621822268179	0.0002362817698754503
1414	-6.647465931100923	0.00023622422765196707
1415	-6.636310039933669	0.00023616295217296913
1416	-6.625154148766413	0.00023609800212295517
1417	-6.613998257599157	0.0002360294368222783
1418	-6.6028423664319025	0.00023595731623876615
1419	-6.5916864752646465	0.0002358817009991567
1420	-6.580530584097392	0.00023580265240106515
1421	-6.569374692930136	0.00023572023242476395
1422	-6.55821880176288	0.00023563450374505923
1423	-6.547062910595626	0.000235545529743677
1424	-6.53590701942837	0.0002354533745212137
1425	-6.524751128261114	0.00023535810290942997
1426	-6.51359523709386	0.00023525978048366476
1427	-6.502439345926604	0.00023515847357511506
1428	-6.491283454759349	0.00023505424928350492
1429	-6.480127563592093	0.0002349471754893916
1430	-6.468971672424837	0.00023483732086682714
1431	-6.457815781257583	0.00023472475489593253
1432	-6.446659890090327	0.00023460954787551442
1433	-6.435503998923071	0.00023449177093571086
1434	-6.424348107755817	0.0002343714960507108
1435	-6.413192216588563	0.00023424879605123244
1436	-6.402036325421307	0.0002341237446375448
1437	-6.390880434254051	0.00023399641639194982
1438	-6.379724543086795	0.00023386688679140935
1439	-6.368568651919539	0.00023373523222047527
1440	-6.357412760752283	0.0002336015299837297
1441	-6.34625686958503	0.00023346585831878115
1442	-6.335100978417774	0.00023332829640875042
1443	-6.323945087250518	0.00023318892439478373
1444	-6.312789196083262	0.00023304782338929642
1445	-6.301633304916006	0.0002329050754881254
1446	-6.290477413748754	0.00023276076378335345
1447	-6.279321522581498	0.0002326149723762364
1448	-6.2681656314142415	0.00023246778638959118
1449	-6.2570097402469855	0.00023231929198071148
1450	-6.2458538490797295	0.00023216957635404588
1451	-6.234697957912477	0.00023201872777383725
1452	-6.223542066745221	0.0002318668355772298
1453	-6.212386175577965	0.00023171399018674137
1454	-6.201230284410709	0.0002315602831234233
1455	-6.190074393243453	0.00023140580701966717
1456	-6.178918502076197	0.0002312506556322993
1457	-6.1677626109089445	0.0002310949238555894
1458	-6.1566067197416885	0.00023093870773461714
1459	-6.1454508285744325	0.00023078210447853296
1460	-6.1342949374071765	0.00023062521247393722
1461	-6.1231390462399204	0.00023046813129856444
1462	-6.111983155072668	0.0002303109617350276
1463	-6.100827263905412	0.00023015380578479604
1464	-6.089671372738156	0.00022999676668226623
1465	-6.0785154815709	0.00022983994890915434
1466	-6.067359590403644	0.00022968345820936024
1467	-6.056203699236388	0.00022952740160352362
1468	-6.045047808069135	0.00022937188740434813
1469	-6.033891916901879	0.00022921702523227957
1470	-6.022736025734623	0.0002290629260311326
1471	-6.011580134567367	0.00022890970208449862
1472	-6.000424243400111	0.0002287574670324437
1473	-5.989268352232859	0.0002286063358884691
1474	-5.978112461065603	0.00022845642505724446
1475	-5.966956569898347	0.00022830785235259318
1476	-5.955800678731091	0.00022816073701625506
1477	-5.944644787563835	0.00022801519973703762
1478	-5.933488896396582	0.00022787136267066646
1479	-5.922333005229326	0.0002277293494603342
1480	-5.91117711406207	0.00022758928525799175
1481	-5.900021222894814	0.00022745129674620399
1482	-5.888865331727558	0.00022731551216099364
1483	-5.877709440560302	0.00022718206131546503
1484	-5.86655354939305	0.0002270510756242587
1485	-5.855397658225794	0.00022692268812902293
1486	-5.844241767058538	0.0002267970335249356
1487	-5.833085875891282	0.00022667424818803626
1488	-5.821929984724026	0.00022655447020392475
1489	-5.810774093556773	0.00022643783939738758
1490	-5.799618202389517	0.000226324497363527
1491	-5.788462311222261	0.00022621458749982732
1492	-5.777306420055005	0.0002261082550397141
1493	-5.766150528887749	0.00022600564708770646
1494	-5.754994637720493	0.0002259069126556223
1495	-5.743838746553241	0.00022581220270065413
1496	-5.732682855385985	0.00022572167016491796
1497	-5.721526964218729	0.00022563547001660635
1498	-5.710371073051473	0.00022555375929312696
1499	-5.699215181884217	0.00022547669714573294
1500	-5.688059290716964	0.0002254044448862925
1501	-5.676903399549708	0.00022533716603595472
1502	-5.665747508382452	0.00022527502637579257
1503	-5.654591617215196	0.00022521819399978115
1504	-5.64343572604794	0.00022516683936970596
1505	-5.632279834880688	0.00022512113537275963
1506	-5.621123943713432	0.00022508125738113737
1507	-5.609968052546176	0.00022504738331429532
1508	-5.59881216137892	0.0002250196937040392
1509	-5.587656270211664	0.00022499837176170713
1510	-5.576500379044408	0.00022498360344867932
1511	-5.565344487877155	0.00022497557754946464
1512	-5.554188596709899	0.000224974485747854
1513	-5.543032705542643	0.0002249805227061349
1514	-5.531876814375387	0.00022499388614740534
1515	-5.520720923208131	0.00022501477694142848
1516	-5.509565032040879	0.00022504339919356643
1517	-5.498409140873623	0.00022507996033735246
1518	-5.487253249706367	0.0002251246712309465
1519	-5.476097358539111	0.0002251777462568807
1520	-5.464941467371855	0.00022523940342599627
1521	-5.453785576204599	0.00022530986448534955
1522	-5.442629685037346	0.00022538935503006082
1523	-5.43147379387009	0.0002254781046196055
1524	-5.420317902702834	0.00022557634689840172
1525	-5.409162011535578	0.00022568431972089893
1526	-5.398006120368322	0.0002258022652812879
1527	-5.38685022920107	0.00022593043024810117
1528	-5.375694338033814	0.00022606906590364956
1529	-5.364538446866558	0.00022621842828856987
1530	-5.3533825556993015	0.000226378778351555
1531	-5.3422266645320455	0.00022655038210460385
1532	-5.331070773364793	0.00022673351078348068
1533	-5.319914882197537	0.0002269284410143115
1534	-5.308758991030281	0.00022713545498556734
1535	-5.297603099863025	0.00022735484062635586
1536	-5.286447208695769	0.00022758689179073647
1537	-5.275291317528513	0.00022783190844849862
1538	-5.2641354263612605	0.00022809019688224943
1539	-5.2529795351940045	0.00022836206989148848
1540	-5.2418236440267485	0.00022864784700317084
1541	-5.2306677528594925	0.00022894785468977196
1542	-5.2195118616922365	0.00022926242659398219
1543	-5.208355970524984	0.00022959190376161943
1544	-5.197200079357728	0.00022993663488137697
1545	-5.186044188190472	0.0002302969765328144
1546	-5.174888297023216	0.00023067329344240333
1547	-5.16373240585596	0.00023106595874731868
1548	-5.152576514688704	0.0002314753542684814
1549	-5.1414206235214515	0.00023190187079126425
1550	-5.1302647323541954	0.00023234590835578223
1551	-5.119108841186939	0.00023280787655584253
1552	-5.107952950019683	0.0002332881948474709
1553	-5.096797058852427	0.00023378729286664327
1554	-5.085641167685175	0.00023430561075705707
1555	-5.074485276517919	0.00023484359950770402
1556	-5.063329385350663	0.00023540172130047377
1557	-5.052173494183407	0.0002359804498688719
1558	-5.041017603016151	0.0002365802708667707
1559	-5.029861711848898	0.00023720168224829327
1560	-5.018705820681642	0.00023784519465910737
1561	-5.007549929514386	0.0002385113318390625
1562	-4.99639403834713	0.00023920063103638868
1563	-4.985238147179874	0.00023991364343443818
1564	-4.974082256012618	0.00024065093459001735
1565	-4.962926364845366	0.00024141308488462483
1566	-4.95177047367811	0.00024220068998878063
1567	-4.940614582510854	0.00024301436133891956
1568	-4.929458691343598	0.00024385472662805867
1569	-4.918302800176342	0.0002447224303101897
1570	-4.907146909009089	0.00024561813411865663
1571	-4.895991017841833	0.00024654251759845583
1572	-4.884835126674577	0.0002474962786538833
1573	-4.873679235507321	0.0002484801341107426
1574	-4.862523344340065	0.00024949482029355536
1575	-4.851367453172809	0.00025054109361880456
1576	-4.840211562005557	0.0002516197312038905
1577	-4.829055670838301	0.00025273153149257577
1578	-4.817899779671045	0.000253877314896484
1579	-4.806743888503789	0.00025505792445421163
1580	-4.795587997336533	0.0002562742265071273
1581	-4.78443210616928	0.000257527111393339
1582	-4.773276215002024	0.00025881749415934723
1583	-4.762120323834768	0.0002601463152901227
1584	-4.750964432667512	0.00026151454145779924
1585	-4.739808541500256	0.0002629231662899467
1586	-4.728652650333004	0.0002643732111568621
1587	-4.717496759165748	0.0002658657259788475
1588	-4.706340867998492	0.00026740179005387986
1589	-4.695184976831236	0.00026898251290589746
1590	-4.68402908566398	0.0002706090351540701
1591	-4.672873194496724	0.0002722825294037237
1592	-4.661717303329471	0.0002740042011589053
1593	-4.650561412162215	0.00027577528975744457
1594	-4.639405520994959	0.0002775970693286636
1595	-4.628249629827703	0.00027947084977405226
1596	-4.617093738660447	0.00028139797777201
1597	-4.605937847493195	0.00028337983780584325
1598	-4.594781956325939	0.0002854178532170019
1599	-4.583626065158683	0.0002875134872824645
1600	-4.572470173991427	0.0002896682443180789
1601	-4.561314282824171	0.0002918836708072079
1602	-4.550158391656915	0.0002941613565559144
1603	-4.539002500489662	0.00029650293587473977
1604	-4.527846609322406	0.00029891008878746663
1605	-4.51669071815515	0.0003013845422679231
1606	-4.505534826987894	0.0003039280715045287
1607	-4.494378935820638	0.0003065425011934169
1608	-4.483223044653386	0.00030922970686089615
1609	-4.47206715348613	0.0003119916162152336
1610	-4.460911262318874	0.00031483021052829276
1611	-4.449755371151618	0.00031774752604822327
1612	-4.4385994799843616	0.00032074565544249725
1613	-4.4274435888171055	0.00032382674927290315
1614	-4.416287697649853	0.0003269930175022211
1615	-4.405131806482597	0.00033024673103377656
1616	-4.393975915315341	0.0003335902232834726
1617	-4.382820024148085	0.00033702589178570194
1618	-4.371664132980829	0.00034055619983305505
1619	-4.3605082418135765	0.00034418367815067225
1620	-4.3493523506463205	0.0003479109266053332
1621	-4.3381964594790645	0.00035174061595047993
1622	-4.3270405683118085	0.0003556754896067442
1623	-4.3158846771445525	0.0003597183654794341
1624	-4.3047287859773	0.0003638721378127807
1625	-4.293572894810044	0.0003681397790818363
1626	-4.282417003642788	0.0003725243419223661
1627	-4.271261112475532	0.00037702896109933733
1628	-4.260105221308276	0.00038165685551434136
1629	-4.24894933014102	0.0003864113302527773
1630	-4.2377934389737675	0.0003912957786708002
1631	-4.2266375478065115	0.0003963136845229998
1632	-4.2154816566392554	0.00040146862413116156
1633	-4.204325765471999	0.0004067642685944063
1634	-4.193169874304743	0.00041220438604134033
1635	-4.182013983137491	0.0004177928439248448
1636	-4.170858091970235	0.00042353361135960435
1637	-4.159702200802979	0.00042943076150350355
1638	-4.148546309635723	0.0004354884739821558
1639	-4.137390418468467	0.00044171103735883175
1640	-4.126234527301211	0.00044810285164815106
1641	-4.115078636133958	0.0004546684308756965
1642	-4.103922744966702	0.00046141240568322857
1643	-4.092766853799446	0.00046833952597981967
1644	-4.08161096263219	0.0004754546636395875
1645	-4.070455071464934	0.00048276281524636816
1646	-4.059299180297682	0.0004902691048860077
1647	-4.048143289130426	0.0004979787869857947
1648	-4.03698739796317	0.0005058972492026495
1649	-4.025831506795914	0.0005140300153592454
1650	-4.014675615628658	0.00052238274842917
1651	-4.003519724461405	0.0005309612535713685
1652	-3.9923638332941493	0.0005397714812137432
1653	-3.9812079421268933	0.0005488195301867334
1654	-3.9700520509596373	0.0005581116509069023
1655	-3.9588961597923813	0.000567654248610847
1656	-3.9477402686251253	0.0005774538866397004
1657	-3.936584377457873	0.000587517289774477
1658	-3.925428486290617	0.0005978513476224814
1659	-3.914272595123361	0.0006084631180545635
1660	-3.9031167039561048	0.0006193598306948664
1661	-3.8919608127888488	0.0006305488904606738
1662	-3.8808049216215963	0.0006420378811550382
1663	-3.8696490304543403	0.0006538345691108626
1664	-3.8584931392870843	0.0006659469068868115
1665	-3.8473372481198282	0.0006783830370153007
1666	-3.8361813569525722	0.0006911512958023882
1667	-3.825025465785316	0.0007042602171796962
1668	-3.8138695746180638	0.0007177185366082791
1669	-3.8027136834508077	0.0007315351950344643
1670	-3.7915577922835517	0.0007457193428974231
1671	-3.7804019011162957	0.0007602803441885173
1672	-3.7692460099490397	0.0007752277805623467
1673	-3.7580901187817872	0.0007905714554988364
1674	-3.746934227614531	0.00080632139851716
1675	-3.735778336447275	0.0008224878694397231
1676	-3.724622445280019	0.0008390813627076028
1677	-3.713466554112763	0.0008561126117460801
1678	-3.7023106629455107	0.0008735925933797144
1679	-3.6911547717782547	0.0008915325322977481
1680	-3.6799988806109987	0.0009099439055682796
1681	-3.6688429894437427	0.0009288384472005577
1682	-3.6576870982764866	0.0009482281527570168
1683	-3.6465312071092306	0.0009681252840108225
1684	-3.635375315941978	0.000988542373652126
1685	-3.624219424774722	0.0010094922300396558
1686	-3.613063533607466	0.0010309879419982038
1687	-3.60190764244021	0.001053042883661083
1688	-3.590751751272954	0.001075670719356714
1689	-3.5795958601057016	0.0010988854085379769
1690	-3.5684399689384456	0.0011227012107543624
1691	-3.5572840777711896	0.0011471326906652595
1692	-3.5461281866039336	0.001172194723093847
1693	-3.5349722954366776	0.0011979024981197196
1694	-3.5238164042694216	0.0012242715262105108
1695	-3.512660513102169	0.0012513176433898104
1696	-3.501504621934913	0.001279057016441063
1697	-3.490348730767657	0.001307506148146478
1698	-3.479192839600401	0.001336681882558065
1699	-3.468036948433145	0.0013666014103013797
1700	-3.4568810572658926	0.0013972822739089176
1701	-3.4457251660986365	0.0014287423731823897
1702	-3.4345692749313805	0.001460999970582304
1703	-3.4234133837641245	0.0014940736966426406
1704	-3.4122574925968685	0.0015279825554095953
1705	-3.401101601429616	0.0015627459299019267
1706	-3.38994571026236	0.0015983835875916475
1707	-3.378789819095104	0.001634915685902628
1708	-3.367633927927848	0.0016723627777254263
1709	-3.356478036760592	0.0017107458169460462
1710	-3.345322145593336	0.0017500861639865959
1711	-3.3341662544260835	0.0017904055913558511
1712	-3.3230103632588275	0.0018317262892067125
1713	-3.3118544720915715	0.0018740708708991224
1714	-3.3006985809243155	0.0019174623785653173
1715	-3.2895426897570594	0.0019619242886749814
1716	-3.278386798589807	0.002007480517598217
1717	-3.267230907422551	0.0020541554271628665
1718	-3.256075016255295	0.0021019738302042726
1719	-3.244919125088039	0.002150960996103766
1720	-3.233763233920783	0.0022011426563135136
1721	-3.222607342753527	0.002252545009865307
1722	-3.2114514515862744	0.002305194728858437
1723	-3.2002955604190184	0.0023591189639257278
1724	-3.1891396692517624	0.0024143453496725427
1725	-3.1779837780845064	0.0024709020100870285
1726	-3.1668278869172504	0.0025288175639167697
1727	-3.155671995749998	0.002588121130010017
1728	-3.144516104582742	0.002648842332616115
1729	-3.133360213415486	0.002711011306642859
1730	-3.12220432224823	0.0027746587028666973
1731	-3.111048431080974	0.002839815693091569
1732	-3.0998925399137214	0.002906513975252954
1733	-3.0887366487464654	0.002974785778463221
1734	-3.0775807575792093	0.0030446638679934553
1735	-3.0664248664119533	0.0031161815501892036
1736	-3.0552689752446973	0.0031893726773135054
1737	-3.0441130840774413	0.0032642716523158823
1738	-3.032957192910189	0.0033409134335200966
1739	-3.021801301742933	0.0034193335392285187
1740	-3.010645410575677	0.0034995680522366024
1741	-2.999489519408421	0.0035816536242546464
1742	-2.9883336282411648	0.003665627480230713
1743	-2.9771777370739123	0.00375152742257081
1744	-2.9660218459066563	0.0038393918352514723
1745	-2.9548659547394003	0.003929259687818694
1746	-2.9437100635721443	0.0040211705392703394
1747	-2.9325541724048882	0.004115164541814408
1748	-2.9213982812376322	0.0042112824445003786
1749	-2.9102423900703798	0.004309565596716714
1750	-2.8990864989031238	0.0044100559515504
1751	-2.8879306077358677	0.00451279606900183
1752	-2.8767747165686117	0.004617829119051286
1753	-2.8656188254013557	0.004725198884570718
1754	-2.8544629342341032	0.0048349497640738405
1755	-2.8433070430668472	0.004947126774302899
1756	-2.832151151899591	0.005061775552640849
1757	-2.820995260732335	0.005178942359348713
1758	-2.809839369565079	0.005298674079618522
1759	-2.7986834783978267	0.0054210182254380455
1760	-2.7875275872305707	0.005546022937259953
1761	-2.7763716960633147	0.005673736985471087
1762	-2.7652158048960587	0.005804209771654238
1763	-2.7540599137288027	0.00593749132963809
1764	-2.7429040225615466	0.006073632326327033
1765	-2.731748131394294	0.006212684062307179
1766	-2.720592240227038	0.006354698472221115
1767	-2.709436349059782	0.006499728124904551
1768	-2.698280457892526	0.006647826223280644
1769	-2.68712456672527	0.006799046604003431
1770	-2.6759686755580177	0.006953443736846573
1771	-2.6648127843907616	0.00711107272382867
1772	-2.6536568932235056	0.007271989298070621
1773	-2.6425010020562496	0.007436249822377786
1774	-2.6313451108889936	0.007603911287541679
1775	-2.6201892197217376	0.007775031310352996
1776	-2.609033328554485	0.007949668131321619
1777	-2.597877437387229	0.008127880612096364
1778	-2.586721546219973	0.008309728232577793
1779	-2.575565655052717	0.008495271087718755
1780	-2.564409763885461	0.0086845698840051
1781	-2.5532538727182086	0.008877685935611477
1782	-2.5420979815509526	0.009074681160226831
1783	-2.5309420903836966	0.009275618074538017
1784	-2.5197861992164405	0.009480559789373915
1785	-2.5086303080491845	0.009689570004496975
1786	-2.497474416881932	0.009902713003037841
1787	-2.486318525714676	0.010120053645570035
1788	-2.47516263454742	0.010341657363812583
1789	-2.464006743380164	0.010567590153962672
1790	-2.452850852212908	0.010797918569642762
1791	-2.441694961045652	0.011032709714466873
1792	-2.4305390698783995	0.011272031234211163
1793	-2.4193831787111435	0.011515951308588363
1794	-2.4082272875438875	0.011764538642618734
1795	-2.3970713963766315	0.012017862457592466
1796	-2.3859155052093755	0.012275992481617844
1797	-2.374759614042123	0.012538998939751023
1798	-2.363603722874867	0.012806952543697724
1799	-2.352447831707611	0.013079924481089772
1800	-2.341291940540355	0.013357986404323854
1801	-2.330136049373099	0.013641210418961085
1802	-2.318980158205843	0.013929669071682426
1803	-2.3078242670385904	0.014223435337797644
1804	-2.2966683758713344	0.014522582608294851
1805	-2.2855124847040784	0.014827184676438026
1806	-2.2743565935368224	0.01513731572390124
1807	-2.2632007023695664	0.015453050306434922
1808	-2.252044811202314	0.015774463339065247
1809	-2.240888920035058	0.016101630080817626
1810	-2.229733028867802	0.01643462611896501
1811	-2.218577137700546	0.016773527352796164
1812	-2.20742124653329	0.017118409976899587
1813	-2.1962653553660374	0.017469350463961354
1814	-2.1851094641987814	0.017826425547075496
1815	-2.1739535730315254	0.01818971220156062
1816	-2.1627976818642694	0.01855928762628681
1817	-2.1516417906970133	0.018935229224501006
1818	-2.1404858995297573	0.01931761458416179
1819	-2.129330008362505	0.019706521457767034
1820	-2.118174117195249	0.02010202774168899
1821	-2.107018226027993	0.020504211455002117
1822	-2.095862334860737	0.020913150717811583
1823	-2.084706443693481	0.021328923729077808
1824	-2.0735505525262283	0.021751608743934184
1825	-2.0623946613589723	0.022181284050507104
1826	-2.0512387701917163	0.022618027946230575
1827	-2.0400828790244603	0.023061918713654695
1828	-2.0289269878572043	0.02351303459575593
1829	-2.0177710966899483	0.023971453770745072
1830	-2.006615205522696	0.024437254326377528
1831	-1.9954593143554398	0.02491051423375944
1832	-1.9843034231881838	0.02539131132066657
1833	-1.9731475320209277	0.02587972324436406
1834	-1.9619916408536717	0.026375827463930718
1835	-1.9508357496864193	0.02687970121211204
1836	-1.9396798585191632	0.027391421466664352
1837	-1.9285239673519072	0.02791106492123793
1838	-1.9173680761846512	0.028438707955773548
1839	-1.9062121850173952	0.028974426606422972
1840	-1.8950562938501427	0.029518296535014855
1841	-1.8839004026828867	0.03007039299803615
1842	-1.8727445115156307	0.03063079081517661
1843	-1.8615886203483747	0.03119956433740094
1844	-1.8504327291811187	0.03177678741459788
1845	-1.8392768380138627	0.03236253336276228
1846	-1.8281209468466102	0.03295687493076894
1847	-1.8169650556793542	0.03355988426669745
1848	-1.8058091645120982	0.03417163288376165
1849	-1.7946532733448421	0.03479219162581275
1850	-1.7834973821775861	0.03542163063243722
1851	-1.7723414910103337	0.03606001930367835
1852	-1.7611855998430777	0.03670742626435631
1853	-1.7500297086758216	0.03736391932802001
1854	-1.7388738175085656	0.03802956546053687
1855	-1.7277179263413096	0.03870443074331681
1856	-1.7165620351740536	0.03938858033620513
1857	-1.7054061440068011	0.04008207844002849
1858	-1.6942502528395451	0.04078498825882912
1859	-1.683094361672289	0.04149737196178464
1860	-1.671938470505033	0.04221929064482505
1861	-1.660782579337777	0.04295080429197398
1862	-1.6496266881705246	0.0436919717364066
1863	-1.6384707970032686	0.0444428506212522
1864	-1.6273149058360126	0.04520349736016039
1865	-1.6161590146687566	0.045973967097613616
1866	-1.6050031235015005	0.04675431366904498
1867	-1.593847232334248	0.04754458956073657
1868	-1.582691341166992	0.04834484586954485
1869	-1.571535449999736	0.04915513226244674
1870	-1.56037955883248	0.0499754969359256
1871	-1.549223667665224	0.050805986575225004
1872	-1.538067776497968	0.051646646313489565
1873	-1.5269118853307155	0.052497519690770704
1874	-1.5157559941634595	0.053358648612972084
1875	-1.5046001029962035	0.054230073310718156
1876	-1.4934442118289475	0.05511183229816489
1877	-1.4822883206616915	0.056003962331778206
1878	-1.471132429494439	0.056906498369099626
1879	-1.459976538327183	0.057819473527517
1880	-1.448820647159927	0.05874291904305807
1881	-1.437664755992671	0.059676864229226585
1882	-1.426508864825415	0.0606213364359009
1883	-1.415352973658159	0.06157636100831808
1884	-1.4041970824909065	0.0625419612461672
1885	-1.3930411913236505	0.0635181583628003
1886	-1.3818853001563944	0.06450497144459418
1887	-1.3707294089891384	0.06550241741047706
1888	-1.3595735178218824	0.0665105109716583
1889	-1.34841762665463	0.06752926459154664
1890	-1.337261735487374	0.06855868844592707
1891	-1.326105844320118	0.06959879038338235
1892	-1.314949953152862	0.0706495758859936
1893	-1.3037940619856059	0.07171104803034531
1894	-1.2926381708183534	0.07278320744885765
1895	-1.2814822796510974	0.07386605229147573
1896	-1.2703263884838414	0.07495957818770195
1897	-1.2591704973165854	0.07606377820906442
1898	-1.2480146061493294	0.07717864283197425
1899	-1.2368587149820733	0.07830415990104621
1900	-1.2257028238148209	0.07944031459286978
1901	-1.2145469326475649	0.08058708938028887
1902	-1.2033910414803088	0.08174446399718645
1903	-1.1922351503130528	0.08291241540381938
1904	-1.1810792591457968	0.08409091775270916
1905	-1.1699233679785443	0.0852799423551186
1906	-1.1587674768112883	0.08647945764817554
1907	-1.1476115856440323	0.08768942916256839
1908	-1.1364556944767763	0.08890981949099286
1909	-1.1252998033095203	0.09014058825719883
1910	-1.1141439121422643	0.09138169208581812
1911	-1.1029880209750118	0.09263308457289181
1912	-1.0918321298077558	0.09389471625716878
1913	-1.0806762386404998	0.095166534592185
1914	-1.0695203474732438	0.09644848391916969
1915	-1.0583644563059877	0.09774050544076192
1916	-1.0472085651387353	0.0990425371955969
1917	-1.0360526739714793	0.10035451403379168
1918	-1.0248967828042232	0.1016763675932988
1919	-1.0137408916369672	0.10300802627721041
1920	-1.0025850004697112	0.10434941523204104
1921	-0.9914291093024552	0.10570045632693743
1922	-0.9802732181352027	0.10706106813391933
1923	-0.9691173269679467	0.1084311659091328
1924	-0.9579614358006907	0.10981066157515736
1925	-0.9468055446334347	0.11119946370437211
1926	-0.9356496534661787	0.11259747750340279
1927	-0.9244937622989262	0.11400460479870113
1928	-0.9133378711316702	0.11542074402324101
1929	-0.9021819799644142	0.11684579020436138
1930	-0.8910260887971582	0.11827963495281273
1931	-0.8798701976299022	0.11972216645296528
1932	-0.8687143064626497	0.12117326945424037
1933	-0.8575584152953937	0.12263282526378504
1934	-0.8464025241281377	0.1241007117403975
1935	-0.8352466329608816	0.12557680328971185
1936	-0.8240907417936256	0.1270609708606824
1937	-0.8129348506263696	0.12855308194337073
1938	-0.8017789594591171	0.13005300056806096
1939	-0.7906230682918611	0.13156058730570885
1940	-0.7794671771246051	0.13307569926976348
1941	-0.7683112859573491	0.13459819011933877
1942	-0.7571553947900931	0.13612791006379477
1943	-0.7459995036228406	0.1376647058686921
1944	-0.7348436124555846	0.13920842086320062
1945	-0.7236877212883286	0.14075889494891244
1946	-0.7125318301210726	0.14231596461009016
1947	-0.7013759389538166	0.14387946292539802
1948	-0.6902200477865605	0.1454492195810534
1949	-0.6790641566193081	0.14702506088551356
1950	-0.6679082654520521	0.148606809785588
1951	-0.656752374284796	0.1501942858840711
1952	-0.64559648311754	0.15178730545891544
1953	-0.634440591950284	0.15338568148382223
1954	-0.6232847007830316	0.1549892236504562
1955	-0.6121288096157755	0.15659773839209626
1956	-0.6009729184485195	0.1582110289088996
1957	-0.5898170272812635	0.15982889519461604
1958	-0.5786611361140075	0.1614511340648871
1959	-0.567505244946755	0.16307753918710632
1960	-0.556349353779499	0.1647079011117647
1961	-0.545193462612243	0.1663420073054052
1962	-0.534037571444987	0.1679796421850595
1963	-0.522881680277731	0.16962058715429465
1964	-0.511725789110475	0.17126462064074993
1965	-0.5005698979432225	0.17291151813527111
1966	-0.48941400677596647	0.17456105223251978
1967	-0.47825811560871045	0.1762129926731763
1968	-0.46710222444145444	0.17786710638766332
1969	-0.4559463332741984	0.17952315754134998
1970	-0.44479044210694596	0.1811809075813629
1971	-0.43363455093968994	0.18284011528482175
1972	-0.42247865977243393	0.18450053680864545
1973	-0.4113227686051779	0.18616192574081356
1974	-0.4001668774379219	0.1878240331531533
1975	-0.3890109862706659	0.18948660765555103
1976	-0.3778550951034134	0.1911493954516936
1977	-0.3666992039361574	0.192812140396186
1978	-0.3555433127689014	0.19447458405319024
1979	-0.34438742160164537	0.19613646575641422
1980	-0.33323153043438936	0.1977975226705482
1981	-0.3220756392671369	0.19945748985409387
1982	-0.3109197480998809	0.20111610032355273
1983	-0.29976385693262486	0.20277308511899614
1984	-0.28860796576536885	0.20442817337092878
1985	-0.27745207459811283	0.2060810923685382
1986	-0.26629618343086037	0.20773156762916017
1987	-0.25514029226360435	0.20937932296911146
1988	-0.24398440109634834	0.2110240805756807
1989	-0.23282850992909232	0.21266556108046367
1990	-0.2216726187618363	0.21430348363375248
1991	-0.2105167275945803	0.21593756598027897
1992	-0.19936083642732783	0.217567524535964
1993	-0.1882049452600718	0.21919307446589245
1994	-0.1770490540928158	0.2208139297633526
1995	-0.16589316292555978	0.22242980332993043
1996	-0.15473727175830376	0.22404040705668662
1997	-0.1435813805910513	0.2256454519063256
1998	-0.13242548942379528	0.2272446479963439
1999	-0.12126959825653927	0.22883770468312586
2000	-0.11011370708928325	0.23042433064698142
2001	-0.09895781592202724	0.23200423397805853
2002	-0.08780192475477122	0.2335771222630673
2003	-0.07664603358751876	0.2351427026728868
2004	-0.06549014242026274	0.23670068205093323
2005	-0.05433425125300673	0.23825076700221995
2006	-0.04317836008575071	0.23979266398320404
2007	-0.032022468918494695	0.24132607939227158
2008	-0.020866577751242232	0.24285071966084887
2009	-0.009710686583986217	0.24436629134510912
2010	0.001445204583269799	0.24587250121823595
2011	0.012601095750525815	0.2473690563632614
2012	0.02375698691778183	0.24885566426629543
2013	0.03491287808503429	0.25033203291020123
2014	0.04606876925229031	0.2517978708687514
2015	0.057224660419546325	0.2532528874010535
2016	0.06838055158680234	0.2546967925462969
2017	0.07953644275405836	0.2561292972188184
2018	0.09069233392131437	0.25755011330332334
2019	0.10184822508856683	0.2589589537503759
2020	0.11300411625582285	0.2603555326719162
2021	0.12416000742307887	0.261739565437007
2022	0.13531589859033488	0.2631107687675151
2023	0.1464717897575909	0.26446886083384297
2024	0.15762768092484336	0.2658135613506698
2025	0.16878357209209938	0.2671445916724932
2026	0.1799394632593554	0.26846167488919376
2027	0.1910953544266114	0.26976453592127736
2028	0.20225124559386742	0.27105290161502216
2029	0.21340713676112344	0.2723265008372223
2030	0.2245630279283759	0.2735850645698261
2031	0.23571891909563192	0.27482832600395324
2032	0.24687481026288793	0.2760560206337881
2033	0.25803070143014395	0.2772678863497576
2034	0.26918659259739997	0.27846366353144514
2035	0.28034248376465243	0.2796430951397951
2036	0.29149837493190844	0.28080592680885674
2037	0.30265426609916446	0.28195190693678585
2038	0.3138101572664205	0.283080786776237
2039	0.3249660484336765	0.28419232052407506
2040	0.33612193960092895	0.28528626541017554
2041	0.34727783076818497	0.2863623817855645
2042	0.358433721935441	0.2874204332096091
2043	0.369589613102697	0.28846018653637073
2044	0.380745504269953	0.28948141199992755
2045	0.39190139543720903	0.2904838832988205
2046	0.4030572866044615	0.29146737767935177
2047	0.4142131777717175	0.29243167601791836
2048	0.4253690689389735	0.29337656290212144
2049	0.43652496010622954	0.2943018267108082
2050	0.44768085127348556	0.29520725969286676
2051	0.458836742440738	0.29609265804476975
2052	0.46999263360799404	0.29695782198686554
2053	0.48114852477525005	0.29780255583834975
2054	0.49230441594250607	0.2986266680908195
2055	0.5034603071097621	0.29942997148051254
2056	0.5146161982770181	0.30021228305905595
2057	0.5257720894442706	0.30097342426270707
2058	0.5369279806115266	0.30171322098016795
2059	0.5480838717787826	0.30243150361879245
2060	0.5592397629460386	0.3031281071692436
2061	0.5703956541132946	0.3038028712684419
2062	0.5815515452805471	0.3044556402610408
2063	0.5927074364478031	0.30508626325901006
2064	0.6038633276150591	0.30569459419967865
2065	0.6150192187823151	0.30628049190192436
2066	0.6261751099495712	0.3068438201206001
2067	0.6373310011168236	0.30738444759921457
2068	0.6484868922840796	0.30790224812068234
2069	0.6596427834513356	0.3083971005562969
2070	0.6707986746185917	0.30886888891277803
2071	0.6819545657858477	0.3093175023773958
2072	0.6931104569531037	0.30974283536113995
2073	0.7042663481203562	0.3101447875400127
2074	0.7154222392876122	0.31052326389421947
2075	0.7265781304548682	0.31087817474544804
2076	0.7377340216221242	0.3112094357920184
2077	0.7488899127893802	0.31151696814214774
2078	0.7600458039566327	0.3118006983449435
2079	0.7712016951238887	0.31206055841950175
2080	0.7823575862911447	0.3122964858817958
2081	0.7935134774584007	0.31250842376948595
2082	0.8046693686256567	0.31269632066458775
2083	0.8158252597929128	0.31286013071406754
2084	0.8269811509601652	0.31299981364816476
2085	0.8381370421274212	0.3131153347966718
2086	0.8492929332946773	0.31320666510299683
2087	0.8604488244619333	0.3132737811360175
2088	0.8716047156291893	0.3133166650997934
2089	0.8827606067964417	0.3133353048411089
2090	0.8939164979636978	0.3133296938547435
2091	0.9050723891309538	0.31329983128661526
2092	0.9162282802982098	0.31324572193469263
2093	0.9273841714654658	0.31316737624775587
2094	0.9385400626327183	0.31306481032181077
2095	0.9496959537999743	0.31293804589455754
2096	0.9608518449672303	0.3127871103373903
2097	0.9720077361344863	0.3126120366453968
2098	0.9831636273017423	0.3124128634251197
2099	0.994319518469	0.3121896348800949
