Site	AICc_geom	AICc_mete	AICc_lognorm	AICc_zipf	winner
9574.0	5673.6123652	4947.236312949233	4775.408580250099	4817.560433949234	lognorm
9626.0	13.59020282612	15.920193122889474	18.133755179466668	16.621465321229472	geom
9633.0	34.4497707362	35.78199124282353	37.20334439723637	34.962498640023526	geom
9634.0	91.10800186360001	88.64866086726666	85.67330320630847	83.80295791646665	zipf
9636.0	18.83693317552	21.249717033558184	23.170792521168572	22.414826371418183	geom
9639.0	20.65219078	22.952731793264515	24.875674045399997	23.985561582064516	geom
9903.0	220.69311295	213.7439151800885	211.81262527314286	210.6933225100885	zipf
9973.0	634.525547932	575.5410210907044	565.7945374990885	566.8779045507044	lognorm
10029.0	50.040242353800004	52.427611496294745	54.36122487672432	54.95638395429474	geom
10036.0	108.5094771548	105.58248454236949	103.97452839832414	102.4292949745695	zipf
10043.0	8.13592556338	10.377225260429475	12.772366781826666	10.638651617389474	geom
10073.0	28.3949784104	31.05938343454815	32.32141812213846	33.22502334454814	geom
10086.0	223.93810163	218.15954592520325	216.01894367773772	216.09320236920325	lognorm
10087.0	41.1834593932	42.34663721898947	44.57507637526667	42.84158622118947	geom
10161.0	231.95208662	184.86193997385712	181.76688133804447	180.18668373665716	zipf
10168.0	5104.68651906	4384.560164944502	4244.734201751074	4303.147458964501	lognorm
10203.0	64.1093928542	59.12362282702222	57.724391388741175	55.48379211282223	zipf
10212.0	199.014987575	192.01203915763227	194.90674344847542	195.20203868283227	mete
10214.0	38.1359751888	40.08873943173334	42.329460710936175	40.807643301333336	geom
10262.0	120.2847259796	107.96500949881212	103.3309621668	101.27389985581212	zipf
10327.0	118.3706798128	98.92697658402223	96.85804782294117	94.83331511682222	zipf
10343.0	1365.068597638	1099.3965240792832	1079.5551515238603	1084.9017943492831	lognorm
10496.0	1312.732968482	1026.6793716239779	980.7844912805415	982.0640558079781	lognorm
10502.0	1476.560169244	1178.579431626018	1124.445262894534	1128.319721404018	lognorm
10718.0	125.21378167620001	126.34081043229206	129.29727709149677	131.20429324569207	geom
10733.0	6367.27892168	5442.0398053941	5188.730754293988	5239.2801113941	lognorm
10780.0	16.57416836464	18.618448652594285	21.240428784636926	18.624695799654287	geom
10810.0	64.4377992526	63.23672577728276	63.66111439217143	61.63573898728276	zipf
10830.0	1373.877127366	1223.5296525439512	1188.6689066997062	1194.4350278759512	lognorm
10848.0	35.923824805	39.08884620502222	39.883542962341174	42.286380105022225	geom
10865.0	6572.71578512	5309.964380395337	4899.183935390886	4904.139064455336	lognorm
10896.0	1550.372648494	1253.2687690761982	1228.3991406045373	1235.407226692198	lognorm
10979.0	1810.82517768	1610.1870584254991	1542.5783234475603	1545.972636497499	lognorm
10988.0	46.6623283558	47.926854606092306	50.8299636726	49.817738768092305	geom
11011.0	4449.77204726	3491.1507187155553	3252.9388106870097	3257.5924592955553	lognorm
11038.0	5057.70114278	4017.5550899606724	3663.83588815653	3665.074236480673	lognorm
11045.0	7780.6817692	6319.015951222597	5825.782411850955	5831.598928202598	lognorm
11221.0	6962.08028906	5522.012256173678	5022.8334823952855	5025.8328625736785	lognorm
11239.0	5437.59821574	4708.500846135477	4570.345075277073	4636.2163222354775	lognorm
11273.0	25.7819152054	26.948462864914287	28.733887332676925	26.104984566314283	geom
11294.0	1988.725052512	1768.1392967849922	1694.6723413440566	1696.9295116829924	lognorm
11383.0	6794.01080562	5622.340309403497	5377.843676687664	5437.591987483496	lognorm
11384.0	4203.09833626	3626.951795044501	3453.2016244510733	3472.074729044501	lognorm
11393.0	19.06942316602	21.46979918221333	24.19255681692909	22.383078919533332	geom
11466.0	97.01952645760001	97.48405898751321	99.91137706256923	99.48410785911321	geom
11502.0	118.39163530280001	111.49242106728276	112.99678410837143	111.70192151148277	mete
11512.0	2088.89364644	1670.479370877186	1419.0672761710766	1415.7339002571862	zipf
11562.0	7.94060973384	10.209807709867057	12.6569982516	10.483237577867058	geom
11574.0	827.392729994	799.4555836503538	810.470919866822	844.0061144583536	mete
11595.0	85.338482065	77.84021085247619	76.7761013336	74.60184991747619	zipf
11607.0	8.76868476052	10.939306433048149	13.384031171998462	11.164424319708148	geom
11631.0	1463.269077482	1171.86064392	1096.8596546190845	1098.335722276	lognorm
11632.0	40.472345746	42.56684034706452	44.9467384784	44.05398519926452	geom
11634.0	25.1273227204	26.744863620692307	29.3994492586	26.723951209692306	geom
11659.0	139.0956178084	115.45122563326667	110.33585111823479	108.34225703846667	zipf
11669.0	8.55417078712	10.745839677526668	13.072758262174782	10.982819870946665	geom
11745.0	7004.02899856	5556.799123662962	5032.360853218132	5034.436022602962	lognorm
11747.0	6836.98030406	5654.480593103219	5271.5123706271315	5283.376251883218	lognorm
11749.0	7309.8592065	5869.500294691637	5339.017165954949	5345.690775891637	lognorm
11753.0	5685.23685062	4563.063386523636	4177.3046730772885	4180.683174323636	lognorm
11770.0	2751.77066964	2235.865582189009	2135.326005056117	2145.779174889009	lognorm
11801.0	2949.71910538	2547.4543710661537	2438.701214764592	2446.3593807861535	lognorm
11826.0	4794.5675279	4149.354491595631	3969.4581847936415	4004.7832612956304	lognorm
11985.0	1059.348778292	887.6929777464969	865.4897479060002	876.1011878644968	lognorm
12001.0	12.0566451602	14.564081154373332	16.96833918790909	15.378159465533335	geom
12003.0	60.19137206600001	62.07827347584445	65.8248616384	66.29388498724444	geom
12005.0	357.541958554	300.87245991333333	300.7353654489362	300.2021308033333	zipf
12006.0	291.472525076	277.2155135377391	282.66795032066665	290.6181239797391	mete
12011.0	6207.81657018	4949.637416483946	4575.5283233928185	4582.564176803947	lognorm
12012.0	5734.70594026	4713.909413655089	4444.129551555028	4459.428926895089	lognorm
12021.0	6676.81191928	5199.743060403419	4729.919363023918	4732.7334554234185	lognorm
12127.0	5475.07897448	4340.212295931654	4061.7929136333332	4072.114745631654	lognorm
12129.0	6726.87912376	5321.263128991573	4894.4421581301	4907.657299531573	lognorm
12139.0	467.059322978	412.25191795651256	357.06119934660603	355.0197169405126	zipf
12141.0	257.016044392	225.87016273609524	193.85755446498462	192.79065574029528	zipf
12142.0	761.797637614	678.8732305729287	601.6086043867454	599.4391577949287	zipf
12143.0	92.7094732058	90.86950424164138	89.78430132138948	87.73260733944139	zipf
12146.0	42.1359231064	43.24789017165715	45.313624219244446	43.00366550465714	geom
12149.0	71.9378682106	69.36649540020001	71.27718812256843	69.206678972	zipf
12232.0	44.9872126192	46.602606912847065	49.316704606	48.31767000644706	geom
12245.0	54.428695031400004	57.09327617266123	58.26203297439999	60.32815359146123	geom
12440.0	6321.20634306	5203.598896623604	4952.646825659062	4977.293818843604	lognorm
12562.0	70.6814033174	64.20147014367826	59.690571134454544	57.89269453887826	zipf
12569.0	58.6704270946	48.9437025434	46.23442386433334	43.9825080204	zipf
12774.0	1955.3769752360001	1611.3846022093062	1427.5225584833006	1425.668503333306	zipf
12791.0	56.700273771800006	59.61897213476411	60.49559414548422	63.5181287695641	geom
12882.0	859.9976739760001	684.7918063602687	649.2016037919099	648.9381290982686	zipf
12884.0	773.019944096	624.8447641112397	597.586271774	598.2059627972396	lognorm
12903.0	6483.85478734	5046.833688680203	4542.168976751525	4545.497045160202	lognorm
12904.0	8433.39329064	6636.2517701009365	6118.824075498512	6127.649633840936	lognorm
12906.0	7005.04715332	5664.547571180692	5211.5977320043	5227.507586200692	lognorm
12908.0	5563.67679774	4657.374872955992	4454.353743619267	4509.820367355992	lognorm
12909.0	5561.8093725	4377.8125310634205	4100.169024330136	4118.66243712342	lognorm
13012.0	6953.30780508	5960.418451948179	5766.289875386139	5860.935416628179	lognorm
13013.0	1550.302675312	1359.9064007272098	1288.4679423142968	1289.6094800312098	lognorm
13019.0	2877.35405196	2454.3856122609523	2299.445142395589	2303.9780919809523	lognorm
13020.0	6454.37277646	5156.187630584137	4827.3498492530125	4851.062819844136	lognorm
13057.0	231.457263192	234.10965023108434	231.58528452341466	248.58707489108434	geom
13078.0	257.929313654	233.36558384155552	225.91677056850705	224.33738644755556	zipf
13140.0	6484.27138298	5426.068691611869	5200.135854874094	5219.611336831869	lognorm
13158.0	1343.857835818	1065.058514976727	1034.4176107405715	1036.8409962227272	lognorm
13170.0	6695.84651888	5291.942759856963	4796.715731047649	4799.773930836963	lognorm
13173.0	7146.91859058	5572.794663092806	5232.747123783756	5242.166467432807	lognorm
13175.0	5648.62368888	4516.689561195037	4115.63224878411	4119.109353795036	lognorm
13376.0	266.621951582	232.70161393933333	225.95760374693617	229.27941009733337	lognorm
13384.0	343.16597722	333.9429862142424	333.35339655370734	335.1914203342424	lognorm
13399.0	6223.54373302	4979.836089891433	4584.6409501508215	4589.929025731433	lognorm
13400.0	5806.2895897	4710.690213557625	4412.26905235325	4430.544203277625	lognorm
13402.0	6331.46021888	4942.729628674785	4533.895755737391	4544.7885550347855	lognorm
13415.0	16.17771175766	18.343276890724102	20.43114450824421	18.871847647524103	geom
13419.0	66.5083255698	65.80005785682354	66.16984432903637	64.48319488802355	zipf
13425.0	6641.74564298	5329.468602878388	4906.642091164536	4910.802840618388	lognorm
13426.0	8233.28478732	6575.250730315333	6076.325842845992	6094.303410555333	lognorm
13429.0	6274.67621056	5191.552529910454	4843.372308444276	4852.175789930454	lognorm
13430.0	6768.90883546	5281.400528126452	4758.202543490024	4761.921107586452	lognorm
13431.0	6723.50169852	5292.417831901282	4855.458994502279	4860.239258741281	lognorm
13433.0	5571.76851268	4516.146217561252	4169.083121887835	4172.619531001253	lognorm
13458.0	2431.40439532	2082.321896958078	2032.7647683557798	2044.9592633780778	lognorm
13465.0	1631.629179022	1373.013370667213	1328.6997512188696	1340.620602735213	lognorm
13476.0	52.280913332	54.07640571327408	56.38932861513962	55.078668324674084	geom
13526.0	9378.87748826	7598.5755775107	7185.884362043556	7237.019636550701	lognorm
13528.0	5624.42614518	4751.102635603664	4542.36182836341	4566.334704043663	lognorm
13530.0	4284.9639573	3743.1838943513253	3642.932276342177	3668.541882771325	lognorm
13599.0	3223.70320248	2572.454736808514	2437.4982940892155	2454.313826468514	lognorm
13614.0	5962.45632712	4817.178161208491	4487.951620955647	4518.089880848491	lognorm
13671.0	55.7988107136	53.035521754133335	55.07813000910909	52.59288478933334	zipf
13679.0	5583.54544178	4383.344628203329	4074.1882097331127	4089.6977653833296	lognorm
13680.0	6250.87213894	5175.172429627426	4889.074734335135	4907.112583327426	lognorm
13691.0	715.310421714	597.0838228984616	583.1704331643689	590.2296104604616	lognorm
13702.0	1380.163274964	1115.9751005616226	1024.2414950814546	1029.4015515676226	lognorm
13774.0	3763.38596366	3116.271805670051	3025.6986110156995	3048.161965430051	lognorm
13785.0	1150.41974337	948.7651491101826	892.5181015375597	893.1560810021825	lognorm
13827.0	3642.53820956	2993.587175615324	2854.994126281772	2863.402980735324	lognorm
13835.0	27.391807576599998	29.55235664426667	31.94524822483478	30.49724547126667	geom
13951.0	1659.46012669	1299.76417623059	1106.5918048045162	1104.37306386659	zipf
13955.0	40.900667595	41.3407350798	41.32890785139355	39.192230524	zipf
13956.0	70.7467053766	69.98746198486123	69.4382737048	67.25572436006122	zipf
13957.0	29.592669958000002	31.605611001064517	33.956536897599996	32.24481781186452	geom
13959.0	25.020121176999996	27.383396391422224	29.724332629141177	28.647782620422223	geom
13971.0	7134.72319076	5711.033293148179	5315.8009093661385	5333.891653928179	lognorm
14030.0	7357.13758946	5823.302318336622	5331.330818137875	5338.626087596622	lognorm
14101.0	128.397995234	109.12138648040975	91.8522661982	90.91785357080975	zipf
14175.0	5177.6707189	4078.35201726	3839.9586534934665	3854.21495732	lognorm
14181.0	37.10043103	38.30831068246666	40.08124383523478	38.026537787866665	geom
14185.0	3959.20774926	3152.848178369595	2969.63714862883	2977.068671189595	lognorm
14194.0	5585.62997194	4359.985252624932	4054.0933882134677	4062.8164034249326	lognorm
14209.0	193.62381858900002	181.8751557378	179.80025574487618	178.3387352666	zipf
14210.0	991.843734674	875.7823194710531	869.0333837434285	881.9564209910532	lognorm
14211.0	2258.71423216	1783.526531921503	1705.922461842147	1718.5333936215031	lognorm
14212.0	1771.297612184	1442.0715328726892	1406.5870758533924	1422.1502548926892	lognorm
14213.0	1654.4563879339998	1333.500185933649	1296.3193336321233	1302.768021543649	lognorm
14498.0	5924.51883696	4651.166336563603	4194.395592779062	4196.214948503603	lognorm
14500.0	26.402366604	29.242671851066667	30.80099775094286	31.411677200666666	geom
14503.0	57.842832794399996	52.77201682204706	50.219077281800004	48.020151792247056	zipf
14504.0	18.346249563639997	20.796499689279997	22.72037880080842	21.99811474562	geom
14505.0	33.620564449	35.51330636387826	37.894053314054545	36.32858074127826	geom
14641.0	6928.78543826	5653.306724345771	5275.247198541034	5286.289925665771	lognorm
14645.0	7312.11836088	5989.078179466058	5478.434632394369	5506.109414486057	lognorm
14704.0	6847.90484422	5740.809411363315	5481.7504194313615	5517.363443423315	lognorm
14714.0	2933.53834954	2590.8269025590257	2493.476846522755	2513.260052579026	lognorm
14752.0	1269.336194408	1011.3347971043315	967.4552665990323	969.8555027223316	lognorm
