1006 120.0
797 99.0
696 90.0
489 83.0
275 79.0
266 75.0
129 72.0
129 69.0
106 67.0
95 64.0
93 63.0
91 61.0
87 59.0
72 58.0
71 56.0
57 55.0
47 54.0
38 53.0
37 52.0
35 51.0
26 50.0
26 49.0
25 48.0
24 47.0
24 47.0
23 46.0
23 45.0
22 44.0
22 44.0
21 43.0
20 42.0
19 42.0
19 41.0
15 41.0
15 40.0
15 40.0
14 39.0
14 38.0
11 38.0
10 37.0
10 37.0
10 37.0
9 36.0
9 36.0
9 35.0
8 35.0
8 34.0
7 34.0
7 34.0
6 33.0
6 33.0
6 32.0
6 32.0
6 32.0
5 31.0
5 31.0
5 31.0
5 30.0
5 30.0
5 30.0
4 29.0
4 29.0
4 29.0
4 29.0
4 28.0
4 28.0
4 28.0
3 27.0
3 27.0
3 27.0
3 27.0
3 26.0
3 26.0
3 26.0
2 26.0
2 25.0
2 25.0
2 25.0
2 25.0
2 24.0
2 24.0
2 24.0
2 24.0
2 23.0
2 23.0
2 23.0
2 23.0
2 22.0
2 22.0
2 22.0
2 22.0
2 22.0
2 21.0
2 21.0
2 21.0
2 21.0
2 21.0
2 20.0
2 20.0
2 20.0
2 20.0
2 20.0
2 19.0
2 19.0
2 19.0
2 19.0
2 19.0
2 19.0
1 18.0
1 18.0
1 18.0
1 18.0
1 18.0
1 18.0
1 17.0
1 17.0
1 17.0
1 17.0
1 17.0
1 17.0
1 16.0
1 16.0
1 16.0
1 16.0
1 16.0
1 16.0
1 16.0
1 15.0
1 15.0
1 15.0
1 15.0
1 15.0
1 15.0
1 14.0
1 14.0
1 14.0
1 14.0
1 14.0
1 14.0
1 14.0
1 14.0
1 13.0
1 13.0
1 13.0
1 13.0
1 13.0
1 13.0
1 13.0
1 12.0
1 12.0
1 12.0
1 12.0
1 12.0
1 12.0
1 12.0
1 12.0
1 11.0
1 11.0
1 11.0
1 11.0
1 11.0
1 11.0
1 11.0
1 11.0
1 11.0
1 10.0
1 10.0
1 10.0
1 10.0
1 10.0
1 10.0
1 10.0
1 10.0
1 10.0
1 9.0
1 9.0
1 9.0
1 9.0
1 9.0
1 9.0
1 9.0
1 9.0
1 9.0
1 8.0
1 8.0
1 8.0
1 8.0
1 8.0
1 8.0
1 8.0
1 8.0
1 8.0
1 8.0
1 7.0
1 7.0
1 7.0
1 7.0
1 7.0
1 7.0
1 7.0
1 7.0
1 7.0
1 7.0
1 7.0
1 6.0
1 6.0
1 6.0
1 6.0
1 6.0
1 6.0
1 6.0
1 6.0
1 6.0
1 6.0
1 6.0
1 5.0
1 5.0
1 5.0
1 5.0
1 5.0
1 5.0
1 5.0
1 5.0
1 5.0
1 5.0
1 5.0
1 5.0
1 4.0
1 4.0
1 4.0
1 4.0
1 4.0
1 4.0
1 4.0
1 4.0
1 4.0
1 4.0
1 4.0
1 4.0
1 3.0
1 3.0
1 3.0
1 3.0
1 3.0
1 3.0
1 3.0
1 3.0
1 3.0
1 3.0
1 3.0
1 3.0
1 3.0
1 2.0
1 2.0
1 2.0
1 2.0
1 2.0
1 2.0
1 2.0
1 2.0
1 2.0
1 2.0
1 2.0
1 2.0
1 2.0
1 2.0
1 1.0
1 1.0
1 1.0
1 1.0
1 1.0
1 1.0
1 1.0
1 1.0
1 1.0
1 1.0
1 1.0
1 1.0
1 1.0
1 1.0
2658 206.0
1022 172.0
794 156.0
645 145.0
545 137.0
530 131.0
442 126.0
395 122.0
362 118.0
358 114.0
282 111.0
280 108.0
247 106.0
246 103.0
218 101.0
186 99.0
138 97.0
136 95.0
129 93.0
117 92.0
100 90.0
97 89.0
92 87.0
85 86.0
83 85.0
79 83.0
71 82.0
57 81.0
43 80.0
41 79.0
40 78.0
40 77.0
39 76.0
32 75.0
29 74.0
26 73.0
24 72.0
23 71.0
23 71.0
18 70.0
17 69.0
17 68.0
17 68.0
16 67.0
14 66.0
14 65.0
13 65.0
12 64.0
12 63.0
12 63.0
12 62.0
12 62.0
10 61.0
10 60.0
9 60.0
9 59.0
9 59.0
9 58.0
9 58.0
8 57.0
8 57.0
8 56.0
8 55.0
8 55.0
7 55.0
6 54.0
6 54.0
6 53.0
6 53.0
6 52.0
6 52.0
6 51.0
6 51.0
6 50.0
6 50.0
5 50.0
5 49.0
5 49.0
5 48.0
5 48.0
4 48.0
4 47.0
4 47.0
4 46.0
4 46.0
4 46.0
4 45.0
4 45.0
4 45.0
4 44.0
4 44.0
4 44.0
4 43.0
3 43.0
3 43.0
3 42.0
3 42.0
3 42.0
3 41.0
3 41.0
3 41.0
3 40.0
3 40.0
3 40.0
3 39.0
3 39.0
3 39.0
3 39.0
3 38.0
3 38.0
3 38.0
3 37.0
3 37.0
2 37.0
2 37.0
2 36.0
2 36.0
2 36.0
2 36.0
2 35.0
2 35.0
2 35.0
2 35.0
2 34.0
2 34.0
2 34.0
2 34.0
2 33.0
2 33.0
2 33.0
2 33.0
2 32.0
2 32.0
2 32.0
2 32.0
2 31.0
2 31.0
2 31.0
2 31.0
2 30.0
2 30.0
2 30.0
2 30.0
2 30.0
2 29.0
2 29.0
2 29.0
2 29.0
2 29.0
2 28.0
2 28.0
2 28.0
2 28.0
2 27.0
2 27.0
2 27.0
2 27.0
2 27.0
2 26.0
2 26.0
2 26.0
2 26.0
2 26.0
2 26.0
2 25.0
2 25.0
2 25.0
2 25.0
2 25.0
2 24.0
2 24.0
1 24.0
1 24.0
1 24.0
1 23.0
1 23.0
1 23.0
1 23.0
1 23.0
1 23.0
1 22.0
1 22.0
1 22.0
1 22.0
1 22.0
1 22.0
1 21.0
1 21.0
1 21.0
1 21.0
1 21.0
1 21.0
1 20.0
1 20.0
1 20.0
1 20.0
1 20.0
1 20.0
1 19.0
1 19.0
1 19.0
1 19.0
1 19.0
1 19.0
1 19.0
1 18.0
1 18.0
1 18.0
1 18.0
1 18.0
1 18.0
1 18.0
1 17.0
1 17.0
1 17.0
1 17.0
1 17.0
1 17.0
1 16.0
1 16.0
1 16.0
1 16.0
1 16.0
1 16.0
1 16.0
1 16.0
1 15.0
1 15.0
1 15.0
1 15.0
1 15.0
1 15.0
1 15.0
1 14.0
1 14.0
1 14.0
1 14.0
1 14.0
1 14.0
1 14.0
1 14.0
1 13.0
1 13.0
1 13.0
1 13.0
1 13.0
1 13.0
1 13.0
1 12.0
1 12.0
1 12.0
1 12.0
1 12.0
1 12.0
1 12.0
1 12.0
1 11.0
1 11.0
1 11.0
1 11.0
1 11.0
1 11.0
1 11.0
1 11.0
1 11.0
1 10.0
1 10.0
1 10.0
1 10.0
1 10.0
1 10.0
1 10.0
1 10.0
1 9.0
1 9.0
1 9.0
1 9.0
1 9.0
1 9.0
1 9.0
1 9.0
1 9.0
1 8.0
1 8.0
1 8.0
1 8.0
1 8.0
1 8.0
1 8.0
1 8.0
1 8.0
1 8.0
1 7.0
1 7.0
1 7.0
1 7.0
1 7.0
1 7.0
1 7.0
1 7.0
1 7.0
1 6.0
1 6.0
1 6.0
1 6.0
1 6.0
1 6.0
1 6.0
1 6.0
1 6.0
1 6.0
1 5.0
1 5.0
1 5.0
1 5.0
1 5.0
1 5.0
1 5.0
1 5.0
1 5.0
1 5.0
1 4.0
1 4.0
1 4.0
1 4.0
1 4.0
1 4.0
1 4.0
1 4.0
1 4.0
1 4.0
1 4.0
1 3.0
1 3.0
1 3.0
1 3.0
1 3.0
1 3.0
1 3.0
1 3.0
1 3.0
1 3.0
1 2.0
1 2.0
1 2.0
1 2.0
1 2.0
1 2.0
1 2.0
1 2.0
1 2.0
1 2.0
1 2.0
1 1.0
1 1.0
1 1.0
1 1.0
1 1.0
1 1.0
1 1.0
1 1.0
1 1.0
1 1.0
1 1.0
1 1.0
1437 448.0
1260 361.0
865 321.0
854 294.0
804 274.0
742 258.0
687 245.0
511 234.0
386 224.0
326 215.0
294 207.0
259 200.0
222 193.0
192 187.0
155 182.0
150 176.0
145 171.0
127 167.0
115 162.0
107 158.0
99 154.0
93 150.0
85 147.0
80 143.0
77 140.0
70 137.0
64 134.0
58 131.0
55 128.0
54 125.0
51 123.0
47 120.0
45 118.0
42 115.0
41 113.0
40 111.0
34 109.0
32 106.0
31 104.0
30 102.0
29 100.0
25 98.0
24 96.0
24 95.0
21 93.0
19 91.0
19 89.0
18 88.0
18 86.0
18 84.0
17 83.0
16 81.0
16 80.0
15 78.0
15 77.0
14 75.0
14 74.0
13 73.0
13 71.0
11 70.0
11 69.0
10 67.0
10 66.0
10 65.0
10 63.0
8 62.0
8 61.0
7 60.0
6 59.0
6 58.0
6 56.0
6 55.0
6 54.0
5 53.0
5 52.0
5 51.0
5 50.0
5 49.0
5 48.0
5 47.0
4 46.0
4 45.0
4 44.0
4 43.0
4 42.0
4 41.0
4 40.0
4 39.0
4 38.0
4 38.0
3 37.0
3 36.0
3 35.0
3 34.0
3 33.0
2 32.0
2 32.0
2 31.0
2 30.0
2 29.0
2 28.0
2 28.0
2 27.0
2 26.0
2 25.0
2 25.0
2 24.0
2 23.0
2 22.0
2 22.0
2 21.0
2 20.0
1 19.0
1 19.0
1 18.0
1 17.0
1 17.0
1 16.0
1 15.0
1 15.0
1 14.0
1 13.0
1 13.0
1 12.0
1 11.0
1 11.0
1 10.0
1 10.0
1 9.0
1 8.0
1 8.0
1 7.0
1 7.0
1 6.0
1 5.0
1 5.0
1 4.0
1 4.0
1 3.0
1 2.0
1 2.0
1 1.0
1 1.0
1176 337.0
975 271.0
924 241.0
789 221.0
461 206.0
400 194.0
337 184.0
326 175.0
323 167.0
314 161.0
252 155.0
215 149.0
206 144.0
161 140.0
141 135.0
132 131.0
127 128.0
97 124.0
94 121.0
87 118.0
83 115.0
79 112.0
73 109.0
52 107.0
50 104.0
46 102.0
45 99.0
45 97.0
42 95.0
39 93.0
34 91.0
20 89.0
16 87.0
13 85.0
6 84.0
6 82.0
5 80.0
5 79.0
4 77.0
4 75.0
4 74.0
4 72.0
3 71.0
3 70.0
3 68.0
3 67.0
3 66.0
2 64.0
2 63.0
2 62.0
2 61.0
2 60.0
2 58.0
2 57.0
2 56.0
2 55.0
2 54.0
2 53.0
2 52.0
2 51.0
2 50.0
2 49.0
2 48.0
2 47.0
2 46.0
2 45.0
1 44.0
1 43.0
1 42.0
1 42.0
1 41.0
1 40.0
1 39.0
1 38.0
1 37.0
1 37.0
1 36.0
1 35.0
1 34.0
1 34.0
1 33.0
1 32.0
1 31.0
1 31.0
1 30.0
1 29.0
1 28.0
1 28.0
1 27.0
1 26.0
1 26.0
1 25.0
1 24.0
1 24.0
1 23.0
1 23.0
1 22.0
1 21.0
1 21.0
1 20.0
1 19.0
1 19.0
1 18.0
1 18.0
1 17.0
1 17.0
1 16.0
1 15.0
1 15.0
1 14.0
1 14.0
1 13.0
1 13.0
1 12.0
1 12.0
1 11.0
1 11.0
1 10.0
1 10.0
1 9.0
1 9.0
1 8.0
1 8.0
1 7.0
1 7.0
1 6.0
1 6.0
1 5.0
1 5.0
1 4.0
1 4.0
1 3.0
1 3.0
1 2.0
1 2.0
1 2.0
1 1.0
1 1.0
5450 427.0
468 339.0
405 299.0
268 272.0
221 252.0
152 236.0
138 223.0
133 212.0
132 202.0
121 193.0
90 185.0
88 178.0
88 171.0
83 165.0
53 159.0
49 154.0
42 149.0
39 144.0
37 140.0
32 136.0
28 132.0
26 128.0
20 124.0
19 121.0
18 118.0
18 114.0
17 111.0
16 108.0
15 106.0
13 103.0
12 100.0
12 98.0
11 95.0
10 93.0
10 90.0
9 88.0
9 86.0
8 84.0
8 82.0
8 80.0
7 78.0
7 76.0
7 74.0
7 72.0
7 70.0
6 68.0
6 67.0
6 65.0
6 63.0
5 62.0
5 60.0
5 59.0
5 57.0
5 56.0
4 54.0
4 53.0
4 51.0
4 50.0
4 48.0
4 47.0
3 46.0
3 44.0
3 43.0
3 42.0
2 41.0
2 39.0
2 38.0
2 37.0
2 36.0
2 35.0
2 34.0
2 33.0
2 31.0
2 30.0
2 29.0
1 28.0
1 27.0
1 26.0
1 25.0
1 24.0
1 23.0
1 22.0
1 21.0
1 20.0
1 19.0
1 18.0
1 17.0
1 16.0
1 16.0
1 15.0
1 14.0
1 13.0
1 12.0
1 11.0
1 10.0
1 10.0
1 9.0
1 8.0
1 7.0
1 6.0
1 5.0
1 5.0
1 4.0
1 3.0
1 2.0
1 2.0
1 1.0
3362 354.0
744 284.0
457 251.0
325 230.0
299 214.0
283 201.0
269 191.0
259 181.0
246 174.0
245 166.0
240 160.0
180 154.0
166 149.0
90 144.0
81 140.0
79 135.0
65 131.0
44 128.0
43 124.0
42 121.0
41 118.0
40 114.0
36 112.0
35 109.0
34 106.0
25 104.0
24 101.0
23 99.0
22 97.0
21 94.0
21 92.0
21 90.0
19 88.0
18 86.0
16 84.0
16 83.0
16 81.0
15 79.0
15 77.0
13 76.0
12 74.0
12 73.0
11 71.0
10 70.0
10 68.0
9 67.0
8 65.0
8 64.0
7 63.0
7 61.0
6 60.0
6 59.0
6 58.0
5 56.0
5 55.0
5 54.0
5 53.0
5 52.0
4 51.0
4 50.0
4 49.0
4 48.0
4 47.0
4 46.0
4 45.0
4 44.0
4 43.0
4 42.0
4 41.0
3 40.0
3 39.0
3 38.0
3 37.0
3 36.0
3 35.0
3 35.0
3 34.0
3 33.0
3 32.0
3 31.0
3 30.0
2 30.0
2 29.0
2 28.0
2 27.0
2 27.0
2 26.0
2 25.0
2 24.0
2 24.0
2 23.0
2 22.0
2 22.0
2 21.0
2 20.0
2 20.0
2 19.0
1 18.0
1 18.0
1 17.0
1 16.0
1 16.0
1 15.0
1 15.0
1 14.0
1 13.0
1 13.0
1 12.0
1 12.0
1 11.0
1 10.0
1 10.0
1 9.0
1 9.0
1 8.0
1 8.0
1 7.0
1 6.0
1 6.0
1 5.0
1 5.0
1 4.0
1 4.0
1 3.0
1 3.0
1 2.0
1 2.0
1 1.0
1 1.0
2226 509.0
1382 395.0
1037 342.0
726 307.0
398 281.0
341 261.0
316 243.0
166 228.0
55 216.0
53 204.0
51 194.0
41 184.0
27 176.0
24 168.0
21 160.0
21 153.0
18 147.0
14 141.0
14 135.0
14 130.0
11 124.0
8 120.0
8 115.0
8 110.0
6 106.0
5 102.0
5 98.0
4 94.0
4 90.0
4 87.0
4 83.0
4 80.0
4 77.0
3 74.0
3 71.0
3 68.0
2 65.0
2 62.0
2 59.0
2 57.0
2 54.0
1 52.0
1 49.0
1 47.0
1 44.0
1 42.0
1 40.0
1 38.0
1 35.0
1 33.0
1 31.0
1 29.0
1 27.0
1 25.0
1 23.0
1 22.0
1 20.0
1 18.0
1 16.0
1 14.0
1 13.0
1 11.0
1 9.0
1 8.0
1 6.0
1 4.0
1 3.0
1 1.0
3902 457.0
1565 366.0
1012 324.0
587 296.0
459 275.0
361 259.0
348 245.0
288 233.0
232 223.0
213 213.0
159 205.0
112 197.0
102 191.0
86 184.0
55 178.0
49 173.0
45 168.0
40 163.0
36 158.0
33 154.0
30 150.0
29 146.0
28 142.0
28 138.0
27 135.0
27 132.0
26 128.0
25 125.0
23 122.0
23 119.0
20 117.0
18 114.0
16 111.0
16 109.0
14 106.0
13 104.0
13 102.0
13 100.0
13 97.0
12 95.0
12 93.0
11 91.0
9 89.0
8 87.0
8 85.0
7 84.0
7 82.0
7 80.0
6 78.0
6 77.0
5 75.0
5 73.0
5 72.0
5 70.0
5 69.0
4 67.0
4 66.0
4 64.0
4 63.0
4 61.0
4 60.0
3 59.0
3 57.0
3 56.0
3 55.0
3 53.0
3 52.0
3 51.0
3 50.0
3 48.0
3 47.0
3 46.0
3 45.0
3 44.0
3 43.0
2 42.0
2 41.0
2 39.0
2 38.0
2 37.0
2 36.0
2 35.0
2 34.0
2 33.0
2 32.0
2 31.0
2 30.0
2 29.0
2 28.0
1 28.0
1 27.0
1 26.0
1 25.0
1 24.0
1 23.0
1 22.0
1 21.0
1 20.0
1 20.0
1 19.0
1 18.0
1 17.0
1 16.0
1 15.0
1 15.0
1 14.0
1 13.0
1 12.0
1 12.0
1 11.0
1 10.0
1 9.0
1 9.0
1 8.0
1 7.0
1 6.0
1 6.0
1 5.0
1 4.0
1 4.0
1 3.0
1 2.0
1 2.0
1 1.0
1284 281.0
626 224.0
615 197.0
363 180.0
244 167.0
238 156.0
225 147.0
194 140.0
173 133.0
167 128.0
158 123.0
116 118.0
109 113.0
100 109.0
92 106.0
78 102.0
71 99.0
65 96.0
62 93.0
58 90.0
57 88.0
52 85.0
47 83.0
46 81.0
42 78.0
39 76.0
26 74.0
22 72.0
19 71.0
19 69.0
18 67.0
16 65.0
15 64.0
14 62.0
13 61.0
12 59.0
12 58.0
11 56.0
10 55.0
10 54.0
10 52.0
9 51.0
9 50.0
9 49.0
9 48.0
8 46.0
7 45.0
7 44.0
7 43.0
7 42.0
6 41.0
6 40.0
6 39.0
6 38.0
6 37.0
6 36.0
5 35.0
5 34.0
5 33.0
5 32.0
4 32.0
4 31.0
4 30.0
4 29.0
4 28.0
4 27.0
4 27.0
3 26.0
3 25.0
3 24.0
3 24.0
3 23.0
3 22.0
2 21.0
2 21.0
2 20.0
2 19.0
2 19.0
2 18.0
2 17.0
2 17.0
2 16.0
1 15.0
1 15.0
1 14.0
1 14.0
1 13.0
1 12.0
1 12.0
1 11.0
1 11.0
1 10.0
1 9.0
1 9.0
1 8.0
1 8.0
1 7.0
1 7.0
1 6.0
1 6.0
1 5.0
1 5.0
1 4.0
1 4.0
1 3.0
1 3.0
1 2.0
1 2.0
1 1.0
1 1.0
1548 295.0
774 241.0
759 215.0
478 199.0
414 186.0
378 176.0
372 168.0
357 161.0
353 155.0
346 149.0
269 144.0
219 140.0
193 135.0
192 132.0
171 128.0
170 125.0
153 122.0
150 119.0
149 116.0
130 113.0
117 111.0
98 109.0
93 106.0
93 104.0
92 102.0
87 100.0
81 98.0
75 96.0
72 95.0
71 93.0
67 91.0
58 90.0
52 88.0
45 86.0
41 85.0
39 84.0
38 82.0
36 81.0
32 80.0
31 78.0
31 77.0
29 76.0
29 75.0
26 74.0
25 72.0
24 71.0
23 70.0
20 69.0
19 68.0
17 67.0
16 66.0
15 65.0
14 64.0
13 63.0
13 62.0
11 61.0
11 61.0
10 60.0
9 59.0
9 58.0
9 57.0
6 56.0
6 55.0
6 55.0
6 54.0
5 53.0
5 52.0
5 52.0
5 51.0
5 50.0
5 50.0
5 49.0
4 48.0
4 47.0
4 47.0
4 46.0
3 45.0
3 45.0
3 44.0
3 44.0
3 43.0
3 42.0
3 42.0
3 41.0
2 41.0
2 40.0
2 39.0
2 39.0
2 38.0
2 38.0
2 37.0
2 37.0
2 36.0
2 35.0
2 35.0
2 34.0
2 34.0
2 33.0
2 33.0
2 32.0
2 32.0
2 31.0
1 31.0
1 30.0
1 30.0
1 29.0
1 29.0
1 29.0
1 28.0
1 28.0
1 27.0
1 27.0
1 26.0
1 26.0
1 25.0
1 25.0
1 25.0
1 24.0
1 24.0
1 23.0
1 23.0
1 22.0
1 22.0
1 22.0
1 21.0
1 21.0
1 20.0
1 20.0
1 20.0
1 19.0
1 19.0
1 19.0
1 18.0
1 18.0
1 17.0
1 17.0
1 17.0
1 16.0
1 16.0
1 16.0
1 15.0
1 15.0
1 15.0
1 14.0
1 14.0
1 13.0
1 13.0
1 13.0
1 12.0
1 12.0
1 12.0
1 11.0
1 11.0
1 11.0
1 11.0
1 10.0
1 10.0
1 10.0
1 9.0
1 9.0
1 9.0
1 8.0
1 8.0
1 8.0
1 7.0
1 7.0
1 7.0
1 7.0
1 6.0
1 6.0
1 6.0
1 5.0
1 5.0
1 5.0
1 4.0
1 4.0
1 4.0
1 4.0
1 3.0
1 3.0
1 3.0
1 3.0
1 2.0
1 2.0
1 2.0
1 1.0
1 1.0
1 1.0
1 1.0
1952 284.0
750 232.0
577 207.0
468 191.0
459 179.0
273 169.0
229 161.0
217 154.0
199 148.0
198 143.0
195 138.0
180 134.0
172 130.0
169 126.0
159 123.0
153 119.0
146 116.0
140 114.0
137 111.0
123 108.0
112 106.0
109 104.0
96 102.0
79 100.0
76 98.0
76 96.0
75 94.0
72 92.0
64 90.0
62 89.0
61 87.0
60 85.0
55 84.0
50 83.0
44 81.0
43 80.0
42 78.0
38 77.0
36 76.0
35 75.0
35 73.0
35 72.0
33 71.0
32 70.0
27 69.0
27 68.0
26 67.0
25 66.0
25 65.0
25 64.0
24 63.0
21 62.0
18 61.0
18 60.0
17 59.0
16 58.0
16 57.0
15 57.0
15 56.0
15 55.0
14 54.0
13 53.0
13 53.0
12 52.0
12 51.0
12 50.0
11 50.0
10 49.0
9 48.0
7 47.0
7 47.0
6 46.0
6 45.0
6 45.0
6 44.0
6 44.0
6 43.0
5 42.0
5 42.0
4 41.0
4 40.0
4 40.0
4 39.0
4 39.0
4 38.0
4 38.0
3 37.0
3 36.0
3 36.0
3 35.0
3 35.0
3 34.0
3 34.0
3 33.0
3 33.0
2 32.0
2 32.0
2 31.0
2 31.0
2 30.0
2 30.0
2 29.0
2 29.0
2 28.0
2 28.0
2 27.0
2 27.0
2 27.0
2 26.0
1 26.0
1 25.0
1 25.0
1 24.0
1 24.0
1 24.0
1 23.0
1 23.0
1 22.0
1 22.0
1 21.0
1 21.0
1 21.0
1 20.0
1 20.0
1 20.0
1 19.0
1 19.0
1 18.0
1 18.0
1 18.0
1 17.0
1 17.0
1 17.0
1 16.0
1 16.0
1 15.0
1 15.0
1 15.0
1 14.0
1 14.0
1 14.0
1 13.0
1 13.0
1 13.0
1 12.0
1 12.0
1 12.0
1 11.0
1 11.0
1 11.0
1 10.0
1 10.0
1 10.0
1 9.0
1 9.0
1 9.0
1 9.0
1 8.0
1 8.0
1 8.0
1 7.0
1 7.0
1 7.0
1 6.0
1 6.0
1 6.0
1 6.0
1 5.0
1 5.0
1 5.0
1 4.0
1 4.0
1 4.0
1 4.0
1 3.0
1 3.0
1 3.0
1 2.0
1 2.0
1 2.0
1 2.0
1 1.0
1 1.0
1 1.0
1 1.0
3303 212.0
37 167.0
24 146.0
22 133.0
19 123.0
18 114.0
18 108.0
17 102.0
17 97.0
13 92.0
12 88.0
12 85.0
11 81.0
11 78.0
10 75.0
10 73.0
9 70.0
9 68.0
8 65.0
8 63.0
8 61.0
7 59.0
7 57.0
6 56.0
6 54.0
6 52.0
5 51.0
5 49.0
5 48.0
5 47.0
5 45.0
4 44.0
4 43.0
4 41.0
4 40.0
4 39.0
4 38.0
3 37.0
3 36.0
3 35.0
3 34.0
3 33.0
3 32.0
3 31.0
3 30.0
3 29.0
3 28.0
2 27.0
2 26.0
2 26.0
2 25.0
2 24.0
2 23.0
2 22.0
2 22.0
2 21.0
2 20.0
2 20.0
2 19.0
2 18.0
2 17.0
2 17.0
2 16.0
2 16.0
1 15.0
1 14.0
1 14.0
1 13.0
1 12.0
1 12.0
1 11.0
1 11.0
1 10.0
1 10.0
1 9.0
1 8.0
1 8.0
1 7.0
1 7.0
1 6.0
1 6.0
1 5.0
1 5.0
1 4.0
1 4.0
1 3.0
1 3.0
1 3.0
1 2.0
1 2.0
1 1.0
1 1.0
5581 397.0
31 309.0
25 269.0
22 242.0
19 222.0
16 207.0
13 193.0
11 182.0
11 172.0
9 163.0
8 155.0
8 148.0
7 141.0
7 135.0
7 130.0
6 124.0
6 119.0
5 115.0
5 110.0
5 106.0
4 102.0
4 98.0
4 95.0
4 91.0
3 88.0
3 85.0
3 82.0
3 79.0
3 76.0
3 73.0
3 71.0
3 68.0
3 66.0
3 63.0
2 61.0
2 59.0
2 57.0
2 54.0
2 52.0
2 50.0
2 48.0
2 46.0
2 44.0
2 43.0
2 41.0
2 39.0
2 37.0
2 36.0
1 34.0
1 32.0
1 31.0
1 29.0
1 28.0
1 26.0
1 25.0
1 23.0
1 22.0
1 20.0
1 19.0
1 18.0
1 16.0
1 15.0
1 14.0
1 13.0
1 11.0
1 10.0
1 9.0
1 8.0
1 7.0
1 5.0
1 4.0
1 3.0
1 2.0
1 1.0
29 15.0
16 12.0
14 10.0
13 9.0
10 9.0
10 8.0
9 8.0
9 7.0
7 7.0
7 7.0
7 6.0
6 6.0
5 6.0
5 5.0
5 5.0
5 5.0
4 5.0
4 5.0
4 5.0
4 4.0
4 4.0
3 4.0
3 4.0
3 4.0
3 4.0
3 4.0
3 4.0
3 3.0
3 3.0
2 3.0
2 3.0
2 3.0
2 3.0
2 3.0
2 3.0
2 3.0
2 3.0
2 3.0
2 2.0
2 2.0
2 2.0
1 2.0
1 2.0
1 2.0
1 2.0
1 2.0
1 2.0
1 2.0
1 2.0
1 2.0
1 2.0
1 2.0
1 2.0
1 2.0
1 1.0
1 1.0
1 1.0
1 1.0
1 1.0
1 1.0
1 1.0
1 1.0
1 1.0
1 1.0
1 1.0
1 1.0
1 1.0
1 1.0
1 1.0
1 1.0
1 1.0
1 1.0
1 1.0
1 1.0
1 1.0
1 1.0
202 39.0
39 31.0
27 26.0
24 24.0
18 22.0
16 20.0
16 19.0
14 18.0
13 17.0
11 16.0
11 15.0
10 14.0
8 14.0
8 13.0
7 12.0
6 12.0
6 11.0
6 11.0
5 10.0
5 10.0
5 10.0
4 9.0
4 9.0
4 8.0
4 8.0
3 8.0
3 7.0
3 7.0
3 7.0
3 7.0
3 6.0
2 6.0
2 6.0
2 6.0
2 5.0
2 5.0
2 5.0
2 5.0
2 4.0
2 4.0
2 4.0
2 4.0
2 4.0
2 3.0
2 3.0
2 3.0
2 3.0
1 3.0
1 3.0
1 2.0
1 2.0
1 2.0
1 2.0
1 2.0
1 2.0
1 2.0
1 1.0
1 1.0
1 1.0
1 1.0
1 1.0
1 1.0
1 1.0