1006 296
797 221
696 187
489 166
275 151
266 139
129 129
129 120
106 113
95 107
93 102
91 97
87 92
72 88
71 84
57 81
47 78
38 75
37 72
35 70
26 67
26 65
25 63
24 61
24 59
23 57
23 55
22 54
22 52
21 51
20 49
19 48
19 47
15 45
15 44
15 43
14 42
14 41
11 40
10 39
10 38
10 37
9 36
9 35
9 34
8 34
8 33
7 32
7 31
6 31
6 30
6 29
6 29
6 28
5 27
5 27
5 26
5 26
5 25
5 25
4 24
4 24
4 23
4 23
4 22
4 22
4 21
3 21
3 20
3 20
3 20
3 19
3 19
3 19
2 18
2 18
2 17
2 17
2 17
2 16
2 16
2 16
2 16
2 15
2 15
2 15
2 14
2 14
2 14
2 14
2 13
2 13
2 13
2 13
2 12
2 12
2 12
2 12
2 12
2 11
2 11
2 11
2 11
2 11
2 10
2 10
2 10
2 10
1 10
1 9
1 9
1 9
1 9
1 9
1 9
1 9
1 8
1 8
1 8
1 8
1 8
1 8
1 8
1 7
1 7
1 7
1 7
1 7
1 7
1 7
1 7
1 6
1 6
1 6
1 6
1 6
1 6
1 6
1 6
1 6
1 6
1 5
1 5
1 5
1 5
1 5
1 5
1 5
1 5
1 5
1 5
1 5
1 4
1 4
1 4
1 4
1 4
1 4
1 4
1 4
1 4
1 4
1 4
1 4
1 4
1 4
1 4
1 3
1 3
1 3
1 3
1 3
1 3
1 3
1 3
1 3
1 3
1 3
1 3
1 3
1 3
1 3
1 3
1 3
1 3
1 3
1 3
1 3
1 2
1 2
1 2
1 2
1 2
1 2
1 2
1 2
1 2
1 2
1 2
1 2
1 2
1 2
1 2
1 2
1 2
1 2
1 2
1 2
1 2
1 2
1 2
1 2
1 2
1 2
1 2
1 2
1 2
1 2
1 1
1 1
1 1
1 1
1 1
1 1
1 1
1 1
1 1
1 1
1 1
1 1
1 1
1 1
1 1
1 1
1 1
1 1
1 1
1 1
1 1
1 1
1 1
1 1
1 1
1 1
1 1
1 1
1 1
1 1
1 1
1 1
1 1
1 1
1 1
1 1
1 1
1 1
1 1
1 1
1 1
1 1
1 1
1 1
1 1
1 1
1 1
1 1
1 1
1 1
1 1
1 1
1 1
1 1
1 1
1 1
1 1
1 1
1 1
1 1
1 1
1 1
2658 566
1022 426
794 363
645 324
545 295
530 272
442 253
395 238
362 224
358 212
282 202
280 193
247 184
246 177
218 170
186 163
138 157
136 152
129 146
117 141
100 137
97 133
92 128
85 125
83 121
79 117
71 114
57 111
43 108
41 105
40 102
40 100
39 97
32 95
29 92
26 90
24 88
23 86
23 84
18 82
17 80
17 78
17 77
16 75
14 73
14 72
13 70
12 69
12 67
12 66
12 64
12 63
10 62
10 61
9 59
9 58
9 57
9 56
9 55
8 54
8 53
8 52
8 51
8 50
7 49
6 48
6 47
6 46
6 45
6 45
6 44
6 43
6 42
6 41
6 41
5 40
5 39
5 39
5 38
5 37
4 37
4 36
4 35
4 35
4 34
4 34
4 33
4 32
4 32
4 31
4 31
4 30
4 30
3 29
3 29
3 28
3 28
3 27
3 27
3 27
3 26
3 26
3 25
3 25
3 24
3 24
3 24
3 23
3 23
3 23
3 22
3 22
3 22
2 21
2 21
2 21
2 20
2 20
2 20
2 19
2 19
2 19
2 18
2 18
2 18
2 18
2 17
2 17
2 17
2 16
2 16
2 16
2 16
2 15
2 15
2 15
2 15
2 15
2 14
2 14
2 14
2 14
2 14
2 13
2 13
2 13
2 13
2 13
2 12
2 12
2 12
2 12
2 12
2 11
2 11
2 11
2 11
2 11
2 11
2 10
2 10
2 10
2 10
2 10
2 10
2 10
2 9
2 9
2 9
2 9
2 9
1 9
1 9
1 9
1 8
1 8
1 8
1 8
1 8
1 8
1 8
1 8
1 7
1 7
1 7
1 7
1 7
1 7
1 7
1 7
1 7
1 7
1 6
1 6
1 6
1 6
1 6
1 6
1 6
1 6
1 6
1 6
1 6
1 5
1 5
1 5
1 5
1 5
1 5
1 5
1 5
1 5
1 5
1 5
1 5
1 5
1 5
1 4
1 4
1 4
1 4
1 4
1 4
1 4
1 4
1 4
1 4
1 4
1 4
1 4
1 4
1 4
1 4
1 4
1 4
1 3
1 3
1 3
1 3
1 3
1 3
1 3
1 3
1 3
1 3
1 3
1 3
1 3
1 3
1 3
1 3
1 3
1 3
1 3
1 3
1 3
1 3
1 3
1 2
1 2
1 2
1 2
1 2
1 2
1 2
1 2
1 2
1 2
1 2
1 2
1 2
1 2
1 2
1 2
1 2
1 2
1 2
1 2
1 2
1 2
1 2
1 2
1 2
1 2
1 2
1 2
1 2
1 2
1 2
1 2
1 2
1 2
1 2
1 2
1 1
1 1
1 1
1 1
1 1
1 1
1 1
1 1
1 1
1 1
1 1
1 1
1 1
1 1
1 1
1 1
1 1
1 1
1 1
1 1
1 1
1 1
1 1
1 1
1 1
1 1
1 1
1 1
1 1
1 1
1 1
1 1
1 1
1 1
1 1
1 1
1 1
1 1
1 1
1 1
1 1
1 1
1 1
1 1
1 1
1 1
1 1
1 1
1 1
1 1
1 1
1 1
1 1
1 1
1 1
1 1
1 1
1 1
1 1
1 1
1 1
1 1
1 1
1 1
1 1
1 1
1 1
1 1
1 1
1 1
1 1
1437 1288
1260 888
865 715
854 607
804 529
742 470
687 422
511 383
386 350
326 321
294 296
259 274
222 254
192 237
155 221
150 207
145 194
127 182
115 171
107 161
99 152
93 143
85 135
80 128
77 121
70 114
64 108
58 103
55 97
54 92
51 88
47 83
45 79
42 75
41 71
40 68
34 65
32 62
31 59
30 56
29 53
25 51
24 48
24 46
21 44
19 42
19 40
18 38
18 36
18 35
17 33
16 32
16 30
15 29
15 28
14 26
14 25
13 24
13 23
11 22
11 21
10 20
10 19
10 18
10 18
8 17
8 16
7 15
6 15
6 14
6 13
6 13
6 12
5 12
5 11
5 11
5 10
5 10
5 9
5 9
4 9
4 8
4 8
4 8
4 7
4 7
4 7
4 6
4 6
4 6
3 6
3 5
3 5
3 5
3 5
2 4
2 4
2 4
2 4
2 4
2 4
2 3
2 3
2 3
2 3
2 3
2 3
2 3
2 3
2 2
2 2
2 2
1 2
1 2
1 2
1 2
1 2
1 2
1 2
1 2
1 1
1 1
1 1
1 1
1 1
1 1
1 1
1 1
1 1
1 1
1 1
1 1
1 1
1 1
1 1
1 1
1 1
1 1
1 1
1 1
1 1
1 1
1 1
1176 931
975 643
924 518
789 440
461 385
400 342
337 307
326 279
323 255
314 234
252 216
215 200
206 186
161 173
141 162
132 152
127 142
97 134
94 126
87 118
83 112
79 105
73 99
52 94
50 89
46 84
45 80
45 76
42 72
39 68
34 65
20 62
16 59
13 56
6 53
6 51
5 48
5 46
4 44
4 42
4 40
4 38
3 36
3 34
3 33
3 31
3 30
2 29
2 27
2 26
2 25
2 24
2 23
2 22
2 21
2 20
2 19
2 18
2 17
2 17
2 16
2 15
2 15
2 14
2 13
2 13
1 12
1 12
1 11
1 11
1 10
1 10
1 9
1 9
1 9
1 8
1 8
1 8
1 7
1 7
1 7
1 6
1 6
1 6
1 6
1 5
1 5
1 5
1 5
1 4
1 4
1 4
1 4
1 4
1 4
1 3
1 3
1 3
1 3
1 3
1 3
1 3
1 3
1 2
1 2
1 2
1 2
1 2
1 2
1 2
1 2
1 2
1 2
1 2
1 2
1 1
1 1
1 1
1 1
1 1
1 1
1 1
1 1
1 1
1 1
1 1
1 1
1 1
1 1
1 1
1 1
1 1
1 1
1 1
1 1
1 1
1 1
1 1
5450 1184
468 792
405 624
268 520
221 446
152 390
138 345
133 309
132 278
121 252
90 229
88 209
88 192
83 177
53 163
49 150
42 139
39 129
37 120
32 111
28 103
26 96
20 90
19 84
18 78
18 73
17 68
16 64
15 60
13 56
12 53
12 49
11 46
10 43
10 41
9 38
9 36
8 34
8 32
8 30
7 28
7 26
7 25
7 23
7 22
6 21
6 20
6 18
6 17
5 16
5 15
5 14
5 14
5 13
4 12
4 11
4 11
4 10
4 10
4 9
3 8
3 8
3 8
3 7
2 7
2 6
2 6
2 6
2 5
2 5
2 5
2 4
2 4
2 4
2 4
1 4
1 3
1 3
1 3
1 3
1 3
1 2
1 2
1 2
1 2
1 2
1 2
1 2
1 2
1 2
1 1
1 1
1 1
1 1
1 1
1 1
1 1
1 1
1 1
1 1
1 1
1 1
1 1
1 1
1 1
1 1
1 1
3362 977
744 669
457 537
325 454
299 395
283 349
269 313
259 283
246 258
245 236
240 217
180 201
166 186
90 173
81 161
79 150
65 140
44 131
43 123
42 116
41 109
40 102
36 96
35 91
34 86
25 81
24 76
23 72
22 68
21 65
21 61
21 58
19 55
18 52
16 50
16 47
16 45
15 42
15 40
13 38
12 36
12 35
11 33
10 31
10 30
9 28
8 27
8 26
7 24
7 23
6 22
6 21
6 20
5 19
5 18
5 17
5 17
5 16
4 15
4 14
4 14
4 13
4 12
4 12
4 11
4 11
4 10
4 10
4 9
3 9
3 8
3 8
3 8
3 7
3 7
3 7
3 6
3 6
3 6
3 6
3 5
2 5
2 5
2 5
2 4
2 4
2 4
2 4
2 4
2 3
2 3
2 3
2 3
2 3
2 3
2 3
2 3
1 2
1 2
1 2
1 2
1 2
1 2
1 2
1 2
1 2
1 2
1 1
1 1
1 1
1 1
1 1
1 1
1 1
1 1
1 1
1 1
1 1
1 1
1 1
1 1
1 1
1 1
1 1
1 1
1 1
1 1
1 1
1 1
2226 1366
1382 855
1037 643
726 514
398 424
341 358
316 306
166 265
55 230
53 202
51 178
41 157
27 140
24 124
21 111
21 99
18 89
14 80
14 72
14 64
11 58
8 52
8 47
8 43
6 38
5 35
5 31
4 28
4 26
4 23
4 21
4 19
4 17
3 16
3 14
3 13
2 12
2 11
2 10
2 9
2 8
1 7
1 7
1 6
1 5
1 5
1 4
1 4
1 4
1 3
1 3
1 3
1 2
1 2
1 2
1 2
1 2
1 2
1 1
1 1
1 1
1 1
1 1
1 1
1 1
1 1
1 1
1 1
3902 1300
1565 882
1012 703
587 591
459 511
361 450
348 402
288 362
232 328
213 299
159 274
112 252
102 233
86 216
55 200
49 186
45 173
40 161
36 151
33 141
30 132
29 124
28 116
28 109
27 103
27 97
26 91
25 86
23 81
23 76
20 72
18 68
16 64
16 60
14 57
13 54
13 51
13 48
13 46
12 43
12 41
11 39
9 37
8 35
8 33
7 31
7 30
7 28
6 27
6 25
5 24
5 23
5 22
5 20
5 19
4 18
4 17
4 17
4 16
4 15
4 14
3 13
3 13
3 12
3 12
3 11
3 10
3 10
3 9
3 9
3 8
3 8
3 8
3 7
3 7
2 7
2 6
2 6
2 6
2 5
2 5
2 5
2 5
2 4
2 4
2 4
2 4
2 4
2 3
1 3
1 3
1 3
1 3
1 3
1 2
1 2
1 2
1 2
1 2
1 2
1 2
1 2
1 2
1 2
1 1
1 1
1 1
1 1
1 1
1 1
1 1
1 1
1 1
1 1
1 1
1 1
1 1
1 1
1 1
1 1
1 1
1 1
1 1
1 1
1284 740
626 501
615 398
363 334
244 289
238 254
225 226
194 203
173 184
167 168
158 154
116 141
109 130
100 120
92 111
78 103
71 96
65 90
62 84
58 78
57 73
52 68
47 64
46 60
42 57
39 53
26 50
22 47
19 44
19 42
18 39
16 37
15 35
14 33
13 31
12 29
12 28
11 26
10 25
10 23
10 22
9 21
9 20
9 19
9 18
8 17
7 16
7 15
7 14
7 14
6 13
6 12
6 11
6 11
6 10
6 10
5 9
5 9
5 8
5 8
4 7
4 7
4 7
4 6
4 6
4 6
4 5
3 5
3 5
3 5
3 4
3 4
3 4
2 4
2 4
2 3
2 3
2 3
2 3
2 3
2 3
2 2
1 2
1 2
1 2
1 2
1 2
1 2
1 2
1 2
1 2
1 1
1 1
1 1
1 1
1 1
1 1
1 1
1 1
1 1
1 1
1 1
1 1
1 1
1 1
1 1
1 1
1 1
1 1
1 1
1548 822
774 586
759 483
478 418
414 371
378 334
372 305
357 280
353 260
346 242
269 226
219 212
193 199
192 188
171 177
170 168
153 159
150 151
149 144
130 137
117 130
98 124
93 119
93 114
92 109
87 104
81 100
75 96
72 92
71 88
67 85
58 81
52 78
45 75
41 72
39 70
38 67
36 64
32 62
31 60
31 58
29 56
29 54
26 52
25 50
24 48
23 46
20 45
19 43
17 42
16 40
15 39
14 38
13 36
13 35
11 34
11 33
10 32
9 31
9 30
9 29
6 28
6 27
6 26
6 25
5 24
5 24
5 23
5 22
5 22
5 21
5 20
4 20
4 19
4 18
4 18
3 17
3 17
3 16
3 16
3 15
3 15
3 14
3 14
2 13
2 13
2 13
2 12
2 12
2 11
2 11
2 11
2 10
2 10
2 10
2 9
2 9
2 9
2 9
2 8
2 8
2 8
1 8
1 7
1 7
1 7
1 7
1 7
1 6
1 6
1 6
1 6
1 6
1 5
1 5
1 5
1 5
1 5
1 5
1 5
1 4
1 4
1 4
1 4
1 4
1 4
1 4
1 4
1 3
1 3
1 3
1 3
1 3
1 3
1 3
1 3
1 3
1 3
1 3
1 2
1 2
1 2
1 2
1 2
1 2
1 2
1 2
1 2
1 2
1 2
1 2
1 2
1 2
1 2
1 2
1 2
1 1
1 1
1 1
1 1
1 1
1 1
1 1
1 1
1 1
1 1
1 1
1 1
1 1
1 1
1 1
1 1
1 1
1 1
1 1
1 1
1 1
1 1
1 1
1 1
1 1
1 1
1 1
1 1
1 1
1 1
1 1
1 1
1 1