1509 2331537.0 5827 150076 1165769.0 4447.46 75029.0 -2.46417449788 582884.0 3606.03 37530.54 -2.20309583959 291442.0 2785.12 18743.97 -1.84553891348 145721.0 2074.67 9366.19 -1.43723122176 72861.0 1512.68 4687.07 -1.02656315188 36430.0 1084.38 2335.14 -0.636944653325
5539 1014077.0 1397 160838 507039.0 1137.85 80405.91 -1.45710220974 253519.0 969.94 40212.49 -1.26802871757 126760.0 798.54 20095.42 -1.03101652715 63380.0 641.11 10061.05 -0.776004343527 31690.0 506.71 5023.71 -0.530161497521 15845.0 400.02 2516.58 -0.305906103334
7711 899671.0 1987 129185 449836.0 1429.57 64609.61 -1.55056354728 224918.0 1157.24 32330.11 -1.26624722872 112459.0 919.87 16171.11 -0.977236337035 56229.0 728.08 8086.12 -0.705912931927 28115.0 572.12 4032.23 -0.460114245884 14057.0 442.88 2021.42 -0.228398016551
10864 836292.0 1012 103374 418146.0 818.83 51741.88 -0.280653156631 209073.0 717.11 25815.33 -0.112662835272 104537.0 628.35 12921.4 0.048772015074 52268.0 549.06 6468.1 0.19917254271 26134.0 482.89 3239.56 0.316996722574 13067.0 424.46 1624.75 0.391866465048
6147 810854.0 1688 125404 405427.0 1369.91 62730.22 -1.09391979858 202714.0 1176.41 31329.79 -0.94109126889 101357.0 975.45 15662.71 -0.746140420175 50678.0 787.46 7840.2 -0.53307332846 25339.0 622.71 3917.41 -0.319179087992 12670.0 487.68 1952.17 -0.13143982105
12387 796640.0 1650 127546 398320.0 1349.93 63763.96 -0.712350726805 199160.0 1163.02 31885.52 -0.547519634422 99580.0 974.32 15924.64 -0.355138039642 49790.0 800.26 7982.19 -0.154321192148 24895.0 649.86 3981.96 0.037811463166 12448.0 522.49 1992.6 0.20657163029
5534 737186.0 1433 188821 368593.0 1107.93 94431.45 -1.83683205873 184297.0 919.36 47231.16 -1.6239428016 92148.0 738.73 23594.49 -1.37179113011 46074.0 579.45 11787.83 -1.11465190808 23037.0 450.4 5896.41 -0.869635428428 11519.0 343.43 2946.9 -0.639839263368
13881 731519.0 5881 93473 365760.0 4878.95 46742.51 -0.0454091977828 182880.0 4252.77 23361.76 0.0345159797328 91440.0 3574.17 11693.21 0.12668757883 45720.0 2901.41 5846.37 0.223258920556 22860.0 2262.52 2922.88 0.307125740248 11430.0 1701.82 1457.15 0.373768834945
12386 724695.0 1723 61773 362348.0 1335.82 30882.52 -0.705043854396 181174.0 1131.05 15440.87 -0.507695738037 90587.0 936.43 7719.97 -0.29661205113 45293.0 767.38 3863.7 -0.0966905007339 22647.0 624.31 1927.21 0.0918241017644 11323.0 500.16 966.67 0.262211223301
1609 674831.0 1360 144200 337416.0 1086.71 72071.18 -2.12160474976 168708.0 925.23 36049.13 -1.99074059631 84354.0 748.85 18019.63 -1.75122710724 42177.0 573.1 9014.88 -1.4089727657 21088.0 423.46 4508.79 -1.03020801314 10544.0 305.49 2250.22 -0.636285699764
6691 673979.0 1782 282125 336990.0 1387.7 141026.21 -0.972448118673 168495.0 1170.23 70513.44 -0.795700485656 84247.0 964.52 35269.31 -0.606164525225 42124.0 784.76 17615.21 -0.425383573009 21062.0 628.06 8816.95 -0.267264488178 10531.0 493.84 4404.11 -0.119187245923
8538 656058.0 3078 190470 328029.0 2100.95 95199.06 -2.62825446403 164015.0 1626.94 47615.45 -2.35687678085 82007.0 1215.51 23826.71 -2.03755881064 41004.0 892.37 11892.99 -1.72489194502 20502.0 642.78 5954.1 -1.41679190397 10251.0 454.94 2979.71 -1.1107763962
1506 634854.0 2899 42574 317427.0 2164.44 21310.42 -0.881576354185 158714.0 1781.01 10629.4 -0.674067674934 79357.0 1415.84 5328.87 -0.437476890829 39678.0 1109.99 2652.35 -0.210435383374 19839.0 855.01 1326.74 0.00816589173284 9920.0 651.06 663.55 0.196706616921
4080 634645.0 255 597974 317323.0 166.96 298978.74 -5.4582412796 158661.0 130.7 149500.46 -4.83788194025 79331.0 96.3 74750.18 -4.04269691679 39665.0 72.04 37373.37 -3.40920318483 19833.0 54.18 18684.93 -2.87769691196 9916.0 40.96 9342.46 -2.46997130596
5601 633261.0 269 466121 316631.0 166.69 233051.99 -6.07281735662 158315.0 125.31 116514.89 -5.23997359239 79158.0 93.58 58267.22 -4.4736533494 39579.0 68.53 29131.8 -3.65228189799 19789.0 50.92 14572.88 -2.97682730646 9895.0 37.67 7288.37 -2.31709961353
544 623046.0 2813 64433 311523.0 1987.25 32224.92 -1.72197482472 155762.0 1559.0 16114.08 -1.40499198646 77881.0 1178.77 8049.3 -1.04389844907 38940.0 872.83 4029.77 -0.685533034316 19470.0 643.54 2008.38 -0.366461968018 9735.0 474.53 1008.18 -0.0838632665758
13808 619821.0 612 276055 309911.0 509.01 138052.4 -0.748145337595 154955.0 454.69 69004.71 -0.642552680232 77478.0 400.78 34517.26 -0.529328667743 38739.0 347.71 17251.63 -0.412026471375 19369.0 297.97 8622.15 -0.298515759065 9685.0 247.16 4320.62 -0.160694801373
7710 615558.0 2814 54813 307779.0 2011.06 27393.54 -1.73610325865 153890.0 1593.58 13694.66 -1.46576230702 76945.0 1224.85 6845.07 -1.15700503492 38472.0 911.4 3425.66 -0.831730602789 19236.0 669.81 1721.19 -0.526195004958 9618.0 489.15 851.98 -0.255251397901
1006 606796.0 2114 47299 303398.0 1508.27 23673.66 -1.47078962707 151699.0 1209.62 11839.22 -1.18445814802 75850.0 937.75 5906.59 -0.866413537013 37925.0 721.86 2946.72 -0.564329468962 18962.0 544.13 1474.65 -0.264552770734 9481.0 408.87 741.17 -0.00192668365493
5916 592686.0 379 366699 296343.0 254.94 183357.24 -4.20867220714 148172.0 199.27 91665.59 -3.64864498063 74086.0 151.84 45839.7 -3.06573512709 37043.0 114.51 22916.8 -2.50233432676 18521.0 86.02 11453.91 -1.9955396804 9261.0 63.74 5729.63 -1.52878230466
9115 591548.0 1664 47131 295774.0 1338.89 23565.73 -0.519482500185 147887.0 1151.84 11787.88 -0.36230118578 73944.0 965.77 5887.3 -0.185378345502 36972.0 792.81 2946.65 0.0037197934193 18486.0 637.64 1470.34 0.192625210932 9243.0 508.17 734.97 0.358036831855
9226 580195.0 1480 50375 290098.0 1095.39 25161.84 -1.53419895093 145049.0 886.5 12608.6 -1.23947939177 72524.0 689.24 6299.78 -0.903384034744 36262.0 533.22 3146.72 -0.581254740843 18131.0 403.97 1577.69 -0.270283283911 9066.0 309.48 785.94 -0.00786780488513
12397 565987.0 632 107815 282994.0 527.91 53907.65 -0.492753619745 141497.0 474.07 26969.97 -0.382513851578 70748.0 419.89 13461.64 -0.26658304841 35374.0 367.11 6740.55 -0.148484234603 17687.0 316.11 3368.03 -0.0227199734797 8844.0 260.61 1686.79 0.1291597412
7176 555677.0 3004 71284 277839.0 2094.58 35637.27 -1.86613408278 138919.0 1632.78 17804.33 -1.55279886574 69460.0 1216.27 8902.94 -1.1823810059 34730.0 888.89 4453.48 -0.815458625146 17365.0 643.56 2225.83 -0.474705668063 8682.0 462.99 1112.13 -0.178124260456
8732 555141.0 3070 51957 277571.0 2239.29 25973.06 -1.02219766722 138785.0 1806.51 12988.52 -0.788702177495 69393.0 1407.98 6496.97 -0.522342708938 34696.0 1068.71 3252.28 -0.250759057883 17348.0 803.94 1629.48 -0.00111745113634 8674.0 601.96 815.36 0.214781392228
12922 544330.0 255 435269 272165.0 170.75 217652.17 -4.39978574915 136083.0 132.37 108800.56 -3.82423611668 68041.0 101.22 54385.38 -3.27180649959 34021.0 77.87 27200.44 -2.79791992234 17010.0 60.07 13607.57 -2.38445311694 8505.0 46.66 6803.01 -2.01578170666
8223 544263.0 2063 48005 272132.0 1493.58 23996.51 -0.99429048918 136066.0 1214.98 12005.88 -0.740932401367 68033.0 964.73 6000.23 -0.476441213158 34016.0 753.07 2995.68 -0.213476161735 17008.0 584.5 1497.81 0.0155200665321 8504.0 453.0 748.8 0.217182813869
9219 536579.0 1258 89870 268290.0 914.17 44944.2 -1.94405403948 134145.0 734.65 22461.65 -1.63500938969 67072.0 570.35 11238.62 -1.28825391645 33536.0 436.83 5602.74 -0.94271648286 16768.0 330.27 2801.19 -0.622042776243 8384.0 249.37 1402.02 -0.331898288556
44 528017.0 3355 46080 264009.0 2366.35 23012.57 -1.10800167602 132004.0 1876.44 11539.71 -0.855906290503 66002.0 1451.06 5768.49 -0.58733951375 33001.0 1099.61 2884.6 -0.327717844013 16501.0 821.99 1441.38 -0.0911213634277 8250.0 607.54 717.24 0.118386101929
8228 527109.0 2546 41589 263555.0 1892.19 20771.21 -1.27532121473 131777.0 1548.36 10402.9 -1.08697338928 65889.0 1213.7 5202.49 -0.838839184645 32944.0 927.3 2604.13 -0.575050669558 16472.0 684.54 1295.31 -0.296833630133 8236.0 496.22 650.6 -0.0245439087083
1503 524365.0 1703 172911 262183.0 1241.47 86444.44 -1.40591881879 131091.0 1023.81 43231.96 -1.22211671105 65546.0 829.14 21611.73 -1.02992993174 32773.0 654.24 10818.95 -0.822250421813 16386.0 502.0 5399.85 -0.597684848302 8193.0 376.69 2697.41 -0.3808061783
1004 517814.0 2027 41386 258907.0 1446.01 20707.19 -1.57585224032 129454.0 1153.68 10344.98 -1.29017348271 64727.0 891.26 5182.92 -0.967734144403 32363.0 670.82 2596.7 -0.632479269689 16182.0 498.18 1293.06 -0.315927570158 8091.0 365.3 646.55 -0.0217384253143
1507 512818.0 2544 44687 256409.0 1823.6 22361.15 -0.901737264743 128205.0 1476.55 11169.01 -0.666631333933 64102.0 1165.41 5584.37 -0.416660697172 32051.0 909.64 2790.74 -0.182592232793 16026.0 702.44 1397.9 0.0283817588967 8013.0 535.85 696.38 0.22252161992
7713 511272.0 3010 41044 255636.0 2093.37 20535.29 -1.62211192779 127818.0 1640.74 10230.67 -1.33285962921 63909.0 1230.69 5136.46 -0.988634443679 31955.0 904.21 2559.63 -0.642826873388 15977.0 658.14 1287.98 -0.32686509286 7989.0 469.98 644.41 -0.0330286660078
10913 509756.0 2628 80265 254878.0 1893.38 40144.32 -0.966128885737 127439.0 1526.23 20085.24 -0.726187722067 63720.0 1203.26 10037.71 -0.478885909886 31860.0 932.3 5027.16 -0.243934084764 15930.0 718.06 2500.2 -0.0407441646375 7965.0 548.76 1254.36 0.127292807885
545 507222.0 3052 55996 253611.0 2131.55 27985.16 -1.6246879046 126806.0 1665.58 14000.42 -1.33549673256 63403.0 1257.37 6986.82 -1.00921329644 31701.0 922.05 3508.05 -0.676361505765 15851.0 669.97 1748.24 -0.363235802366 7925.0 481.79 878.57 -0.0763603524182
1510 503935.0 2233 127682 251968.0 1592.14 63827.19 -1.18717442222 125984.0 1282.01 31934.95 -0.94644829091 62992.0 1016.83 15964.04 -0.704828616562 31496.0 788.03 7987.15 -0.467434502979 15748.0 607.71 3996.9 -0.261008550833 7874.0 460.49 2004.16 -0.0836073218196
8734 499510.0 2952 47553 249755.0 2136.12 23774.28 -0.854742041314 124878.0 1724.95 11908.08 -0.624236034578 62439.0 1354.81 5949.99 -0.380453849994 31219.0 1045.37 2966.21 -0.144419273914 15610.0 795.47 1480.19 0.0746580745763 7805.0 598.66 748.02 0.266225703063
8220 491478.0 1848 31957 245739.0 1310.73 15999.25 -1.29066874684 122870.0 1048.31 8017.64 -1.00609283694 61435.0 819.84 4014.0 -0.704418923532 30717.0 629.22 2010.74 -0.405976663266 15359.0 475.32 1011.56 -0.127350498685 7679.0 358.72 509.36 0.114859667038
1504 490950.0 1191 63937 245475.0 842.68 31976.71 -1.36599388056 122738.0 690.47 15974.43 -1.1214900303 61369.0 559.51 7990.29 -0.884200586623 30684.0 450.88 4002.68 -0.664926544737 15342.0 353.16 2000.14 -0.424563577206 7671.0 270.24 997.26 -0.192497706588
49 485373.0 2794 46689 242687.0 1995.55 23340.03 -1.00931867676 121343.0 1593.6 11680.15 -0.755231317549 60672.0 1233.96 5844.16 -0.485555280322 30336.0 946.25 2919.12 -0.226446041084 15168.0 717.6 1458.07 0.00375734747402 7584.0 537.54 740.36 0.212080401445
6101 484937.0 273 426418 242469.0 181.15 213193.39 -4.63791462356 121234.0 139.44 106613.6 -4.02030025425 60617.0 104.53 53306.22 -3.37587832538 30309.0 79.85 26651.39 -2.87269667556 15154.0 60.1 13329.46 -2.3810161771 7577.0 45.07 6662.22 -1.93214807508
541 484219.0 2026 60850 242110.0 1413.94 30385.16 -1.59562475357 121055.0 1107.17 15194.71 -1.26262544018 60527.0 843.17 7592.58 -0.905425049901 30264.0 629.7 3806.97 -0.556051398287 15132.0 469.24 1894.15 -0.24328233041 7566.0 348.41 950.97 0.0350635276789
7177 482634.0 2933 44000 241317.0 2063.11 21992.35 -1.11565968455 120659.0 1631.73 10991.43 -0.849888181516 60329.0 1261.12 5497.67 -0.575465277431 30165.0 956.42 2753.0 -0.308758799353 15082.0 717.85 1372.86 -0.0620857211422 7541.0 533.41 686.54 0.141775889729
5597 480139.0 257 436656 240070.0 165.46 218334.78 -5.97658335291 120035.0 124.93 109174.93 -5.22534020285 60017.0 92.61 54578.89 -4.43495611598 30009.0 67.64 27293.23 -3.71289124152 15004.0 49.56 13648.28 -3.04718954981 7502.0 36.66 6823.97 -2.45117000776
542 477733.0 2656 112862 238867.0 1884.42 56459.3 -1.27703718171 119433.0 1503.77 28203.68 -1.02891485504 59717.0 1162.17 14104.05 -0.756092603276 29858.0 877.69 7053.25 -0.477945643197 14929.0 656.69 3519.15 -0.233989916678 7465.0 486.43 1766.63 -0.0219695398847
42 477542.0 2267 49266 238771.0 1689.62 24611.98 -1.20527554335 119386.0 1398.25 12328.15 -1.03506489931 59693.0 1104.0 6142.27 -0.796865205666 29846.0 844.18 3080.21 -0.534946339322 14923.0 621.74 1538.51 -0.254796311847 7462.0 453.65 763.9 0.00455185684187
3634 476463.0 1870 40846 238232.0 1359.05 20451.16 -1.40550671617 119116.0 1097.62 10244.03 -1.15626125557 59558.0 856.98 5136.96 -0.865538168296 29779.0 653.66 2573.57 -0.570164769962 14889.0 491.3 1289.88 -0.28712918885 7445.0 366.12 648.02 -0.0284744762661
13642 466481.0 5085 62678 233241.0 4126.51 31347.83 0.0492337720477 116620.0 3544.64 15691.77 0.137190890464 58310.0 2943.33 7841.57 0.234039997948 29155.0 2355.08 3913.38 0.326425602559 14578.0 1812.81 1958.22 0.400854370627 7289.0 1339.66 979.89 0.458813898654
7708 464314.0 2541 32410 232157.0 1861.36 16208.95 -0.711255395884 116079.0 1522.01 8107.35 -0.499228614603 58039.0 1212.26 4036.95 -0.278397129674 29020.0 956.03 2034.83 -0.069058755682 14510.0 737.95 1011.05 0.124263906273 7255.0 559.28 506.72 0.298706009798
8224 464023.0 2301 40191 232012.0 1604.45 20127.32 -1.43324208311 116006.0 1266.64 10058.35 -1.14144750582 58003.0 965.72 5027.08 -0.815510080501 29001.0 731.9 2506.25 -0.513863043309 14501.0 543.66 1253.31 -0.236790722123 7250.0 402.27 628.41 0.013810018915
8737 458254.0 2885 49531 229127.0 2127.74 24767.14 -0.745588676846 114564.0 1730.46 12382.97 -0.540954648506 57282.0 1368.41 6191.76 -0.317413251311 28641.0 1064.21 3078.83 -0.10703783256 14320.0 810.95 1543.29 0.0915773218539 7160.0 609.73 769.87 0.266650743149
47 457864.0 3672 25022 228932.0 2615.21 12511.08 -0.891297523839 114466.0 2076.94 6247.47 -0.659958618967 57233.0 1597.08 3127.39 -0.40710380861 28617.0 1203.49 1564.55 -0.156646830679 14308.0 894.11 786.02 0.0722647129854 7154.0 657.38 393.36 0.263190764783
549 443175.0 2989 37171 221588.0 2170.98 18576.61 -1.21278417034 110794.0 1739.09 9309.35 -0.992926233939 55397.0 1330.65 4640.82 -0.72041213375 27698.0 986.78 2329.19 -0.432986049203 13849.0 721.95 1164.95 -0.158704715027 6925.0 518.72 586.55 0.0976286560234
537 442903.0 283 277195 221452.0 178.37 138629.5 -6.598751628 110726.0 130.99 69325.7 -5.55688222765 55363.0 92.91 34667.46 -4.46894473295 27681.0 66.65 17302.22 -3.52950621177 13841.0 47.2 8660.06 -2.68968439145 6920.0 33.71 4337.3 -2.02227537581
7171 442656.0 3100 35067 221328.0 2190.88 17590.81 -1.36142981996 110664.0 1727.95 8815.4 -1.10987549718 55332.0 1300.42 4421.91 -0.798928956729 27666.0 960.6 2217.39 -0.487274475428 13833.0 692.44 1115.64 -0.188421074254 6917.0 498.0 559.65 0.0797063978794
7712 438397.0 2898 51307 219199.0 2004.27 25683.31 -1.48617338204 109599.0 1558.73 12819.78 -1.1853593022 54800.0 1167.0 6398.72 -0.84221032164 27400.0 853.63 3210.18 -0.500400107119 13700.0 620.2 1605.86 -0.19835100889 6850.0 447.91 801.65 0.0736613754224
8727 437546.0 996 286529 218773.0 693.5 143283.85 -4.84107862796 109387.0 534.24 71620.41 -4.45308945571 54693.0 392.65 35815.35 -3.88471843423 27347.0 274.23 17905.96 -3.20494106488 13673.0 190.44 8946.97 -2.54955123545 6837.0 130.4 4476.53 -1.95821540323
7172 435176.0 2480 42840 217588.0 1778.69 21401.46 -0.883298870217 108794.0 1431.83 10705.76 -0.639828876005 54397.0 1112.52 5348.28 -0.371183179094 27199.0 859.4 2674.49 -0.119418537301 13599.0 654.31 1338.62 0.105634592883 6800.0 492.39 672.33 0.311598598749
1009 432801.0 2013 45047 216401.0 1399.61 22522.45 -1.35415913025 108200.0 1108.34 11260.8 -1.07059871437 54100.0 856.94 5633.22 -0.77794040525 27050.0 655.68 2816.02 -0.498473884726 13525.0 493.58 1405.66 -0.237642698705 6763.0 367.39 704.5 0.00823174773836
41 431392.0 2282 38964 215696.0 1668.17 19470.43 -0.988822031221 107848.0 1352.8 9750.17 -0.768061084174 53924.0 1065.37 4874.62 -0.519935957132 26962.0 815.23 2428.26 -0.255615700558 13481.0 616.46 1214.9 -0.0180243278671 6741.0 460.11 612.45 0.202086159125
1000 430365.0 2008 53220 215183.0 1425.15 26614.98 -1.32292641652 107591.0 1132.63 13320.21 -1.04301183403 53796.0 872.26 6649.57 -0.736099875347 26898.0 662.91 3329.88 -0.442217395283 13449.0 499.64 1661.72 -0.173986649104 6724.0 374.19 841.14 0.0564525693331
4072 430261.0 315 327270 215131.0 197.38 163636.15 -6.75315985152 107565.0 147.42 81818.78 -6.0094602137 53783.0 108.03 40895.98 -5.19132580673 26891.0 78.48 20455.47 -4.38571450215 13446.0 56.25 10216.84 -3.5650531829 6723.0 39.97 5110.15 -2.78940223458
8229 427544.0 1490 51519 213772.0 1068.99 25764.78 -1.25560733485 106886.0 866.76 12878.4 -0.990666754398 53443.0 678.7 6427.25 -0.690474552118 26722.0 523.85 3211.43 -0.399793501926 13361.0 401.03 1610.5 -0.131378601923 6680.0 303.55 803.62 0.118945921306
7714 426958.0 1829 39248 213479.0 1327.43 19599.45 -0.931847909681 106740.0 1094.4 9792.73 -0.735824144393 53370.0 884.9 4898.09 -0.536870385718 26685.0 706.3 2453.41 -0.350562328244 13342.0 548.73 1227.02 -0.160956224083 6671.0 416.01 612.43 0.0143187609713
3637 423588.0 2965 50081 211794.0 2098.06 25030.42 -0.93326078439 105897.0 1685.05 12525.56 -0.714556259379 52949.0 1306.98 6260.87 -0.465711156212 26474.0 996.35 3123.47 -0.232634996614 13237.0 745.69 1565.95 -0.00875735255735 6619.0 551.12 777.5 0.187476205742
8730 422074.0 2715 41905 211037.0 1960.17 20941.27 -0.748324910765 105519.0 1587.3 10480.59 -0.532199680433 52759.0 1255.97 5231.7 -0.306506354963 26380.0 968.45 2619.4 -0.0786297624392 13190.0 740.05 1308.66 0.123848662463 6595.0 558.85 654.6 0.292160820688
540 420894.0 2744 43529 210447.0 1918.05 21741.57 -1.56467858434 105224.0 1490.25 10876.03 -1.25248522249 52612.0 1108.83 5438.82 -0.896157100453 26306.0 806.7 2708.13 -0.530238266296 13153.0 579.33 1360.54 -0.198802606672 6576.0 414.48 685.12 0.0896401743637
7715 420144.0 4586 30421 210072.0 3481.48 15233.66 -1.05853502378 105036.0 2792.46 7594.74 -0.917661436546 52518.0 2106.16 3803.04 -0.704971409248 26259.0 1521.38 1902.5 -0.448819162513 13130.0 1067.87 951.65 -0.188090009971 6565.0 731.85 473.3 0.0561971927866
14905 415022.0 1243 103919 207511.0 1059.85 51937.85 -1.05645597964 103756.0 938.28 25970.44 -1.01208941934 51878.0 793.7 12999.39 -0.910976289345 25939.0 633.93 6500.11 -0.743769811516 12969.0 482.23 3241.83 -0.517061065362 6485.0 355.99 1617.95 -0.277233267656
6138 412950.0 1414 26902 206475.0 1128.06 13459.55 -0.437756568731 103238.0 961.02 6726.2 -0.26603952455 51619.0 800.57 3355.6 -0.0815715229996 25809.0 649.17 1684.63 0.115463610331 12905.0 523.17 839.78 0.29819975818 6452.0 415.51 422.56 0.454152947882
10918 408901.0 1499 34802 204451.0 1092.9 17406.47 -1.20434213749 102225.0 890.71 8706.74 -0.962872620145 51113.0 705.12 4351.82 -0.696262806758 25556.0 546.14 2182.05 -0.418778825824 12778.0 414.63 1085.19 -0.147158000508 6389.0 311.87 544.23 0.104798741925
7977 399919.0 3733 15017 199960.0 2887.18 7511.4 0.126068334014 99980.0 2461.15 3752.66 0.262887477876 49990.0 2063.01 1885.1 0.388993044375 24995.0 1702.93 937.83 0.494505226219 12497.0 1363.62 471.59 0.582631104468 6249.0 1050.35 240.13 0.651913650328
8226 398401.0 1947 45071 199201.0 1436.95 22537.93 -0.685316606372 99600.0 1199.61 11276.31 -0.527104829732 49800.0 990.42 5636.56 -0.382333667393 24900.0 801.67 2813.36 -0.243915616759 12450.0 630.7 1408.08 -0.10088871665 6225.0 478.9 703.01 0.0540145603632
1005 395870.0 1680 97977 197935.0 1194.44 48990.81 -1.2940974825 98968.0 953.99 24478.77 -1.01966803892 49484.0 743.35 12251.22 -0.727778606041 24742.0 569.59 6124.02 -0.450529379669 12371.0 430.58 3068.08 -0.183081300747 6185.0 323.18 1534.92 0.0561606229658
8735 386494.0 1952 30523 193247.0 1392.65 15245.23 -0.935539502616 96624.0 1119.62 7642.47 -0.683234316003 48312.0 880.9 3809.29 -0.425230738674 24156.0 680.95 1907.16 -0.173348202411 12078.0 522.83 956.76 0.0498732160075 6039.0 400.53 484.59 0.243110667321
4076 385888.0 638 199516 192944.0 416.23 99717.63 -4.24777536683 96472.0 321.27 49889.29 -3.82841326664 48236.0 241.71 24952.03 -3.38188761408 24118.0 178.22 12460.5 -2.89188886142 12059.0 129.24 6239.04 -2.38652466205 6030.0 92.47 3119.78 -1.88296500891
8731 385400.0 2639 41887 192700.0 1870.32 20944.89 -0.939239552851 96350.0 1488.07 10481.37 -0.691120679824 48175.0 1149.66 5243.06 -0.423896817338 24088.0 869.07 2616.12 -0.166145558019 12044.0 657.47 1303.87 0.0524625155907 6022.0 491.0 652.51 0.240699631745
40 377768.0 1709 42156 188884.0 1228.66 21078.83 -1.82793191131 94442.0 977.82 10531.35 -1.55944260987 47221.0 749.16 5274.03 -1.23945658317 23611.0 552.1 2638.85 -0.878339357882 11805.0 399.98 1319.05 -0.527869629849 5903.0 286.84 655.2 -0.200958772367
11914 377408.0 2499 31967 188704.0 1769.96 15978.48 -0.905690987287 94352.0 1408.56 7980.13 -0.656707711189 47176.0 1089.98 3987.32 -0.385385483036 23588.0 828.08 2002.07 -0.124665640569 11794.0 623.44 997.51 0.1116599607 5897.0 465.87 495.85 0.319936329311
10922 376444.0 1908 66581 188222.0 1393.83 33275.58 -1.1169007371 94111.0 1146.89 16656.28 -0.945890926129 47056.0 912.22 8305.21 -0.74335747122 23528.0 709.43 4152.95 -0.537605391496 11764.0 536.82 2083.96 -0.342675175459 5882.0 396.93 1041.36 -0.157633812241
1505 374130.0 2035 49718 187065.0 1470.29 24852.48 -0.974195343208 93533.0 1187.74 12419.95 -0.752386254006 46766.0 931.84 6217.93 -0.498072567804 23383.0 721.47 3110.54 -0.255921477891 11692.0 543.68 1554.36 -0.0190718529548 5846.0 409.72 779.87 0.173000778403
8222 373441.0 1635 31474 186721.0 1145.43 15768.17 -1.42984002578 93360.0 911.24 7895.79 -1.14089053113 46680.0 699.13 3956.24 -0.812248929995 23340.0 525.77 1985.16 -0.487156007748 11670.0 390.74 997.99 -0.185889825528 5835.0 293.69 503.12 0.070995287389
548 372236.0 2644 19773 186118.0 1852.38 9892.39 -0.688464905002 93059.0 1483.61 4940.04 -0.449238751288 46530.0 1159.61 2474.84 -0.201837511691 23265.0 893.28 1239.8 0.0336390300772 11632.0 687.46 619.53 0.229730897715 5816.0 521.62 313.23 0.393447969935
12207 369287.0 4362 50806 184644.0 3473.71 25429.07 0.0632077933952 92322.0 2957.37 12702.57 0.16457339838 46161.0 2435.46 6359.82 0.268524744538 23080.0 1939.23 3177.83 0.367408023565 11540.0 1490.88 1584.47 0.454419831851 5770.0 1095.79 799.01 0.526490770449
10916 366936.0 2715 29636 183468.0 1881.88 14809.15 -1.29778427868 91734.0 1470.89 7410.47 -1.03169924927 45867.0 1113.47 3710.71 -0.737761876717 22934.0 824.86 1857.4 -0.447706352486 11467.0 600.56 923.98 -0.172362689141 5733.0 432.37 462.18 0.0709729782163
1007 366086.0 1648 44182 183043.0 1153.13 22086.18 -1.38816579655 91522.0 913.33 11058.89 -1.09674699984 45761.0 707.03 5522.26 -0.786484827148 22880.0 532.2 2760.83 -0.474816277749 11440.0 397.53 1379.09 -0.179509436711 5720.0 293.93 685.38 0.0929305477659
7706 365309.0 2378 25845 182655.0 1648.61 12923.29 -1.1080649522 91327.0 1295.9 6452.14 -0.828138433649 45664.0 992.73 3225.94 -0.532753000622 22832.0 744.24 1620.23 -0.241611864372 11416.0 552.85 807.0 0.0192924281111 5708.0 411.01 404.0 0.2438777488
48 362647.0 1576 36082 181324.0 1138.15 18029.36 -0.938541229748 90662.0 921.62 9022.41 -0.68629347131 45331.0 727.27 4509.08 -0.420724516312 22665.0 564.83 2256.35 -0.163725040661 11333.0 437.43 1130.83 0.0670248415975 5666.0 333.34 566.53 0.281908342918
3636 361015.0 2385 37315 180508.0 1775.01 18662.25 -0.935442610785 90254.0 1459.71 9321.01 -0.778758417565 45127.0 1155.78 4655.56 -0.582649030837 22563.0 881.71 2335.44 -0.363683503783 11282.0 651.96 1166.59 -0.128365260894 5641.0 470.62 582.1 0.085042812215
1010 358281.0 2269 52959 179141.0 1621.2 26474.45 -0.910153540608 89570.0 1294.04 13241.91 -0.664196247846 44785.0 1004.68 6627.33 -0.400155276816 22393.0 769.93 3313.85 -0.148702556003 11196.0 581.91 1655.41 0.0698351771762 5598.0 442.04 825.24 0.241685425042
1514 357075.0 1367 63479 178538.0 988.53 31756.67 -0.87741063785 89269.0 819.06 15871.8 -0.682140734003 44634.0 670.47 7937.26 -0.497821390095 22317.0 540.38 3963.83 -0.325441293701 11159.0 428.16 1982.67 -0.161722807593 5579.0 330.99 997.21 -0.0163127982794
7169 352901.0 2589 43638 176451.0 1918.46 21814.38 -0.643575098486 88225.0 1564.02 10903.43 -0.454001161908 44113.0 1231.35 5464.16 -0.244304512657 22056.0 952.21 2723.62 -0.0349783602948 11028.0 721.43 1363.34 0.156575991701 5514.0 538.73 683.67 0.33349084942
10895 351476.0 4833 29200 175738.0 3889.69 14592.99 0.250816994249 87869.0 3339.04 7299.13 0.34402078011 43935.0 2770.68 3648.15 0.44293663491 21967.0 2215.72 1821.61 0.536206730729 10984.0 1712.27 913.97 0.610785290488 5492.0 1265.73 455.42 0.657900809335
1001 350064.0 2305 25200 175032.0 1692.18 12600.94 -0.843803458372 87516.0 1391.82 6301.51 -0.680650515237 43758.0 1106.67 3145.63 -0.49683114821 21879.0 853.71 1581.62 -0.293963748561 10940.0 641.27 797.02 -0.0831325193791 5470.0 464.98 399.37 0.128423068108
547 347553.0 1820 29070 173777.0 1292.32 14535.04 -1.04661132668 86888.0 1036.7 7259.09 -0.789816396364 43444.0 805.96 3637.18 -0.513043383502 21722.0 617.4 1823.05 -0.240005303962 10861.0 463.56 909.36 0.0234284916373 5431.0 348.24 458.03 0.245946151176
7174 345116.0 2045 37751 172558.0 1477.7 18846.26 -1.18350827865 86279.0 1175.93 9446.79 -0.931832785697 43140.0 903.64 4717.63 -0.642719733207 21570.0 676.69 2361.56 -0.353396837983 10785.0 503.21 1184.29 -0.0844970524957 5392.0 371.45 590.87 0.148938779193
7170 343989.0 2567 18400 171995.0 1859.86 9197.43 -0.648996959355 85997.0 1506.19 4606.27 -0.44091014708 42999.0 1180.65 2297.38 -0.20889187196 21499.0 904.18 1150.38 0.0154692592954 10750.0 689.7 577.83 0.212624519536 5375.0 516.34 290.44 0.384716927472
529 341783.0 612 121528 170892.0 394.86 60794.61 -4.34241894875 85446.0 301.16 30368.41 -3.88665773359 42723.0 225.9 15193.76 -3.40982333402 21361.0 165.18 7581.47 -2.8884337799 10681.0 119.45 3798.67 -2.38572871612 5340.0 85.2 1896.59 -1.86797552001
13439 338190.0 328 314345 169095.0 200.51 157149.8 -7.03927429832 84548.0 146.13 78592.71 -6.12945573188 42274.0 104.92 39289.24 -5.17440893606 21137.0 72.51 19648.56 -4.14152677132 10568.0 50.8 9826.98 -3.30457369016 5284.0 35.54 4910.64 -2.55872924631
