40 377768 1709 42156 188884.0 1208.0 20998.0 0.174683764702 94442.0 1004.0 10520.0 0.116578301499 47221.0 746.0 5358.0 0.264220507376 23611.0 543.0 2580.0 0.351711848309 11805.0 413.0 1289.0 0.438884253954 5903.0 292.0 643.0 0.514038986108
41 431392 2282 38964 215696.0 1659.0 19230.0 0.548063608661 107848.0 1346.0 9709.0 0.547292266165 53924.0 1068.0 4869.0 0.597929159551 26962.0 803.0 2472.0 0.673885658435 13481.0 614.0 1251.0 0.736867956491 6741.0 462.0 597.0 0.791760467467
42 477542 2267 49266 238771.0 1681.0 24741.0 0.463562473617 119386.0 1403.0 12419.0 0.433824755299 59693.0 1106.0 6071.0 0.444134639721 29846.0 838.0 3105.0 0.529039965537 14923.0 625.0 1548.0 0.595334016779 7462.0 445.0 772.0 0.677610524684
44 528017 3355 46080 264009.0 2356.0 23302.0 0.46119593581 132004.0 1905.0 11540.0 0.481368614611 66002.0 1476.0 5836.0 0.526432011944 33001.0 1100.0 2921.0 0.59512005242 16501.0 809.0 1511.0 0.665564859108 8250.0 610.0 698.0 0.728107811721
47 457864 3672 25022 228932.0 2624.0 12484.0 0.523345125705 114466.0 2096.0 6264.0 0.552937206013 57233.0 1613.0 3158.0 0.606676048498 28617.0 1229.0 1534.0 0.654377151639 14308.0 885.0 766.0 0.736667957822 7154.0 661.0 388.0 0.776128597175
48 362647 1576 36082 181324.0 1167.0 18034.0 0.544724925261 90662.0 930.0 9093.0 0.623134422233 45331.0 709.0 4673.0 0.697516025958 22665.0 558.0 2281.0 0.742604682247 11333.0 447.0 1125.0 0.79471077452 5666.0 340.0 527.0 0.807103276535
49 485373 2794 46689 242687.0 1980.0 23377.0 0.524668612008 121343.0 1567.0 11589.0 0.580795230014 60672.0 1195.0 5839.0 0.641038995792 30336.0 944.0 2866.0 0.681671119252 15168.0 739.0 1512.0 0.715633526061 7584.0 541.0 786.0 0.757943100206
529 341783 612 121528 170892.0 398.0 60527.0 -0.84865832139 85446.0 293.0 30439.0 -0.716264409653 42723.0 230.0 15168.0 -0.626812828136 21361.0 176.0 7647.0 -0.611393817362 10681.0 127.0 3810.0 -0.437767815289 5340.0 82.0 1842.0 -0.0882195217396
537 442903 283 277195 221452.0 187.0 138732.0 -2.11330436628 110726.0 125.0 69447.0 -1.28386534755 55363.0 103.0 34582.0 -1.22468544069 27681.0 71.0 17384.0 -0.754686396873 13841.0 47.0 8694.0 -0.286515853756 6920.0 30.0 4369.0 0.116669306108
540 420894 2744 43529 210447.0 1913.0 21840.0 0.185783123788 105224.0 1442.0 10848.0 0.298419952021 52612.0 1100.0 5461.0 0.370003268703 26306.0 793.0 2788.0 0.502038576473 13153.0 595.0 1370.0 0.572512039146 6576.0 433.0 652.0 0.688576078547
541 484219 2026 60850 242110.0 1426.0 30379.0 0.24841217916 121055.0 1102.0 15393.0 0.345551585648 60527.0 828.0 7634.0 0.45896072161 30264.0 621.0 3849.0 0.572453502339 15132.0 448.0 1993.0 0.703811690401 7566.0 344.0 901.0 0.76742498417
542 477733 2656 112862 238867.0 1868.0 56437.0 0.407124719652 119433.0 1505.0 28292.0 0.436957829855 59717.0 1147.0 13887.0 0.50810687824 29858.0 902.0 6960.0 0.527541828336 14929.0 665.0 3530.0 0.623691264603 7465.0 481.0 1801.0 0.682332311194
544 623046 2813 64433 311523.0 1962.0 32438.0 0.216953538812 155762.0 1577.0 16051.0 0.242948400424 77881.0 1191.0 7960.0 0.339340001892 38940.0 887.0 3981.0 0.469678323484 19470.0 653.0 2092.0 0.551329186606 9735.0 442.0 983.0 0.718825668738
545 507222 3052 55996 253611.0 2151.0 28023.0 0.189103845644 126806.0 1679.0 14162.0 0.222185595107 63403.0 1233.0 7127.0 0.33279316629 31701.0 944.0 3449.0 0.420253624181 15851.0 677.0 1750.0 0.519092262713 7925.0 472.0 891.0 0.635267015483
547 347553 1820 29070 173777.0 1340.0 14353.0 0.478480774155 86888.0 1035.0 7381.0 0.533473442313 43444.0 801.0 3734.0 0.60742044719 21722.0 607.0 1780.0 0.6859763515 10861.0 445.0 944.0 0.805289838087 5431.0 347.0 473.0 0.81566907007
548 372236 2644 19773 186118.0 1826.0 9994.0 0.648617896952 93059.0 1528.0 4914.0 0.655500300165 46530.0 1156.0 2449.0 0.726504769883 23265.0 890.0 1230.0 0.793755213409 11632.0 699.0 658.0 0.815208787545 5816.0 524.0 298.0 0.869482978683
549 443175 2989 37171 221588.0 2150.0 18754.0 0.406003768698 110794.0 1730.0 9482.0 0.402219638682 55397.0 1341.0 4627.0 0.424976991766 27698.0 996.0 2279.0 0.515566913773 13849.0 730.0 1124.0 0.620766177441 6925.0 524.0 555.0 0.695356594229
1000 430365 2008 53220 215183.0 1404.0 26716.0 0.402467434748 107591.0 1113.0 13360.0 0.459150722465 53796.0 874.0 6624.0 0.51097624484 26898.0 661.0 3241.0 0.584885683148 13449.0 508.0 1631.0 0.648528649865 6724.0 363.0 830.0 0.744135665624
1001 350064 2305 25200 175032.0 1702.0 12406.0 0.585175947467 87516.0 1371.0 6450.0 0.587782426443 43758.0 1091.0 3016.0 0.588017303136 21879.0 843.0 1565.0 0.605924299643 10940.0 639.0 786.0 0.647094275014 5470.0 469.0 386.0 0.698671715446
1004 517814 2027 41386 258907.0 1457.0 20961.0 0.28424080655 129454.0 1141.0 10381.0 0.343041340586 64727.0 909.0 5284.0 0.386929577219 32363.0 658.0 2636.0 0.517230671414 16182.0 502.0 1335.0 0.598530194236 8091.0 369.0 668.0 0.694246530657
1005 395870 1680 97977 197935.0 1196.0 48932.0 0.431794349387 98968.0 944.0 24588.0 0.480244261211 49484.0 763.0 12177.0 0.533120177471 24742.0 557.0 6211.0 0.624224033025 12371.0 451.0 3039.0 0.667118436886 6185.0 330.0 1532.0 0.739603055004
1006 606796 2114 47299 303398.0 1484.0 23567.0 0.380642774316 151699.0 1203.0 11706.0 0.417785866353 75850.0 930.0 5862.0 0.520755413545 37925.0 714.0 2941.0 0.59158197366 18962.0 547.0 1476.0 0.646907593373 9481.0 400.0 783.0 0.761292191318
1007 366086 1648 44182 183043.0 1147.0 22105.0 0.35565309745 91522.0 922.0 11208.0 0.401937790164 45761.0 677.0 5630.0 0.512569262826 22880.0 542.0 2682.0 0.550219088498 11440.0 393.0 1457.0 0.667479356612 5720.0 286.0 658.0 0.749667340466
1009 432801 2013 45047 216401.0 1393.0 22640.0 0.399334874332 108200.0 1134.0 11462.0 0.415919313923 54100.0 834.0 5614.0 0.524912363479 27050.0 669.0 2803.0 0.557485756411 13525.0 461.0 1427.0 0.663952505598 6763.0 370.0 703.0 0.708032471055
1010 358281 2269 52959 179141.0 1645.0 26357.0 0.525475494972 89570.0 1277.0 13152.0 0.615057940223 44785.0 990.0 6602.0 0.656203308288 22393.0 771.0 3323.0 0.711360337167 11196.0 595.0 1682.0 0.748239942639 5598.0 438.0 828.0 0.759593552364
1503 524365 1703 172911 262183.0 1247.0 86225.0 0.458204467973 131091.0 1027.0 42791.0 0.465738841995 65546.0 805.0 21546.0 0.470584760237 32773.0 664.0 10798.0 0.453199727439 16386.0 507.0 5386.0 0.515050180325 8193.0 358.0 2659.0 0.554365132111
1504 490950 1191 63937 245475.0 855.0 32015.0 0.490225012693 122738.0 692.0 15958.0 0.529717615833 61369.0 576.0 7968.0 0.518021605303 30684.0 453.0 4017.0 0.584501711193 15342.0 366.0 2023.0 0.598805967239 7671.0 269.0 1011.0 0.643706481822
1505 374130 2035 49718 187065.0 1472.0 24845.0 0.531743539848 93533.0 1179.0 12358.0 0.582402795969 46766.0 938.0 6237.0 0.622650976288 23383.0 707.0 3108.0 0.686813901731 11692.0 531.0 1567.0 0.751242578699 5846.0 396.0 745.0 0.784515651907
1506 634854 2899 42574 317427.0 2151.0 21237.0 0.617033610569 158714.0 1780.0 10532.0 0.629016804771 79357.0 1408.0 5281.0 0.671003481302 39678.0 1103.0 2645.0 0.713605476468 19839.0 839.0 1312.0 0.76923377493 9920.0 665.0 644.0 0.767639264291
1507 512818 2544 44687 256409.0 1820.0 22358.0 0.595723925116 128205.0 1495.0 10950.0 0.604104448975 64102.0 1158.0 5541.0 0.69260936849 32051.0 885.0 2731.0 0.752467578506 16026.0 689.0 1403.0 0.784718470587 8013.0 520.0 734.0 0.805799040854
1509 2331537 5827 150076 1165769.0 4435.0 75018.0 -0.0374186425882 582884.0 3658.0 37676.0 -0.0647001067599 291442.0 2756.0 18482.0 0.0535259761804 145721.0 2074.0 9280.0 0.118412169307 72861.0 1494.0 4665.0 0.307893409751 36430.0 1072.0 2395.0 0.436725434445
1510 503935 2233 127682 251968.0 1565.0 63926.0 0.521495404788 125984.0 1270.0 32225.0 0.539630977094 62992.0 1000.0 16194.0 0.573908644383 31496.0 820.0 8053.0 0.561401632038 15748.0 616.0 3959.0 0.629295818963 7874.0 463.0 2012.0 0.6599607774
1514 357075 1367 63479 178538.0 986.0 31718.0 0.663301739821 89269.0 823.0 15770.0 0.67335913508 44634.0 675.0 7829.0 0.685389027632 22317.0 538.0 4042.0 0.701387819895 11159.0 414.0 1924.0 0.734211437441 5579.0 333.0 956.0 0.683239501697
1609 674831 1360 144200 337416.0 1066.0 72121.0 0.195440341209 168708.0 923.0 35946.0 0.109242942079 84354.0 765.0 17903.0 0.0999988767106 42177.0 559.0 8957.0 0.198417119066 21088.0 400.0 4525.0 0.328099075406 10544.0 296.0 2235.0 0.450312214308
3634 476463 1870 40846 238232.0 1374.0 20417.0 0.376260075057 119116.0 1121.0 10109.0 0.401424923792 59558.0 867.0 5028.0 0.434779656338 29779.0 673.0 2588.0 0.511191313812 14889.0 498.0 1254.0 0.642434613246 7445.0 377.0 643.0 0.6959161104
3636 361015 2385 37315 180508.0 1737.0 18966.0 0.560640232806 90254.0 1444.0 9149.0 0.533416382679 45127.0 1130.0 4619.0 0.544189063051 22563.0 877.0 2286.0 0.564735039436 11282.0 657.0 1154.0 0.623888335933 5641.0 478.0 582.0 0.662837677056
3637 423588 2965 50081 211794.0 2072.0 25157.0 0.540375846811 105897.0 1691.0 12498.0 0.553172278258 52949.0 1312.0 6388.0 0.588306311598 26474.0 992.0 3082.0 0.663573336504 13237.0 761.0 1541.0 0.708821251204 6619.0 540.0 781.0 0.762314122073
4072 430261 315 327270 215131.0 194.0 164184.0 -1.76582674293 107565.0 152.0 81857.0 -1.70087988521 53783.0 112.0 41028.0 -1.49683199622 26891.0 79.0 20473.0 -1.20940374523 13446.0 51.0 10239.0 -0.629872137923 6723.0 43.0 5103.0 -0.530093634942
4076 385888 638 199516 192944.0 423.0 99554.0 -0.787742157605 96472.0 322.0 50042.0 -0.663442857697 48236.0 232.0 24937.0 -0.586327195766 24118.0 186.0 12409.0 -0.600161535554 12059.0 124.0 6248.0 -0.321792322253 6030.0 96.0 3099.0 -0.21548584288
4080 634645 255 597974 317323.0 170.0 298885.0 -1.11717736296 158661.0 118.0 149572.0 -0.706880602448 79331.0 95.0 74729.0 -0.601236781897 39665.0 75.0 37409.0 -0.435704722282 19833.0 57.0 18700.0 -0.329838399416 9916.0 41.0 9342.0 -0.144489982291
5534 737186 1433 188821 368593.0 1097.0 93813.0 0.345624518317 184297.0 918.0 47282.0 0.332682853592 92148.0 730.0 23502.0 0.366296143653 46074.0 591.0 11824.0 0.37303153947 23037.0 447.0 5934.0 0.451093983681 11519.0 340.0 2914.0 0.458614243913
5539 1014077 1397 160838 507039.0 1139.0 79834.0 0.528658044846 253519.0 966.0 40322.0 0.532344723004 126760.0 810.0 20031.0 0.549331044705 63380.0 644.0 9981.0 0.594960979752 31690.0 499.0 4988.0 0.660848242434 15845.0 399.0 2543.0 0.647310541258
5597 480139 257 436656 240070.0 168.0 218342.0 -1.48555543007 120035.0 126.0 109027.0 -1.16572312579 60017.0 100.0 54584.0 -1.14843851653 30009.0 75.0 27283.0 -0.912041673524 15004.0 49.0 13699.0 -0.323412658234 7502.0 42.0 6854.0 -0.526607923746
5601 633261 269 466121 316631.0 173.0 233053.0 -1.54148905692 158315.0 115.0 116288.0 -0.930014451219 79158.0 98.0 58185.0 -1.05786305412 39579.0 66.0 29169.0 -0.559653505309 19789.0 48.0 14565.0 -0.286957702256 9895.0 41.0 7302.0 -0.312525054409
5916 592686 379 366699 296343.0 263.0 183077.0 -0.686744906669 148172.0 199.0 91577.0 -0.449864909362 74086.0 152.0 45801.0 -0.262320673697 37043.0 123.0 22938.0 -0.144777186685 18521.0 86.0 11500.0 0.117894797485 9261.0 70.0 5746.0 0.180063358486
6101 484937 273 426418 242469.0 184.0 213439.0 -0.924405566918 121234.0 141.0 106595.0 -0.598455036787 60617.0 112.0 53297.0 -0.480671213273 30309.0 84.0 26647.0 -0.304176791549 15154.0 58.0 13299.0 -0.0120275388655 7577.0 44.0 6695.0 0.19333717258
6138 412950 1414 26902 206475.0 1139.0 13573.0 0.811773297056 103238.0 965.0 6683.0 0.824967234277 51619.0 824.0 3435.0 0.8265447505 25809.0 656.0 1770.0 0.879966228426 12905.0 533.0 841.0 0.90410702919 6452.0 425.0 455.0 0.903661627001
6147 810854 1688 125404 405427.0 1377.0 62443.0 0.635456358562 202714.0 1161.0 31151.0 0.639640866586 101357.0 948.0 15840.0 0.65021843775 50678.0 776.0 7811.0 0.664258512665 25339.0 621.0 3985.0 0.678589205844 12670.0 490.0 1955.0 0.694252985126
6691 673979 1782 282125 336990.0 1366.0 141209.0 0.685316259039 168495.0 1164.0 70297.0 0.684614032627 84247.0 955.0 35176.0 0.705392677892 42124.0 778.0 17552.0 0.713883710138 21062.0 612.0 8992.0 0.721864843367 10531.0 505.0 4358.0 0.688221164725
7169 352901 2589 43638 176451.0 1922.0 21587.0 0.649362370806 88225.0 1567.0 10914.0 0.661524704176 44113.0 1243.0 5338.0 0.703868518269 22056.0 972.0 2687.0 0.733282732951 11028.0 742.0 1360.0 0.756417815925 5514.0 528.0 668.0 0.807532053103
7170 343989 2567 18400 171995.0 1856.0 9135.0 0.647275669896 85997.0 1498.0 4582.0 0.682153005683 42999.0 1174.0 2264.0 0.711865776388 21499.0 915.0 1134.0 0.759727691401 10750.0 719.0 536.0 0.798624444785 5375.0 517.0 307.0 0.83137231842
7171 442656 3100 35067 221328.0 2224.0 17525.0 0.299307381945 110664.0 1743.0 8703.0 0.316094796289 55332.0 1286.0 4386.0 0.41967031747 27666.0 960.0 2210.0 0.48764203921 13833.0 657.0 1139.0 0.630216525253 6917.0 487.0 584.0 0.689965762803
7172 435176 2480 42840 217588.0 1761.0 21295.0 0.583777194349 108794.0 1443.0 10718.0 0.589093876987 54397.0 1128.0 5326.0 0.666231669701 27199.0 854.0 2627.0 0.736842378672 13599.0 679.0 1370.0 0.775684522885 6800.0 521.0 665.0 0.810420709512
7174 345116 2045 37751 172558.0 1444.0 18955.0 0.45334070592 86279.0 1175.0 9433.0 0.447469001356 43140.0 890.0 4786.0 0.536101607588 21570.0 669.0 2328.0 0.607608991316 10785.0 494.0 1160.0 0.696563114187 5392.0 377.0 623.0 0.741679025946
7176 555677 3004 71284 277839.0 2063.0 35622.0 0.107144618822 138919.0 1645.0 17760.0 0.113232987559 69460.0 1222.0 9011.0 0.232261684659 34730.0 884.0 4444.0 0.378371373607 17365.0 657.0 2223.0 0.45754791768 8682.0 446.0 1121.0 0.627837031456
7177 482634 2933 44000 241317.0 2069.0 21850.0 0.458142127694 120659.0 1595.0 10994.0 0.53270666224 60329.0 1260.0 5443.0 0.562154958018 30165.0 969.0 2777.0 0.618266869444 15082.0 724.0 1351.0 0.678054602538 7541.0 543.0 677.0 0.723427002448
7706 365309 2378 25845 182655.0 1626.0 13016.0 0.443497389296 91327.0 1315.0 6540.0 0.461655855132 45664.0 963.0 3219.0 0.569848184236 22832.0 733.0 1625.0 0.672779049116 11416.0 555.0 841.0 0.730149811855 5708.0 408.0 406.0 0.790674151933
7708 464314 2541 32410 232157.0 1887.0 16022.0 0.644634875594 116079.0 1524.0 8030.0 0.686751407714 58039.0 1212.0 3975.0 0.715568444013 29020.0 956.0 2010.0 0.746876568594 14510.0 747.0 1006.0 0.782529981353 7255.0 542.0 500.0 0.814597646125
7710 615558 2814 54813 307779.0 1982.0 27186.0 0.22482265376 153890.0 1592.0 13629.0 0.248331499701 76945.0 1231.0 6659.0 0.294765654979 38472.0 940.0 3369.0 0.32975724408 19236.0 648.0 1722.0 0.535106633623 9618.0 481.0 875.0 0.547332063116
7711 899671 1987 129185 449836.0 1440.0 65037.0 0.413990728118 224918.0 1158.0 32523.0 0.474510818055 112459.0 932.0 16052.0 0.514787480636 56229.0 714.0 8120.0 0.600552952091 28115.0 565.0 3980.0 0.65115083402 14057.0 466.0 2012.0 0.642945252215
7712 438397 2898 51307 219199.0 2019.0 25573.0 0.227538309955 109599.0 1555.0 12867.0 0.296593887104 54800.0 1194.0 6459.0 0.346661844938 27400.0 890.0 3247.0 0.455722342056 13700.0 610.0 1574.0 0.632537371605 6850.0 445.0 819.0 0.715364614379
7713 511272 3010 41044 255636.0 2109.0 20336.0 0.192018677245 127818.0 1630.0 10310.0 0.258995878129 63909.0 1255.0 5131.0 0.305772380862 31955.0 904.0 2649.0 0.449813672855 15977.0 651.0 1242.0 0.532336949429 7989.0 459.0 652.0 0.679368895953
7714 426958 1829 39248 213479.0 1316.0 19708.0 0.628974723754 106740.0 1114.0 9567.0 0.611548425049 53370.0 899.0 4849.0 0.627204894973 26685.0 692.0 2402.0 0.666619586882 13342.0 546.0 1161.0 0.679068788212 6671.0 438.0 611.0 0.651012361431
7715 420144 4586 30421 210072.0 3498.0 15026.0 0.37934227052 105036.0 2776.0 7610.0 0.335485224053 52518.0 2093.0 3779.0 0.356248156516 26259.0 1515.0 1931.0 0.409921232871 13130.0 1079.0 975.0 0.490405106696 6565.0 707.0 424.0 0.618574752117
7977 399919 3733 15017 199960.0 2897.0 7520.0 0.940398259075 99980.0 2428.0 3752.0 0.948638229026 49990.0 2090.0 1863.0 0.936682163968 24995.0 1681.0 902.0 0.937665824814 12497.0 1347.0 479.0 0.929636584668 6249.0 1055.0 250.0 0.908624986953
8220 491478 1848 31957 245739.0 1308.0 16038.0 0.44123613877 122870.0 1064.0 7902.0 0.460621283318 61435.0 814.0 3924.0 0.555588819179 30717.0 634.0 2047.0 0.610671751375 15359.0 467.0 1018.0 0.717853740568 7679.0 363.0 506.0 0.757576454428
8222 373441 1635 31474 186721.0 1131.0 15688.0 0.353832499648 93360.0 899.0 8019.0 0.407227915879 46680.0 710.0 3975.0 0.460028875431 23340.0 536.0 1923.0 0.579925055658 11670.0 391.0 1004.0 0.681611918974 5835.0 303.0 477.0 0.725812097013
8223 544263 2063 48005 272132.0 1485.0 24160.0 0.578154462016 136066.0 1236.0 11894.0 0.596480815337 68033.0 973.0 6106.0 0.674660017175 34016.0 743.0 2977.0 0.757867959805 17008.0 598.0 1501.0 0.775959760375 8504.0 462.0 723.0 0.808950709626
8224 464023 2301 40191 232012.0 1595.0 20136.0 0.337040895269 116006.0 1260.0 10071.0 0.392261568281 58003.0 987.0 4881.0 0.432084490349 29001.0 725.0 2447.0 0.578459709023 14501.0 534.0 1224.0 0.670735760398 7250.0 387.0 663.0 0.699272813444
8226 398401 1947 45071 199201.0 1436.0 22378.0 0.718059156003 99600.0 1201.0 11325.0 0.714356926579 49800.0 1000.0 5609.0 0.688422442182 24900.0 804.0 2803.0 0.672465402489 12450.0 620.0 1471.0 0.649820512894 6225.0 495.0 721.0 0.652227202677
8228 527109 2546 41589 263555.0 1896.0 20963.0 0.420850911049 131777.0 1525.0 10445.0 0.424555183096 65889.0 1212.0 5201.0 0.429029272082 32944.0 937.0 2565.0 0.453998877541 16472.0 682.0 1277.0 0.579550022506 8236.0 501.0 654.0 0.663196394036
8229 427544 1490 51519 213772.0 1081.0 25621.0 0.446730108634 106886.0 859.0 12997.0 0.488049465605 53443.0 685.0 6528.0 0.560503259616 26722.0 539.0 3213.0 0.625114611524 13361.0 391.0 1560.0 0.726331580477 6680.0 306.0 807.0 0.804816134082
8538 656058 3078 190470 328029.0 2084.0 95298.0 -0.183760828752 164015.0 1653.0 47358.0 -0.19757542147 82007.0 1206.0 23640.0 -0.0771962157577 41004.0 903.0 12037.0 -0.0955773866961 20502.0 646.0 5950.0 0.0397567276825 10251.0 456.0 2943.0 0.0749396907369
8727 437546 996 286529 218773.0 679.0 143113.0 -1.08467891672 109387.0 550.0 71727.0 -1.25475163167 54693.0 384.0 35832.0 -0.960512133345 27347.0 291.0 17825.0 -0.916455908608 13673.0 192.0 8992.0 -0.54458007627 6837.0 134.0 4392.0 -0.203860843963
8730 422074 2715 41905 211037.0 1922.0 20782.0 0.641496220115 105519.0 1602.0 10465.0 0.63833072321 52759.0 1275.0 5238.0 0.688297376953 26380.0 968.0 2657.0 0.738062590493 13190.0 750.0 1287.0 0.768989339582 6595.0 542.0 647.0 0.811544852355
8731 385400 2639 41887 192700.0 1852.0 20923.0 0.521443938924 96350.0 1496.0 10541.0 0.563698000233 48175.0 1157.0 5256.0 0.630824733158 24088.0 881.0 2623.0 0.683651589167 12044.0 677.0 1266.0 0.718422259193 6022.0 493.0 628.0 0.787134040736
8732 555141 3070 51957 277571.0 2278.0 25983.0 0.494518281921 138785.0 1780.0 12996.0 0.54930226362 69393.0 1399.0 6385.0 0.600006030818 34696.0 1071.0 3225.0 0.674916918641 17348.0 799.0 1658.0 0.732133300861 8674.0 623.0 824.0 0.786855351212
8734 499510 2952 47553 249755.0 2162.0 24062.0 0.570654509873 124878.0 1738.0 11862.0 0.612195253165 62439.0 1340.0 5947.0 0.674549161979 31219.0 1053.0 3041.0 0.715547428573 15610.0 778.0 1493.0 0.775913124504 7805.0 593.0 740.0 0.828444769998
8735 386494 1952 30523 193247.0 1409.0 15160.0 0.56307036 96624.0 1115.0 7580.0 0.612798327776 48312.0 876.0 3918.0 0.653975031346 24156.0 677.0 1879.0 0.738462411662 12078.0 527.0 975.0 0.759198180153 6039.0 384.0 505.0 0.836305575027
8737 458254 2885 49531 229127.0 2132.0 24750.0 0.625582041316 114564.0 1767.0 12348.0 0.628770877813 57282.0 1391.0 6138.0 0.675008474935 28641.0 1060.0 3235.0 0.73386531276 14320.0 826.0 1508.0 0.731165603344 7160.0 613.0 783.0 0.803089656366
9115 591548 1664 47131 295774.0 1335.0 23348.0 0.817848385562 147887.0 1134.0 11834.0 0.827309634333 73944.0 954.0 5875.0 0.834298192061 36972.0 791.0 3013.0 0.854176349214 18486.0 644.0 1471.0 0.887741548926 9243.0 497.0 737.0 0.917523659993
9219 536579 1258 89870 268290.0 898.0 44877.0 0.249352962869 134145.0 741.0 22405.0 0.25876307719 67072.0 579.0 11260.0 0.313263886726 33536.0 417.0 5501.0 0.503110201214 16768.0 331.0 2807.0 0.575927682993 8384.0 247.0 1387.0 0.614544724844
9226 580195 1480 50375 290098.0 1096.0 24927.0 0.37369064271 145049.0 879.0 12653.0 0.433408739078 72524.0 684.0 6098.0 0.527896260322 36262.0 513.0 3224.0 0.607347312584 18131.0 411.0 1570.0 0.662685090279 9066.0 303.0 789.0 0.781513561449
10864 836292 1012 103374 418146.0 831.0 51206.0 0.93852113402 209073.0 719.0 25991.0 0.957426314682 104537.0 649.0 12965.0 0.953321673726 52268.0 553.0 6545.0 0.960329868634 26134.0 486.0 3240.0 0.953077242736 13067.0 422.0 1635.0 0.935369633374
10895 351476 4833 29200 175738.0 3884.0 14614.0 0.947854698957 87869.0 3365.0 7272.0 0.932131469541 43935.0 2780.0 3683.0 0.925183263297 21967.0 2178.0 1779.0 0.916461267853 10984.0 1735.0 934.0 0.899603380023 5492.0 1282.0 450.0 0.878010460845
10913 509756 2628 80265 254878.0 1909.0 40134.0 0.562261171484 127439.0 1527.0 19953.0 0.59656113843 63720.0 1194.0 10064.0 0.662480091399 31860.0 941.0 4950.0 0.67978144757 15930.0 731.0 2509.0 0.711139879828 7965.0 541.0 1264.0 0.742717624471
10916 366936 2715 29636 183468.0 1877.0 14877.0 0.33404673332 91734.0 1481.0 7486.0 0.352244533256 45867.0 1115.0 3786.0 0.447880764591 22934.0 823.0 1845.0 0.516941102149 11467.0 604.0 905.0 0.605150613965 5733.0 436.0 461.0 0.723717944189
10918 408901 1499 34802 204451.0 1093.0 17455.0 0.485286056179 102225.0 896.0 8793.0 0.502777608252 51113.0 733.0 4283.0 0.514445827958 25556.0 532.0 2131.0 0.65022645487 12778.0 419.0 1115.0 0.697087745099 6389.0 302.0 533.0 0.767486311171
10922 376444 1908 66581 188222.0 1416.0 33180.0 0.502425617537 94111.0 1141.0 16593.0 0.52820281881 47056.0 906.0 8324.0 0.519047556412 23528.0 722.0 4118.0 0.543916233963 11764.0 532.0 2117.0 0.573494075781 5882.0 387.0 1052.0 0.600986730887
11914 377408 2499 31967 188704.0 1777.0 15704.0 0.527706855968 94352.0 1418.0 8039.0 0.574172088078 47176.0 1084.0 3981.0 0.654056741201 23588.0 833.0 2011.0 0.70279216924 11794.0 615.0 1080.0 0.785143325824 5897.0 463.0 531.0 0.839391620002
12207 369287 4362 50806 184644.0 3437.0 25364.0 0.905396399175 92322.0 2992.0 12531.0 0.881650570499 46161.0 2437.0 6449.0 0.865724824334 23080.0 1945.0 3203.0 0.862221764298 11540.0 1487.0 1597.0 0.842146807909 5770.0 1105.0 785.0 0.826337773547
12386 724695 1723 61773 362348.0 1333.0 30902.0 0.763787184213 181174.0 1127.0 15473.0 0.781794603474 90587.0 926.0 7691.0 0.811998507817 45293.0 768.0 3914.0 0.841864584443 22647.0 620.0 1956.0 0.879481723467 11323.0 487.0 915.0 0.900073133384
12387 796640 1650 127546 398320.0 1349.0 64153.0 0.773785615547 199160.0 1144.0 31886.0 0.787947637808 99580.0 979.0 15930.0 0.797576681588 49790.0 815.0 8015.0 0.814810095734 24895.0 640.0 4063.0 0.860686054358 12448.0 517.0 2018.0 0.876632832786
12397 565987 632 107815 282994.0 523.0 53879.0 0.911832840338 141497.0 466.0 27080.0 0.905457778301 70748.0 423.0 13593.0 0.877403952857 35374.0 368.0 6625.0 0.875208840932 17687.0 317.0 3315.0 0.864526025312 8844.0 268.0 1658.0 0.86303204946
12922 544330 255 435269 272165.0 171.0 217665.0 -0.638770529737 136083.0 129.0 108939.0 -0.37493417623 68041.0 101.0 54515.0 -0.286214061463 34021.0 80.0 27315.0 -0.190788233875 17010.0 57.0 13670.0 -0.0749359773205 8505.0 49.0 6824.0 -0.00388745112667
13439 338190 328 314345 169095.0 206.0 157013.0 -2.10904128627 84548.0 148.0 78525.0 -1.70888087455 42274.0 98.0 39279.0 -1.30424040997 21137.0 78.0 19678.0 -1.25810583808 10568.0 53.0 9797.0 -0.872449113501 5284.0 38.0 4890.0 -0.406965470764
13642 466481 5085 62678 233241.0 4117.0 31598.0 0.904443864035 116620.0 3519.0 15695.0 0.881123188591 58310.0 2898.0 7900.0 0.865543994771 29155.0 2310.0 3965.0 0.840208652993 14578.0 1793.0 1975.0 0.819651831257 7289.0 1297.0 987.0 0.787419253237
13808 619821 612 276055 309911.0 498.0 137778.0 0.866271542791 154955.0 454.0 69038.0 0.841173967236 77478.0 401.0 34468.0 0.819377434635 38739.0 342.0 17311.0 0.799110882357 19369.0 298.0 8654.0 0.788381815548 9685.0 242.0 4266.0 0.794538722435
13881 731519 5881 93473 365760.0 4843.0 46562.0 0.900833345561 182880.0 4252.0 23442.0 0.866397017044 91440.0 3581.0 11584.0 0.848549903148 45720.0 2910.0 5834.0 0.819476587953 22860.0 2238.0 2973.0 0.791981932124 11430.0 1735.0 1473.0 0.75092975594
14905 415022 1243 103919 207511.0 1055.0 52246.0 0.604941429101 103756.0 941.0 25878.0 0.527520839516 51878.0 783.0 13042.0 0.475559736385 25939.0 638.0 6484.0 0.426288494424 12969.0 480.0 3197.0 0.456848903452 6485.0 360.0 1592.0 0.535659442602
