1512 81949.0 266 18715 40975.0 166.44 9357.22 0.112550765942 20487.0 125.94 4669.81 0.274652757636 10244.0 93.81 2340.51 0.434177612346 5122.0 69.98 1170.57 0.580761266373 2561.0 53.44 581.52 0.674571681783 1280.0 40.04 295.22 0.769828717505
4435 73403.0 307 11544 36702.0 194.79 5781.55 0.258511258061 18351.0 147.32 2886.1 0.420989522181 9175.0 106.56 1443.52 0.612052056642 4588.0 80.31 717.66 0.749424988417 2294.0 60.92 360.91 0.855326061106 1147.0 46.87 183.23 0.920354974892
4418 49765.0 136 34108 24883.0 107.26 17062.05 -0.208065605948 12441.0 89.94 8521.99 -0.312315880112 6221.0 69.41 4272.73 -0.319411454734 3110.0 51.61 2127.43 -0.232243532915 1555.0 36.63 1061.85 -0.0693719738497 778.0 24.94 531.78 0.155588088765
433 39619.0 392 9024 19810.0 246.97 4504.35 0.265761609831 9905.0 188.81 2259.05 0.320298826559 4952.0 140.17 1128.65 0.403006232913 2476.0 101.13 564.16 0.49724116664 1238.0 73.38 283.18 0.580485644991 619.0 52.79 143.95 0.640498474799
3769 38938.0 234 27818 19469.0 155.78 13912.0 0.167101261968 9735.0 120.89 6954.78 0.193963061555 4867.0 91.52 3478.22 0.228491807886 2434.0 69.51 1739.13 0.243931776739 1217.0 50.71 867.23 0.318778036779 608.0 35.47 435.52 0.425047806994
3117 34971.0 280 9472 17486.0 174.8 4743.5 0.155389206096 8743.0 129.93 2366.84 0.291015016319 4371.0 94.1 1182.74 0.453473962635 2186.0 67.32 592.23 0.607417930746 1093.0 49.67 294.82 0.708937512304 546.0 35.9 150.02 0.810544058212
3550 34662.0 112 14720 17331.0 87.4 7357.39 0.686787270002 8666.0 73.02 3680.3 0.706710535896 4333.0 59.17 1841.12 0.755383319491 2166.0 46.47 923.37 0.815597785342 1083.0 37.13 459.13 0.847405004328 542.0 28.76 232.04 0.883648995599
1541 33940.0 226 9331 16970.0 161.45 4657.79 0.779030294703 8485.0 130.78 2334.33 0.820880577948 4243.0 104.6 1169.2 0.861102963413 2121.0 82.89 585.97 0.897804735 1061.0 66.78 293.75 0.905707013305 530.0 52.45 145.35 0.914175522953
452 27825.0 220 4176 13913.0 138.35 2092.0 0.735084585774 6956.0 107.53 1046.74 0.827551111352 3478.0 83.27 519.77 0.911940123717 1739.0 66.78 262.14 0.954023417 870.0 54.03 130.6 0.967906221731 435.0 43.89 65.39 0.964205912098
3225 27570.0 178 7062 13785.0 115.8 3527.4 0.705709913357 6893.0 89.24 1767.04 0.811752370874 3446.0 69.82 880.25 0.88833097764 1723.0 55.82 442.63 0.937864969266 862.0 45.75 221.36 0.949990946969 431.0 36.88 110.63 0.955547546817
4318 27417.0 334 5169 13709.0 199.33 2585.67 0.449598601484 6854.0 146.27 1295.68 0.596763407945 3427.0 109.0 642.99 0.720400257605 1714.0 80.39 320.46 0.823567375762 857.0 60.7 161.28 0.882696948241 428.0 46.1 80.7 0.913513893575
3901 26648.0 250 4329 13324.0 158.76 2175.63 0.765834045151 6662.0 124.76 1091.91 0.842060520578 3331.0 98.48 547.08 0.900499280535 1666.0 78.12 275.93 0.933398338102 833.0 63.27 140.56 0.941410488789 416.0 49.98 71.58 0.941584327309
2217 25582.0 168 3613 12791.0 121.59 1804.57 0.857455333193 6396.0 100.39 907.34 0.889421330542 3198.0 81.93 449.23 0.925649679358 1599.0 65.77 225.1 0.953152995175 799.0 53.38 112.97 0.963877326182 400.0 43.17 58.13 0.965349200828
534 23131.0 181 4480 11566.0 134.37 2236.13 0.918935706692 5783.0 113.26 1119.98 0.931332191041 2891.0 94.21 561.63 0.938092763976 1446.0 77.73 281.85 0.940435117847 723.0 62.62 137.89 0.947140820222 361.0 49.47 69.67 0.940313277824
587 22466.0 262 2870 11233.0 168.52 1435.08 0.79886130534 5617.0 132.02 718.94 0.871688871806 2808.0 103.78 356.53 0.928228896554 1404.0 81.91 179.24 0.962379125392 702.0 66.03 89.48 0.969079500907 351.0 53.58 44.97 0.964784659591
1475 22425.0 58 11092 11213.0 45.15 5543.74 0.708043929436 5606.0 39.09 2769.89 0.694788971429 2803.0 31.61 1385.41 0.741175235978 1402.0 26.35 692.61 0.748059104729 701.0 20.06 348.36 0.834116480813 350.0 15.74 173.18 0.877460445758
1560 22386.0 54 7592 11193.0 40.95 3795.43 0.920706820087 5597.0 34.9 1897.43 0.942049397424 2798.0 29.76 948.96 0.957290088116 1399.0 25.21 477.08 0.96723765937 700.0 21.5 237.25 0.961973847339 350.0 18.36 117.74 0.948628255172
835 22191.0 126 13219 11096.0 104.35 6593.3 0.806083775459 5548.0 89.08 3300.11 0.786007224588 2774.0 74.49 1647.56 0.77287692342 1387.0 59.51 826.74 0.763500565767 693.0 46.58 412.11 0.764995129902 347.0 35.03 207.18 0.749383734983
1889 22150.0 129 6791 11075.0 90.24 3391.89 0.87173716532 5538.0 74.56 1692.82 0.908278333728 2769.0 62.03 855.11 0.931024523024 1384.0 51.08 425.53 0.944662479706 692.0 42.31 210.39 0.94593290116 346.0 33.75 105.43 0.949446930725
2294 20647.0 198 6897 10324.0 129.18 3448.75 0.166239074437 5162.0 97.08 1721.36 0.24187836952 2581.0 70.79 866.64 0.353824166095 1290.0 51.09 430.13 0.475405968205 645.0 36.47 216.02 0.574189964219 323.0 25.39 108.14 0.695398489651
1141 20613.0 81 18751 10307.0 63.96 9370.45 -0.274654634461 5153.0 51.72 4687.29 -0.408335868944 2577.0 39.46 2343.57 -0.444438016761 1288.0 28.62 1173.45 -0.439712023587 644.0 21.18 585.36 -0.346304582032 322.0 14.26 292.61 -0.124625238741
3782 20535.0 390 12144 10268.0 301.38 6073.03 0.421195042885 5134.0 244.88 3040.86 0.278560736959 2567.0 185.18 1516.65 0.163672826438 1283.0 130.75 758.29 0.0928750731892 642.0 86.49 383.4 0.0931924972899 321.0 55.02 191.15 0.158045754561
455 20263.0 206 4133 10132.0 144.91 2072.01 0.933418669016 5066.0 120.63 1034.14 0.957754727293 2533.0 99.86 514.95 0.97115234409 1266.0 81.98 259.15 0.97726029883 633.0 67.67 128.49 0.973516963243 317.0 53.81 64.81 0.961217984219
4271 20178.0 197 2117 10089.0 134.16 1060.3 0.912656842694 5045.0 110.08 532.06 0.947333192251 2522.0 89.84 266.84 0.968719540607 1261.0 74.92 133.5 0.974147335802 631.0 61.24 67.09 0.970175906628 315.0 49.02 34.12 0.958306764557
1700 20170.0 347 3375 10085.0 221.02 1688.27 0.678940322211 5043.0 167.26 846.19 0.766751553385 2521.0 125.69 421.25 0.847403915183 1261.0 95.13 212.83 0.900340646804 630.0 74.06 106.75 0.912616823241 315.0 56.32 53.79 0.909782740185
1336 19814.0 226 2893 9907.0 154.89 1445.07 0.823817332689 4954.0 123.15 720.56 0.879354351774 2477.0 97.3 361.83 0.925083174628 1238.0 77.23 179.75 0.945620075895 619.0 62.01 90.0 0.957871449879 310.0 49.02 45.67 0.955914051429
1287 19462.0 90 7633 9731.0 64.82 3818.33 0.456180666025 4866.0 50.98 1911.87 0.545525493046 2433.0 38.15 952.67 0.676655508575 1216.0 28.21 474.39 0.808834856102 608.0 20.69 238.33 0.914749712432 304.0 16.3 120.56 0.940702789634
3996 19229.0 164 2409 9615.0 114.67 1201.38 0.820811057819 4807.0 93.67 601.88 0.857039415897 2404.0 73.22 303.83 0.914152836798 1202.0 57.8 152.93 0.949859404433 601.0 47.1 75.97 0.964678952162 300.0 36.65 40.68 0.948425902725
3531 19097.0 322 2282 9549.0 204.0 1141.47 0.650093316271 4774.0 153.46 570.38 0.738189041333 2387.0 114.58 283.59 0.834753202659 1194.0 85.72 141.74 0.901493144403 597.0 64.63 69.93 0.947322847702 298.0 49.62 34.91 0.958244091358
431 18992.0 98 16931 9496.0 70.93 8460.1 -0.201405438828 4748.0 56.62 4233.49 -0.285555773939 2374.0 42.04 2117.44 -0.268722487005 1187.0 30.22 1059.23 -0.190026872107 594.0 21.77 529.89 -0.0963273596491 297.0 15.09 263.71 0.0626676732218
3564 18895.0 617 4046 9448.0 364.71 2029.52 0.487645217901 4724.0 267.54 1009.0 0.555390619901 2362.0 189.38 504.91 0.648138014247 1181.0 135.06 252.6 0.714708186062 590.0 93.85 127.62 0.770991804064 295.0 64.36 62.8 0.832398916445
2951 18792.0 229 6023 9396.0 152.71 3007.3 0.500785492098 4698.0 119.25 1512.83 0.517052636641 2349.0 90.6 754.36 0.556322284057 1175.0 66.99 377.12 0.612390076493 587.0 47.63 190.13 0.69728533611 294.0 34.02 94.33 0.801589795425
4232 18752.0 141 3146 9376.0 92.33 1572.55 0.745157015582 4688.0 73.19 792.02 0.816048775364 2344.0 58.2 392.94 0.867767163826 1172.0 44.87 195.73 0.931651129527 586.0 36.09 97.57 0.947207001557 293.0 29.2 50.43 0.947196958075
2938 18716.0 334 4249 9358.0 210.12 2122.03 0.617685977954 4679.0 159.53 1066.17 0.687848049885 2340.0 119.89 529.51 0.763072564664 1170.0 87.68 268.56 0.826632729893 585.0 66.75 131.62 0.854469592985 292.0 48.78 65.82 0.874475378636
2265 18487.0 112 3139 9244.0 83.58 1570.23 0.949705016997 4622.0 70.87 787.17 0.963883670814 2311.0 59.51 392.75 0.976575477711 1155.0 50.91 195.65 0.971272091904 578.0 43.9 97.71 0.967825636658 289.0 35.6 50.22 0.957219209234
3360 18369.0 142 3202 9185.0 91.78 1602.64 0.699509805153 4592.0 70.52 804.47 0.802806688057 2296.0 55.0 401.77 0.879856201328 1148.0 42.98 200.22 0.933108673735 574.0 34.31 99.36 0.957710310057 287.0 27.58 49.93 0.953406895689
4387 18361.0 126 3526 9181.0 88.08 1763.74 0.841817211847 4590.0 71.73 886.93 0.887669160667 2295.0 58.1 439.51 0.924770694317 1148.0 46.91 219.52 0.952198136965 574.0 37.96 109.88 0.963006981715 287.0 30.95 55.82 0.950409798897
2299 18312.0 497 2235 9156.0 318.42 1126.16 0.736749589438 4578.0 243.88 566.38 0.778190177913 2289.0 185.27 284.51 0.812322789186 1145.0 136.58 144.14 0.847822658043 572.0 98.66 73.81 0.869345205172 286.0 71.13 38.06 0.887331864405
4482 18062.0 143 10153 9031.0 96.59 5081.91 0.371259500222 4516.0 76.46 2541.87 0.38571459097 2258.0 58.31 1270.93 0.432874401683 1129.0 43.14 636.47 0.521967334611 564.0 31.03 318.21 0.617120287507 282.0 22.65 158.67 0.707121954964
1528 17934.0 686 1449 8967.0 404.1 727.51 0.380287488721 4484.0 291.24 370.42 0.441973171412 2242.0 199.82 187.7 0.547160341214 1121.0 137.6 97.63 0.6590807589 560.0 92.24 51.09 0.754201942811 280.0 62.03 27.12 0.844511124315
3321 17715.0 194 3823 8858.0 138.68 1917.85 0.95576554376 4429.0 115.37 957.56 0.973560807202 2214.0 97.75 477.68 0.978504178616 1107.0 81.18 239.5 0.976670581095 554.0 67.04 118.98 0.971462058734 277.0 53.36 59.72 0.958308786032
1685 17554.0 81 15029 8777.0 59.48 7517.33 -0.149457736034 4389.0 47.56 3758.7 -0.218336514367 2194.0 36.59 1881.51 -0.213070810401 1097.0 26.22 939.16 -0.108635395364 549.0 18.44 469.82 0.0538164095994 274.0 13.01 233.88 0.212726008216
4157 17546.0 116 7162 8773.0 81.84 3581.54 0.659946889698 4387.0 66.47 1793.91 0.680895031279 2193.0 52.65 896.9 0.708917442924 1097.0 41.58 448.17 0.73736546373 548.0 31.4 224.99 0.783153082233 274.0 23.22 111.3 0.847222916559
92 17266.0 224 2446 8633.0 148.07 1224.32 0.781391504126 4317.0 116.0 614.5 0.84132314871 2158.0 89.94 309.08 0.900149838033 1079.0 71.5 156.2 0.931157476604 540.0 54.82 79.33 0.955996841024 270.0 42.66 40.56 0.956335572797
2855 16928.0 170 3722 8464.0 109.61 1863.79 0.750071106296 4232.0 85.82 926.31 0.827539603844 2116.0 66.69 462.59 0.896930576203 1058.0 52.41 232.44 0.938900942383 529.0 41.41 116.31 0.959176516316 265.0 33.36 58.3 0.95610328947
864 16711.0 350 6965 8356.0 209.71 3490.83 0.533934854388 4178.0 158.01 1741.48 0.601685900215 2089.0 116.68 872.14 0.680724677441 1044.0 85.73 433.34 0.732528647202 522.0 62.83 218.39 0.749127950271 261.0 44.62 107.77 0.762686548202
1710 16497.0 87 7148 8249.0 56.34 3577.8 0.56904432065 4124.0 43.16 1789.85 0.691849483518 2062.0 32.71 890.25 0.811101361106 1031.0 25.82 444.37 0.880846553626 516.0 20.7 223.27 0.897736518844 258.0 16.74 111.89 0.906865290487
1277 16251.0 154 4658 8126.0 126.29 2333.05 0.750023898144 4063.0 108.05 1164.08 0.704730877827 2031.0 88.23 583.65 0.674645015334 1016.0 68.05 290.17 0.670085166318 508.0 49.75 146.57 0.706538912919 254.0 34.96 73.65 0.754874240289
1299 16170.0 91 10183 8085.0 67.17 5095.99 0.557660468406 4043.0 54.05 2545.57 0.591866822665 2021.0 42.15 1275.76 0.654982981398 1011.0 32.23 637.84 0.719333203994 505.0 24.5 317.54 0.790536038617 253.0 18.5 157.84 0.825183350043
1533 15954.0 127 3101 7977.0 86.15 1554.29 0.825794135405 3989.0 69.52 774.96 0.877278398741 1994.0 55.06 388.84 0.926415511773 997.0 44.94 193.74 0.951516386701 499.0 36.24 98.7 0.95376664025 249.0 29.13 49.38 0.949747235822
2772 15908.0 324 5819 7954.0 199.74 2903.41 0.457535260193 3977.0 148.53 1457.98 0.542126177829 1989.0 107.55 727.7 0.643238926228 994.0 77.06 360.67 0.741101740003 497.0 54.68 183.1 0.814866311072 249.0 39.87 92.11 0.846459058309
988 15885.0 214 4271 7943.0 133.15 2136.67 0.368502359565 3971.0 99.34 1069.93 0.462708127252 1986.0 71.83 535.21 0.595560174351 993.0 51.36 267.17 0.728864342357 496.0 37.08 133.46 0.825018646262 248.0 27.52 65.39 0.885670839743
4327 15738.0 195 1975 7869.0 138.59 987.6 0.821811974258 3935.0 111.94 494.32 0.843093651565 1967.0 90.15 247.54 0.861822810965 984.0 70.33 125.86 0.88473613914 492.0 53.92 63.43 0.892193962685 246.0 41.23 33.4 0.908333477706
4174 15512.0 118 3596 7756.0 94.5 1799.17 0.92187474354 3878.0 80.56 899.78 0.926078490816 1939.0 66.28 450.12 0.943672564136 970.0 53.96 226.29 0.958658931816 485.0 43.31 113.33 0.961743403472 242.0 34.62 56.28 0.95472133856
525 15442.0 99 11042 7721.0 70.06 5524.02 0.0917349777608 3861.0 55.33 2764.63 0.109634941519 1930.0 40.63 1378.68 0.24378099866 965.0 28.29 690.74 0.416095248856 483.0 20.45 346.39 0.538048752413 241.0 14.57 172.22 0.671376930486
4010 15375.0 254 4164 7688.0 183.15 2088.58 0.939536860744 3844.0 152.89 1036.89 0.943524618587 1922.0 123.84 524.33 0.949746552789 961.0 99.69 260.69 0.946803750406 480.0 78.82 129.17 0.927075918488 240.0 60.1 65.28 0.89743598604
1814 15359.0 136 2338 7680.0 83.37 1169.11 0.785013466061 3840.0 65.7 584.01 0.866807066606 1920.0 50.74 290.53 0.938854107665 960.0 40.71 145.84 0.95935149921 480.0 34.0 73.74 0.952753891655 240.0 27.93 37.75 0.926781959236
731 15235.0 100 2354 7618.0 85.16 1181.73 0.989059777876 3809.0 76.48 585.03 0.986971786471 1904.0 66.8 292.1 0.983295091333 952.0 57.2 147.38 0.977310985607 476.0 47.94 72.75 0.967452551673 238.0 39.92 36.38 0.948283143048
3744 14615.0 154 3377 7308.0 113.95 1688.62 0.895869910238 3654.0 94.67 843.14 0.913196469755 1827.0 76.71 423.07 0.933984508975 913.0 61.09 210.15 0.951531176969 457.0 48.65 103.98 0.957541836845 228.0 38.31 53.7 0.953100747144
68 14603.0 174 3001 7302.0 125.44 1499.22 0.886900107583 3651.0 104.18 753.26 0.893961930237 1825.0 85.3 376.96 0.897246453753 913.0 67.75 190.03 0.907055815816 456.0 52.7 96.19 0.909940506748 228.0 40.6 48.29 0.898364209178
4466 14563.0 98 3082 7282.0 64.15 1544.42 0.664909013574 3641.0 50.11 770.47 0.750650479679 1820.0 37.97 383.35 0.847542880567 910.0 29.58 193.52 0.906787184005 455.0 23.4 96.88 0.933309117976 228.0 18.83 49.44 0.925538113049
1436 14441.0 65 6388 7221.0 45.18 3191.49 0.387509647808 3610.0 35.02 1597.59 0.487379774755 1805.0 25.78 797.16 0.643921825858 903.0 18.8 399.12 0.797599163913 451.0 14.11 199.46 0.896940303466 226.0 11.74 99.49 0.935596228982
316 14342.0 139 3772 7171.0 99.28 1881.27 0.943967152639 3586.0 83.76 941.46 0.955471772253 1793.0 70.16 472.84 0.965278339272 896.0 57.81 235.66 0.966362464585 448.0 47.98 117.96 0.959524471045 224.0 36.98 59.69 0.953688011679
2188 14314.0 413 1982 7157.0 247.77 1000.54 0.32773144485 3579.0 179.84 508.77 0.399531112357 1789.0 126.2 256.95 0.514337381876 895.0 84.77 131.75 0.65401471733 447.0 58.21 67.26 0.785439326258 224.0 40.31 35.27 0.856468195109
1216 14154.0 106 7506 7077.0 83.03 3750.28 0.555011519979 3539.0 67.64 1875.47 0.55386768917 1769.0 52.59 939.18 0.591433912893 885.0 39.05 469.59 0.657358028923 442.0 29.05 235.43 0.709408670397 221.0 21.12 116.67 0.758226770504
2006 14069.0 50 8936 7035.0 34.69 4466.9 0.670913573245 3517.0 27.72 2233.62 0.727054055728 1759.0 22.74 1119.67 0.744619320638 879.0 18.97 556.27 0.742474027854 440.0 14.98 282.18 0.731880672787 220.0 12.29 139.98 0.743428754427
3427 14054.0 95 2689 7027.0 69.86 1338.96 0.916534550317 3514.0 58.8 670.45 0.935167362115 1757.0 48.26 335.31 0.953911720009 878.0 40.73 166.54 0.962212750217 439.0 33.16 83.75 0.960917493024 220.0 26.77 43.57 0.95779595484
2075 13975.0 85 3239 6988.0 63.12 1618.06 0.877215807345 3494.0 53.11 812.15 0.891928018952 1747.0 43.23 403.44 0.919714677021 873.0 35.18 203.94 0.937323257238 437.0 28.0 101.07 0.936283561774 218.0 22.6 51.17 0.922527231689
2888 13972.0 77 9535 6986.0 69.53 4768.03 0.613090234214 3493.0 62.12 2387.04 0.548345515118 1747.0 51.85 1192.44 0.500488184896 873.0 39.59 598.58 0.512049538532 437.0 29.58 297.07 0.561765721595 218.0 20.45 149.7 0.614366321163
4107 13884.0 122 12781 6942.0 87.53 6385.73 -0.838119690923 3471.0 68.32 3196.28 -1.10040889926 1736.0 48.99 1596.88 -1.10531260311 868.0 32.69 799.39 -0.958066260249 434.0 20.66 400.16 -0.617410387813 217.0 13.28 199.7 -0.317560416297
195 13472.0 88 4133 6736.0 59.19 2064.99 0.56983456131 3368.0 45.88 1031.97 0.65985261522 1684.0 35.07 513.68 0.757972193749 842.0 27.37 255.83 0.8231450421 421.0 20.52 129.33 0.888351882692 211.0 15.93 65.03 0.911261475547
1133 13472.0 150 2302 6736.0 114.04 1146.43 0.942469516623 3368.0 96.25 576.92 0.944791378282 1684.0 81.43 288.99 0.935812940665 842.0 65.65 142.2 0.939506352749 421.0 51.99 72.71 0.941409217595 211.0 39.83 36.3 0.944663489633
3823 13435.0 131 2603 6718.0 96.05 1302.96 0.966808237449 3359.0 81.16 648.32 0.97732126389 1679.0 68.83 326.02 0.977875354993 840.0 58.68 159.77 0.97076436434 420.0 48.4 81.62 0.960859326718 210.0 38.84 40.82 0.942838558621
1705 13173.0 406 1814 6587.0 245.14 908.94 0.648538536633 3293.0 181.46 452.73 0.722941928327 1647.0 134.19 227.66 0.780615720949 823.0 98.48 114.12 0.825750177092 412.0 70.68 58.26 0.866835529108 206.0 50.33 29.38 0.897151477188
3384 13117.0 105 4942 6559.0 79.88 2472.41 0.796177637152 3279.0 66.72 1239.61 0.800351834508 1640.0 53.24 613.57 0.838518761211 820.0 42.27 310.0 0.873220820417 410.0 31.77 155.26 0.913506232967 205.0 24.95 77.99 0.921329964034
4211 13035.0 121 5015 6518.0 86.84 2505.96 0.897041260062 3259.0 72.5 1254.42 0.912346584207 1629.0 59.45 626.91 0.921814966733 815.0 49.52 312.67 0.911259819518 407.0 39.49 156.29 0.898280340623 204.0 29.91 78.08 0.892760003362
2771 13006.0 165 3253 6503.0 118.82 1621.07 0.973213253122 3252.0 100.9 813.57 0.97886313843 1626.0 85.73 404.05 0.974812464507 813.0 72.61 204.42 0.962174582495 406.0 60.39 103.08 0.952440942533 203.0 48.28 50.18 0.929041057685
3446 12855.0 131 2485 6428.0 98.97 1246.22 0.978051922367 3214.0 84.28 620.78 0.983005945822 1607.0 72.11 310.69 0.979284654023 803.0 61.86 154.16 0.972600817324 402.0 50.75 78.38 0.960653280674 201.0 39.93 40.78 0.936548831157
3772 12780.0 101 11637 6390.0 71.61 5820.15 -0.434970544115 3195.0 56.17 2907.74 -0.55517994259 1598.0 41.33 1454.54 -0.589533421586 799.0 28.39 727.96 -0.465952809598 399.0 19.04 363.35 -0.316825454323 200.0 12.56 181.8 -0.0940456844413
2992 12741.0 123 2759 6371.0 85.51 1381.98 0.830925341205 3185.0 68.42 691.69 0.881745334102 1593.0 54.6 346.5 0.922576571972 796.0 43.74 174.2 0.947388256311 398.0 35.05 85.1 0.951037573561 199.0 27.76 44.33 0.952403524212
4445 12724.0 68 2595 6362.0 58.5 1295.58 0.97866760361 3181.0 52.43 641.89 0.975293008747 1591.0 45.32 327.18 0.975743981559 795.0 38.18 161.73 0.973418134562 398.0 31.84 80.83 0.967039041081 199.0 25.8 40.88 0.955802419772
1995 12724.0 67 3666 6362.0 47.26 1829.97 0.808292607347 3181.0 39.02 917.14 0.838194662404 1591.0 31.79 460.49 0.874570223512 795.0 26.22 232.1 0.891778582165 398.0 20.29 116.95 0.917085782964 199.0 16.95 59.76 0.914489477143
3052 12715.0 78 3821 6358.0 63.79 1914.15 0.907827422951 3179.0 56.16 953.04 0.88828135483 1589.0 47.63 475.68 0.879729613425 795.0 38.9 240.61 0.882001776231 397.0 30.13 119.69 0.909712030629 199.0 22.77 58.58 0.940189103663
2664 12609.0 126 1843 6305.0 92.27 919.56 0.964421820754 3152.0 77.77 462.37 0.974982557232 1576.0 65.51 232.38 0.9785772176 788.0 54.69 117.06 0.98005590765 394.0 44.98 59.61 0.971969964232 197.0 36.6 30.71 0.951830825881
4229 12597.0 69 2588 6299.0 51.81 1290.66 0.940071565336 3149.0 43.61 644.15 0.958169389782 1575.0 36.93 326.75 0.965326701101 787.0 31.29 163.35 0.962696550379 394.0 26.34 84.38 0.950759529307 197.0 22.67 42.26 0.935117105044
1253 12596.0 145 9656 6298.0 102.35 4824.58 0.1608539213 3149.0 79.88 2415.22 0.0935568916437 1575.0 59.7 1206.57 0.0710309831477 787.0 42.92 602.76 0.0965589787062 394.0 29.69 300.81 0.173935029427 197.0 20.32 150.7 0.26350523254
2027 12569.0 116 6756 6285.0 88.25 3384.99 -0.131680636804 3142.0 69.34 1688.05 -0.192120213346 1571.0 51.49 845.56 -0.157346808889 786.0 34.71 423.76 0.053882366349 393.0 22.46 210.76 0.317352841976 196.0 14.74 105.68 0.558182651459
3478 12487.0 87 2649 6244.0 60.43 1327.25 0.859536173831 3122.0 49.1 665.45 0.906827089429 1561.0 39.88 329.23 0.939254102449 780.0 32.52 164.3 0.95844252572 390.0 27.1 83.02 0.955359178238 195.0 22.47 42.86 0.951288526266
2199 12472.0 119 2871 6236.0 96.02 1434.98 0.95555562256 3118.0 83.13 716.94 0.947910891453 1559.0 70.27 359.25 0.93843717481 780.0 57.82 180.92 0.929673278859 390.0 45.19 90.38 0.919001902638 195.0 35.76 44.94 0.902471775576
34 12432.0 118 1836 6216.0 84.83 920.04 0.939975957935 3108.0 71.67 461.23 0.953873402481 1554.0 59.64 233.74 0.965390151603 777.0 49.61 118.28 0.96531120266 389.0 39.51 60.41 0.965695212915 194.0 31.52 30.83 0.955158302292
2853 12337.0 210 1204 6169.0 134.61 598.45 0.796173309407 3084.0 103.87 305.13 0.871969180217 1542.0 79.23 155.79 0.936582592945 771.0 62.74 78.97 0.961368462743 386.0 50.22 40.85 0.961106074442 193.0 39.03 21.55 0.945091081651
881 12307.0 89 3033 6154.0 61.68 1516.2 0.787062855421 3077.0 50.21 757.14 0.836639270768 1538.0 39.22 380.04 0.89757422312 769.0 31.44 189.28 0.927046845752 385.0 24.79 95.84 0.936569028479 192.0 20.08 47.55 0.93378410555
3042 12299.0 125 1888 6150.0 86.65 947.04 0.961977607878 3075.0 72.92 469.53 0.978446829281 1537.0 61.73 234.35 0.980835687935 769.0 53.0 117.86 0.975595716063 384.0 43.64 58.55 0.968646975476 192.0 35.37 29.56 0.955272955787
3048 12238.0 91 4390 6119.0 69.99 2190.66 0.860981419648 3060.0 59.04 1098.32 0.86294804031 1530.0 47.91 549.31 0.890448000339 765.0 38.28 274.44 0.922908733196 382.0 29.74 136.98 0.948949849285 191.0 23.85 68.52 0.933431479509
1624 12155.0 100 3288 6078.0 70.9 1644.98 0.851860877986 3039.0 57.46 819.16 0.893155374458 1519.0 47.06 410.08 0.920995508722 760.0 37.52 206.84 0.947057880289 380.0 30.67 102.13 0.950406299914 190.0 24.6 51.25 0.952522990253
779 12153.0 99 4944 6077.0 72.89 2469.82 0.711135913343 3038.0 60.23 1239.13 0.709464938599 1519.0 48.53 616.93 0.715370828846 760.0 37.8 308.37 0.733053050513 380.0 28.15 154.36 0.773281922636 190.0 21.17 77.84 0.786491511582
1252 12102.0 212 4606 6051.0 130.98 2303.88 0.283407562441 3026.0 97.99 1152.53 0.366965064317 1513.0 69.84 575.53 0.488049877898 756.0 50.07 287.35 0.591761885714 378.0 35.28 142.69 0.673349902451 189.0 24.61 71.43 0.750323689216
3241 12064.0 100 3080 6032.0 77.81 1539.46 0.88860814937 3016.0 65.62 770.67 0.89703057708 1508.0 52.81 385.55 0.924704588955 754.0 42.94 194.09 0.944200830633 377.0 33.99 95.05 0.961647376616 189.0 26.64 48.36 0.949178081912
2671 11986.0 422 1744 5993.0 251.8 878.63 0.547104898655 2997.0 184.51 440.65 0.604240701318 1498.0 132.86 223.51 0.65697322976 749.0 93.07 112.81 0.729578556696 375.0 64.13 58.23 0.792469172049 187.0 44.5 30.06 0.845740363443
1652 11848.0 139 3342 5924.0 98.64 1665.32 0.781791871878 2962.0 79.87 834.8 0.804566794658 1481.0 63.28 417.5 0.826390463723 741.0 49.13 208.83 0.847053765106 370.0 37.73 102.98 0.86988632411 185.0 28.67 51.47 0.875681463749
