1512 81949.0 266 18715 40975.0 166.44 9357.22 -1.89405015194 20487.0 125.94 4669.81 -1.40858150888 10244.0 93.81 2340.51 -0.959337281656 5122.0 69.98 1170.57 -0.555903439929 2561.0 53.44 581.52 -0.245643479917 1280.0 40.04 295.22 0.0490345591528
4435 73403.0 307 11544 36702.0 194.79 5781.55 -1.43979583405 18351.0 147.32 2886.1 -0.979450787361 9175.0 106.56 1443.52 -0.514302851657 4588.0 80.31 717.66 -0.152053962098 2294.0 60.92 360.91 0.158422321633 1147.0 46.87 183.23 0.405439430829
4418 49765.0 136 34108 24883.0 107.26 17062.05 -2.77539821733 12441.0 89.94 8521.99 -2.63434849564 6221.0 69.41 4272.73 -2.33806088908 3110.0 51.61 2127.43 -1.91372659934 1555.0 36.63 1061.85 -1.41974821013 778.0 24.94 531.78 -0.898407576705
433 39619.0 392 9024 19810.0 246.97 4504.35 -1.32424580186 9905.0 188.81 2259.05 -1.03154561201 4952.0 140.17 1128.65 -0.717931286246 2476.0 101.13 564.16 -0.411066297658 1238.0 73.38 283.18 -0.139473200399 619.0 52.79 143.95 0.0772174890656
3769 38938.0 234 27818 19469.0 155.78 13912.0 -1.77329174386 9735.0 120.89 6954.78 -1.50916359385 4867.0 91.52 3478.22 -1.23926600808 2434.0 69.51 1739.13 -1.00364747242 1217.0 50.71 867.23 -0.708076638901 608.0 35.47 435.52 -0.402054648515
3117 34971.0 280 9472 17486.0 174.8 4743.5 -1.51091259809 8743.0 129.93 2366.84 -1.0902086542 4371.0 94.1 1182.74 -0.667310201326 2186.0 67.32 592.23 -0.285288620684 1093.0 49.67 294.82 0.00400909706281 546.0 35.9 150.02 0.284347536595
3550 34662.0 112 14720 17331.0 87.4 7357.39 -0.730797142344 8666.0 73.02 3680.3 -0.523384428804 4333.0 59.17 1841.12 -0.278527030281 2166.0 46.47 923.37 -0.030511195066 1083.0 37.13 459.13 0.168448793789 542.0 28.76 232.04 0.363161830093
1541 33940.0 226 9331 16970.0 161.45 4657.79 -0.35592890464 8485.0 130.78 2334.33 -0.130208253852 4243.0 104.6 1169.2 0.0847795195767 2121.0 82.89 585.97 0.288299672971 1061.0 66.78 293.75 0.429790188372 530.0 52.45 145.35 0.559314442082
452 27825.0 220 4176 13913.0 138.35 2092.0 -0.347983658293 6956.0 107.53 1046.74 -0.0445552753053 3478.0 83.27 519.77 0.241519779969 1739.0 66.78 262.14 0.458217086386 870.0 54.03 130.6 0.615156110766 435.0 43.89 65.39 0.722478314312
3225 27570.0 178 7062 13785.0 115.8 3527.4 -0.469345312691 6893.0 89.24 1767.04 -0.143341796837 3446.0 69.82 880.25 0.132719311206 1723.0 55.82 442.63 0.363519909662 862.0 45.75 221.36 0.518741296203 431.0 36.88 110.63 0.642165846438
4318 27417.0 334 5169 13709.0 199.33 2585.67 -0.81077775739 6854.0 146.27 1295.68 -0.422972096891 3427.0 109.0 642.99 -0.091876458898 1714.0 80.39 320.46 0.197315833442 857.0 60.7 161.28 0.415742236991 428.0 46.1 80.7 0.582780651718
3901 26648.0 250 4329 13324.0 158.76 2175.63 -0.286533435932 6662.0 124.76 1091.91 -0.0118048703021 3331.0 98.48 547.08 0.229398394946 1666.0 78.12 275.93 0.423105984846 833.0 63.27 140.56 0.557326256002 416.0 49.98 71.58 0.667794175954
2217 25582.0 168 3613 12791.0 121.59 1804.57 -0.131209870454 6396.0 100.39 907.34 0.073002287763 3198.0 81.93 449.23 0.279199424181 1599.0 65.77 225.1 0.466311244685 799.0 53.38 112.97 0.619379202258 400.0 43.17 58.13 0.736541802473
534 23131.0 181 4480 11566.0 134.37 2236.13 0.0339659822142 5783.0 113.26 1119.98 0.198862845208 2891.0 94.21 561.63 0.345943984459 1446.0 77.73 281.85 0.47685446684 723.0 62.62 137.89 0.6032600412 361.0 49.47 69.67 0.683624010395
587 22466.0 262 2870 11233.0 168.52 1435.08 -0.130007682432 5617.0 132.02 718.94 0.134073313723 2808.0 103.78 356.53 0.370726826112 1404.0 81.91 179.24 0.567211624586 702.0 66.03 89.48 0.697953072688 351.0 53.58 44.97 0.791028356715
1475 22425.0 58 11092 11213.0 45.15 5543.74 -0.733828710581 5606.0 39.09 2769.89 -0.579066711954 2803.0 31.61 1385.41 -0.335508715886 1402.0 26.35 692.61 -0.15854022786 701.0 20.06 348.36 0.128875518562 350.0 15.74 173.18 0.344453797752
1560 22386.0 54 7592 11193.0 40.95 3795.43 -0.139568614898 5597.0 34.9 1897.43 0.053376225179 2798.0 29.76 948.96 0.233164946738 1399.0 25.21 477.08 0.412639370173 700.0 21.5 237.25 0.568973055526 350.0 18.36 117.74 0.67010110596
835 22191.0 126 13219 11096.0 104.35 6593.3 -0.366746753414 5548.0 89.08 3300.11 -0.251214123981 2774.0 74.49 1647.56 -0.118374705086 1387.0 59.51 826.74 0.011062554143 693.0 46.58 412.11 0.16858610613 347.0 35.03 207.18 0.280767707737
1889 22150.0 129 6791 11075.0 90.24 3391.89 -0.15348518763 5538.0 74.56 1692.82 0.0628396028836 2769.0 62.03 855.11 0.245637053837 1384.0 51.08 425.53 0.405598421881 692.0 42.31 210.39 0.534230318374 346.0 33.75 105.43 0.656458495119
2294 20647.0 198 6897 10324.0 129.18 3448.75 -1.46013981549 5162.0 97.08 1721.36 -1.12163721909 2581.0 70.79 866.64 -0.75904619921 1290.0 51.09 430.13 -0.413730904883 645.0 36.47 216.02 -0.121860239141 323.0 25.39 108.14 0.174861580115
1141 20613.0 81 18751 10307.0 63.96 9370.45 -2.76509527261 5153.0 51.72 4687.29 -2.66668088955 2577.0 39.46 2343.57 -2.40438573065 1288.0 28.62 1173.45 -2.07887517997 644.0 21.18 585.36 -1.64911938446 322.0 14.26 292.61 -1.09275656216
3782 20535.0 390 12144 10268.0 301.38 6073.03 -0.786278349352 5134.0 244.88 3040.86 -0.811286882297 2567.0 185.18 1516.65 -0.779032845486 1283.0 130.75 758.29 -0.693604737337 642.0 86.49 383.4 -0.549850822186 321.0 55.02 191.15 -0.350178970467
455 20263.0 206 4133 10132.0 144.91 2072.01 0.148572834252 5066.0 120.63 1034.14 0.339186082231 2533.0 99.86 514.95 0.50284854592 1266.0 81.98 259.15 0.641730858312 633.0 67.67 128.49 0.746604089088 317.0 53.81 64.81 0.811396750656
4271 20178.0 197 2117 10089.0 134.16 1060.3 0.107390030414 5045.0 110.08 532.06 0.31448336268 2522.0 89.84 266.84 0.49812104583 1261.0 74.92 133.5 0.64038952501 631.0 61.24 67.09 0.75238614358 315.0 49.02 34.12 0.83514299073
1700 20170.0 347 3375 10085.0 221.02 1688.27 -0.294619848559 5043.0 167.26 846.19 -0.0129879043372 2521.0 125.69 421.25 0.24662409142 1261.0 95.13 212.83 0.458646230882 630.0 74.06 106.75 0.591461333855 315.0 56.32 53.79 0.681645062535
1336 19814.0 226 2893 9907.0 154.89 1445.07 -0.0813346517654 4954.0 123.15 720.56 0.155267927129 2477.0 97.3 361.83 0.372393435383 1238.0 77.23 179.75 0.535107028766 619.0 62.01 90.0 0.674609376138 310.0 49.02 45.67 0.774170867866
1287 19462.0 90 7633 9731.0 64.82 3818.33 -0.96890816456 4866.0 50.98 1911.87 -0.633265810269 2433.0 38.15 952.67 -0.264610371019 1216.0 28.21 474.39 0.0839221935782 608.0 20.69 238.33 0.418784172532 304.0 16.3 120.56 0.642426488368
3996 19229.0 164 2409 9615.0 114.67 1201.38 -0.119925878434 4807.0 93.67 601.88 0.0904798013963 2404.0 73.22 303.83 0.331992381086 1202.0 57.8 152.93 0.540345404597 601.0 47.1 75.97 0.719443581428 300.0 36.65 40.68 0.852794802653
3531 19097.0 322 2282 9549.0 204.0 1141.47 -0.319944311889 4774.0 153.46 570.38 -0.0369846582618 2387.0 114.58 283.59 0.243314212862 1194.0 85.72 141.74 0.46976625176 597.0 64.63 69.93 0.663797267446 298.0 49.62 34.91 0.789580808898
431 18992.0 98 16931 9496.0 70.93 8460.1 -2.52227925905 4748.0 56.62 4233.49 -2.36476514414 2374.0 42.04 2117.44 -2.05613642123 1187.0 30.22 1059.23 -1.67910232608 594.0 21.77 529.89 -1.29740364668 297.0 15.09 263.71 -0.854818936866
3564 18895.0 617 4046 9448.0 364.71 2029.52 -0.480790532154 4724.0 267.54 1009.0 -0.227964395171 2362.0 189.38 504.91 0.0309423529034 1181.0 135.06 252.6 0.24008941946 590.0 93.85 127.62 0.412835092453 295.0 64.36 62.8 0.57663186345
2951 18792.0 229 6023 9396.0 152.71 3007.3 -0.778666132841 4698.0 119.25 1512.83 -0.5627519943 2349.0 90.6 754.36 -0.330422213872 1175.0 66.99 377.12 -0.0995325606265 587.0 47.63 190.13 0.143574980225 294.0 34.02 94.33 0.399650973461
4232 18752.0 141 3146 9376.0 92.33 1572.55 -0.341818041311 4688.0 73.19 792.02 -0.0693192063744 2344.0 58.2 392.94 0.164863889801 1172.0 44.87 195.73 0.419557679416 586.0 36.09 97.57 0.589021430914 293.0 29.2 50.43 0.698403671958
2938 18716.0 334 4249 9358.0 210.12 2122.03 -0.425863421763 4679.0 159.53 1066.17 -0.163722658024 2340.0 119.89 529.51 0.0897689049923 1170.0 87.68 268.56 0.306382567047 585.0 66.75 131.62 0.466116517106 292.0 48.78 65.82 0.591991489399
2265 18487.0 112 3139 9244.0 83.58 1570.23 0.123163312905 4622.0 70.87 787.17 0.298532466203 2311.0 59.51 392.75 0.475748654909 1155.0 50.91 195.65 0.602146403463 578.0 43.9 97.71 0.681372186064 289.0 35.6 50.22 0.745448131995
3360 18369.0 142 3202 9185.0 91.78 1602.64 -0.397045417797 4592.0 70.52 804.47 -0.0787533764101 2296.0 55.0 401.77 0.193951078455 1148.0 42.98 200.22 0.434071160007 574.0 34.31 99.36 0.62002537902 287.0 27.58 49.93 0.765073602411
4387 18361.0 126 3526 9181.0 88.08 1763.74 -0.157139646225 4590.0 71.73 886.93 0.0708070699959 2295.0 58.1 439.51 0.28541788557 1148.0 46.91 219.52 0.474932625428 574.0 37.96 109.88 0.62375614495 287.0 30.95 55.82 0.72264261148
2299 18312.0 497 2235 9156.0 318.42 1126.16 -0.084735300939 4578.0 243.88 566.38 0.120435624023 2289.0 185.27 284.51 0.29902709218 1145.0 136.58 144.14 0.459937947735 572.0 98.66 73.81 0.581711127097 286.0 71.13 38.06 0.690582370417
4482 18062.0 143 10153 9031.0 96.59 5081.91 -1.18713465669 4516.0 76.46 2541.87 -0.951564590912 2258.0 58.31 1270.93 -0.684801281785 1129.0 43.14 636.47 -0.383129428622 564.0 31.03 318.21 -0.102634076077 282.0 22.65 158.67 0.156971477957
1528 17934.0 686 1449 8967.0 404.1 727.51 -0.574113049076 4484.0 291.24 370.42 -0.324747933726 2242.0 199.82 187.7 -0.0523967044999 1121.0 137.6 97.63 0.206305752878 560.0 92.24 51.09 0.422285104667 280.0 62.03 27.12 0.619751265978
3321 17715.0 194 3823 8858.0 138.68 1917.85 0.244337222523 4429.0 115.37 957.56 0.426999768604 2214.0 97.75 477.68 0.57008364511 1107.0 81.18 239.5 0.682955403421 554.0 67.04 118.98 0.762781580328 277.0 53.36 59.72 0.823467464505
1685 17554.0 81 15029 8777.0 59.48 7517.33 -2.41555737532 4389.0 47.56 3758.7 -2.23005060408 2194.0 36.59 1881.51 -1.93091313597 1097.0 26.22 939.16 -1.50523795871 549.0 18.44 469.82 -1.03789917883 274.0 13.01 233.88 -0.612421018546
4157 17546.0 116 7162 8773.0 81.84 3581.54 -0.635791611422 4387.0 66.47 1793.91 -0.42566224151 2193.0 52.65 896.9 -0.215074065699 1097.0 41.58 448.17 -0.0134702574729 548.0 31.4 224.99 0.190491058667 274.0 23.22 111.3 0.407361088769
92 17266.0 224 2446 8633.0 148.07 1224.32 -0.137904630786 4317.0 116.0 614.5 0.105657235418 2158.0 89.94 309.08 0.339217867909 1079.0 71.5 156.2 0.521297540763 540.0 54.82 79.33 0.68938161115 270.0 42.66 40.56 0.820765737109
2855 16928.0 170 3722 8464.0 109.61 1863.79 -0.275379094662 4232.0 85.82 926.31 0.00128748088996 2116.0 66.69 462.59 0.257046943818 1058.0 52.41 232.44 0.469764622236 529.0 41.41 116.31 0.631605541393 265.0 33.36 58.3 0.740903835715
864 16711.0 350 6965 8356.0 209.71 3490.83 -0.570203461112 4178.0 158.01 1741.48 -0.309946682525 2089.0 116.68 872.14 -0.0495464382425 1044.0 85.73 433.34 0.162172787837 522.0 62.83 218.39 0.303119628898 261.0 44.62 107.77 0.42931197271
1710 16497.0 87 7148 8249.0 56.34 3577.8 -0.799642195259 4124.0 43.16 1789.85 -0.434671381489 2062.0 32.71 890.25 -0.0886665653029 1031.0 25.82 444.37 0.179494598929 516.0 20.7 223.27 0.357463261103 258.0 16.74 111.89 0.489915319128
1277 16251.0 154 4658 8126.0 126.29 2333.05 -0.292914514031 4063.0 108.05 1164.08 -0.218738840548 2031.0 88.23 583.65 -0.112652231948 1016.0 68.05 290.17 0.0261387565019 508.0 49.75 146.57 0.202524870671 254.0 34.96 73.65 0.378982484018
1299 16170.0 91 10183 8085.0 67.17 5095.99 -0.871453813265 4043.0 54.05 2545.57 -0.629727579863 2021.0 42.15 1275.76 -0.360544973519 1011.0 32.23 637.84 -0.102006463822 505.0 24.5 317.54 0.153095659955 253.0 18.5 157.84 0.357172466786
1533 15954.0 127 3101 7977.0 86.15 1554.29 -0.166785615579 3989.0 69.52 774.96 0.0709663261377 1994.0 55.06 388.84 0.303992173436 997.0 44.94 193.74 0.486439551307 499.0 36.24 98.7 0.620321187852 249.0 29.13 49.38 0.719965464668
2772 15908.0 324 5819 7954.0 199.74 2903.41 -0.670691400723 3977.0 148.53 1457.98 -0.378474825241 1989.0 107.55 727.7 -0.0918274327349 994.0 77.06 360.67 0.175401943235 497.0 54.68 183.1 0.388115225416 249.0 39.87 92.11 0.534422839597
988 15885.0 214 4271 7943.0 133.15 2136.67 -0.927258004036 3971.0 99.34 1069.93 -0.598038424234 1986.0 71.83 535.21 -0.249839041113 993.0 51.36 267.17 0.0772330343792 496.0 37.08 133.46 0.335354593573 248.0 27.52 65.39 0.544075306953
4327 15738.0 195 1975 7869.0 138.59 987.6 -0.0922024417372 3935.0 111.94 494.32 0.0901760029526 1967.0 90.15 247.54 0.261263160096 984.0 70.33 125.86 0.424619196403 492.0 53.92 63.43 0.544915801526 246.0 41.23 33.4 0.675543579432
4174 15512.0 118 3596 7756.0 94.5 1799.17 0.0758085981075 3878.0 80.56 899.78 0.215963482961 1939.0 66.28 450.12 0.383988123742 970.0 53.96 226.29 0.548466127119 485.0 43.31 113.33 0.677260625853 242.0 34.62 56.28 0.755582008084
525 15442.0 99 11042 7721.0 70.06 5524.02 -1.74041292297 3861.0 55.33 2764.63 -1.46508700037 1930.0 40.63 1378.68 -1.05004946668 965.0 28.29 690.74 -0.626632500752 483.0 20.45 346.39 -0.291700644538 241.0 14.57 172.22 0.0526283758819
4010 15375.0 254 4164 7688.0 183.15 2088.58 0.256322654587 3844.0 152.89 1036.89 0.394539841377 1922.0 123.84 524.33 0.534964651459 961.0 99.69 260.69 0.644741333571 480.0 78.82 129.17 0.696056226811 240.0 60.1 65.28 0.727250250919
1814 15359.0 136 2338 7680.0 83.37 1169.11 -0.163199501175 3840.0 65.7 584.01 0.119045396635 1920.0 50.74 290.53 0.403696465712 960.0 40.71 145.84 0.621558904506 480.0 34.0 73.74 0.770128635269 240.0 27.93 37.75 0.873746169215
731 15235.0 100 2354 7618.0 85.16 1181.73 0.414221247396 3809.0 76.48 585.03 0.508271838713 1904.0 66.8 292.1 0.617528035162 952.0 57.2 147.38 0.73047928816 476.0 47.94 72.75 0.816402335808 238.0 39.92 36.38 0.863194018755
3744 14615.0 154 3377 7308.0 113.95 1688.62 0.0662501171461 3654.0 94.67 843.14 0.235820830657 1827.0 76.71 423.07 0.409008554084 913.0 61.09 210.15 0.569768568547 457.0 48.65 103.98 0.694524122528 228.0 38.31 53.7 0.782296399661
68 14603.0 174 3001 7302.0 125.44 1499.22 0.0350391800978 3651.0 104.18 753.26 0.188632445468 1825.0 85.3 376.96 0.327791577844 913.0 67.75 190.03 0.466426994629 456.0 52.7 96.19 0.580020307129 228.0 40.6 48.29 0.658210860181
4466 14563.0 98 3082 7282.0 64.15 1544.42 -0.49352951174 3641.0 50.11 770.47 -0.191037443043 1820.0 37.97 383.35 0.119647031797 910.0 29.58 193.52 0.37246600785 455.0 23.4 96.88 0.574794895134 228.0 18.83 49.44 0.726603411044
1436 14441.0 65 6388 7221.0 45.18 3191.49 -1.06508092591 3610.0 35.02 1597.59 -0.709303386599 1805.0 25.78 797.16 -0.296934395347 903.0 18.8 399.12 0.089360407436 451.0 14.11 199.46 0.422068325042 226.0 11.74 99.49 0.610987183072
316 14342.0 139 3772 7171.0 99.28 1881.27 0.16561581772 3586.0 83.76 941.46 0.32699708817 1793.0 70.16 472.84 0.480979810792 896.0 57.81 235.66 0.605792725381 448.0 47.98 117.96 0.695296486402 224.0 36.98 59.69 0.7715751309
2188 14314.0 413 1982 7157.0 247.77 1000.54 -0.74876773396 3579.0 179.84 508.77 -0.469953336247 1789.0 126.2 256.95 -0.168559674286 895.0 84.77 131.75 0.130736612783 447.0 58.21 67.26 0.407358808349 224.0 40.31 35.27 0.595623809799
1216 14154.0 106 7506 7077.0 83.03 3750.28 -0.791704003313 3539.0 67.64 1875.47 -0.610329679117 1769.0 52.59 939.18 -0.378864990321 885.0 39.05 469.59 -0.123949045061 442.0 29.05 235.43 0.0944998151373 221.0 21.12 116.67 0.278724082538
2006 14069.0 50 8936 7035.0 34.69 4466.9 -0.777157906693 3517.0 27.72 2233.62 -0.503681479203 1759.0 22.74 1119.67 -0.303997330516 879.0 18.97 556.27 -0.132503873784 440.0 14.98 282.18 0.00774510206958 220.0 12.29 139.98 0.172158049108
3427 14054.0 95 2689 7027.0 69.86 1338.96 0.0420959334952 3514.0 58.8 670.45 0.220824438912 1757.0 48.26 335.31 0.398759497578 878.0 40.73 166.54 0.544409325657 439.0 33.16 83.75 0.668612312993 220.0 26.77 43.57 0.794599444256
2075 13975.0 85 3239 6988.0 63.12 1618.06 -0.0576337379601 3494.0 53.11 812.15 0.118333053994 1747.0 43.23 403.44 0.313302900411 873.0 35.18 203.94 0.487968142153 437.0 28.0 101.07 0.649656980987 218.0 22.6 51.17 0.807634632715
2888 13972.0 77 9535 6986.0 69.53 4768.03 -0.67650553015 3493.0 62.12 2387.04 -0.652884923061 1747.0 51.85 1192.44 -0.55879683822 873.0 39.59 598.58 -0.372677951783 437.0 29.58 297.07 -0.144575078809 218.0 20.45 149.7 0.0686238438205
4107 13884.0 122 12781 6942.0 87.53 6385.73 -3.39652291192 3471.0 68.32 3196.28 -3.42312629675 1736.0 48.99 1596.88 -3.05845103118 868.0 32.69 799.39 -2.53267520412 434.0 20.66 400.16 -1.81110779692 217.0 13.28 199.7 -1.16315989577
195 13472.0 88 4133 6736.0 59.19 2064.99 -0.717963364448 3368.0 45.88 1031.97 -0.399374542879 1684.0 35.07 513.68 -0.0886586461135 842.0 27.37 255.83 0.164838023392 421.0 20.52 129.33 0.413583843996 211.0 15.93 65.03 0.584300179362
1133 13472.0 150 2302 6736.0 114.04 1146.43 0.198754727855 3368.0 96.25 576.92 0.336400118826 1684.0 81.43 288.99 0.436761577862 842.0 65.65 142.2 0.559514535073 421.0 51.99 72.71 0.663771370172 211.0 39.83 36.3 0.755741307478
3823 13435.0 131 2603 6718.0 96.05 1302.96 0.272554254103 3359.0 81.16 648.32 0.445036965926 1679.0 68.83 326.02 0.582687549504 840.0 58.68 159.77 0.680936953882 420.0 48.4 81.62 0.739725437981 210.0 38.84 40.82 0.774908112537
1705 13173.0 406 1814 6587.0 245.14 908.94 -0.203677220844 3293.0 181.46 452.73 0.0461138941643 1647.0 134.19 227.66 0.256856873537 823.0 98.48 114.12 0.432233045158 412.0 70.68 58.26 0.582162423697 206.0 50.33 29.38 0.70509207927
3384 13117.0 105 4942 6559.0 79.88 2472.41 -0.243918536792 3279.0 66.72 1239.61 -0.0850609766312 1640.0 53.24 613.57 0.124931228045 820.0 42.27 310.0 0.317731106394 410.0 31.77 155.26 0.505694771119 205.0 24.95 77.99 0.636324610469
4211 13035.0 121 5015 6518.0 86.84 2505.96 -0.00698422453623 3259.0 72.5 1254.42 0.170004169512 1629.0 59.45 626.91 0.330533811451 815.0 49.52 312.67 0.436642282698 407.0 39.49 156.29 0.522058056361 204.0 29.91 78.08 0.608759597861
2771 13006.0 165 3253 6503.0 118.82 1621.07 0.381919679277 3252.0 100.9 813.57 0.545574199182 1626.0 85.73 404.05 0.682813151037 813.0 72.61 204.42 0.768179299022 406.0 60.39 103.08 0.80130952665 203.0 48.28 50.18 0.806217898394
3446 12855.0 131 2485 6428.0 98.97 1246.22 0.340222347704 3214.0 84.28 620.78 0.495569988591 1607.0 72.11 310.69 0.614208236403 803.0 61.86 154.16 0.690853338781 402.0 50.75 78.38 0.765565987336 201.0 39.93 40.78 0.798578479019
3772 12780.0 101 11637 6390.0 71.61 5820.15 -2.74243557968 3195.0 56.17 2907.74 -2.60506052966 1598.0 41.33 1454.54 -2.34108111413 799.0 28.39 727.96 -1.8967067242 399.0 19.04 363.35 -1.41738335036 200.0 12.56 181.8 -0.882727077465
2992 12741.0 123 2759 6371.0 85.51 1381.98 -0.0932645186372 3185.0 68.42 691.69 0.13749420934 1593.0 54.6 346.5 0.350024296348 796.0 43.74 174.2 0.530533035992 398.0 35.05 85.1 0.658655349978 199.0 27.76 44.33 0.767257509426
4445 12724.0 68 2595 6362.0 58.5 1295.58 0.254321659741 3181.0 52.43 641.89 0.353659653567 1591.0 45.32 327.18 0.479797123474 795.0 38.18 161.73 0.601929579592 398.0 31.84 80.83 0.706308909513 199.0 25.8 40.88 0.788702487536
1995 12724.0 67 3666 6362.0 47.26 1829.97 -0.312289755085 3181.0 39.02 917.14 -0.103318041263 1591.0 31.79 460.49 0.109817117216 795.0 26.22 232.1 0.290796446365 398.0 20.29 116.95 0.488859773589 199.0 16.95 59.76 0.599783317478
3052 12715.0 78 3821 6358.0 63.79 1914.15 0.0190189916728 3179.0 56.16 953.04 0.11219915198 1589.0 47.63 475.68 0.228685572597 795.0 38.9 240.61 0.34622530196 397.0 30.13 119.69 0.520411457599 199.0 22.77 58.58 0.690991193521
2664 12609.0 126 1843 6305.0 92.27 919.56 0.27930521336 3152.0 77.77 462.37 0.442395581529 1576.0 65.51 232.38 0.58633027858 788.0 54.69 117.06 0.71737164993 394.0 44.98 59.61 0.813151525725 197.0 36.6 30.71 0.873995333293
4229 12597.0 69 2588 6299.0 51.81 1290.66 0.116681712823 3149.0 43.61 644.15 0.30900404826 1575.0 36.93 326.75 0.486472356461 787.0 31.29 163.35 0.648567804106 394.0 26.34 84.38 0.765969123368 197.0 22.67 42.26 0.81003693325
1253 12596.0 145 9656 6298.0 102.35 4824.58 -1.49835012363 3149.0 79.88 2415.22 -1.36743713714 1575.0 59.7 1206.57 -1.17307806995 787.0 42.92 602.76 -0.935662534973 394.0 29.69 300.81 -0.650681173974 197.0 20.32 150.7 -0.380092487198
2027 12569.0 116 6756 6285.0 88.25 3384.99 -1.94402324124 3142.0 69.34 1688.05 -1.75526658713 1571.0 51.49 845.56 -1.44135623635 786.0 34.71 423.76 -0.950272749529 393.0 22.46 210.76 -0.444483987155 196.0 14.74 105.68 -0.00769568059942
3478 12487.0 87 2649 6244.0 60.43 1327.25 -0.0815770689251 3122.0 49.1 665.45 0.153141412435 1561.0 39.88 329.23 0.362286155789 780.0 32.52 164.3 0.552098208879 390.0 27.1 83.02 0.693326547671 195.0 22.47 42.86 0.757749479554
2199 12472.0 119 2871 6236.0 96.02 1434.98 0.221160680167 3118.0 83.13 716.94 0.32766211622 1559.0 70.27 359.25 0.43264642914 780.0 57.82 180.92 0.530587759124 390.0 45.19 90.38 0.617081043733 195.0 35.76 44.94 0.669202466388
34 12432.0 118 1836 6216.0 84.83 920.04 0.16573967369 3108.0 71.67 461.23 0.332896185638 1554.0 59.64 233.74 0.489054072727 777.0 49.61 118.28 0.612755098379 389.0 39.51 60.41 0.723091843833 194.0 31.52 30.83 0.807138751036
2853 12337.0 210 1204 6169.0 134.61 598.45 -0.0154058615216 3084.0 103.87 305.13 0.245183388164 1542.0 79.23 155.79 0.487461266196 771.0 62.74 78.97 0.664696582236 386.0 50.22 40.85 0.782198835212 193.0 39.03 21.55 0.876522729825
881 12307.0 89 3033 6154.0 61.68 1516.2 -0.231021476768 3077.0 50.21 757.14 0.00427175123123 1538.0 39.22 380.04 0.256807495302 769.0 31.44 189.28 0.456126070665 385.0 24.79 95.84 0.616089152588 192.0 20.08 47.55 0.774604540588
3042 12299.0 125 1888 6150.0 86.65 947.04 0.271922207755 3075.0 72.92 469.53 0.457842841807 1537.0 61.73 234.35 0.606639594 769.0 53.0 117.86 0.695522054767 384.0 43.64 58.55 0.769197850825 192.0 35.37 29.56 0.828108112899
3048 12238.0 91 4390 6119.0 69.99 2190.66 -0.066787501114 3060.0 59.04 1098.32 0.0754462037527 1530.0 47.91 549.31 0.267437136723 765.0 38.28 274.44 0.460605888534 382.0 29.74 136.98 0.665599973967 191.0 23.85 68.52 0.792860311304
1624 12155.0 100 3288 6078.0 70.9 1644.98 -0.0955872730217 3039.0 57.46 819.16 0.124896429074 1519.0 47.06 410.08 0.317140004424 760.0 37.52 206.84 0.498634485162 380.0 30.67 102.13 0.627978722918 190.0 24.6 51.25 0.750983647735
779 12153.0 99 4944 6077.0 72.89 2469.82 -0.473561029837 3038.0 60.23 1239.13 -0.309585373864 1519.0 48.53 616.93 -0.13235184282 760.0 37.8 308.37 0.0444039127547 380.0 28.15 154.36 0.237907655108 190.0 21.17 77.84 0.384327665947
1252 12102.0 212 4606 6051.0 130.98 2303.88 -1.02813752611 3026.0 97.99 1152.53 -0.712306771599 1513.0 69.84 575.53 -0.380212410148 756.0 50.07 287.35 -0.0908750369355 378.0 35.28 142.69 0.147282998918 189.0 24.61 71.43 0.360529393346
3241 12064.0 100 3080 6032.0 77.81 1539.46 0.00889398042 3016.0 65.62 770.67 0.16449939354 1508.0 52.81 385.55 0.350434284263 754.0 42.94 194.09 0.511263861596 377.0 33.99 95.05 0.66641589243 189.0 26.64 48.36 0.756250188933
2671 11986.0 422 1744 5993.0 251.8 878.63 -0.348600578976 2997.0 184.51 440.65 -0.11636242006 1498.0 132.86 223.51 0.0886632374732 749.0 93.07 112.81 0.29729858438 375.0 64.13 58.23 0.474065279383 187.0 44.5 30.06 0.621711908821
1652 11848.0 139 3342 5924.0 98.64 1665.32 -0.205959965545 2962.0 79.87 834.8 -0.0148690768561 1481.0 63.28 417.5 0.166339631715 741.0 49.13 208.83 0.330664390657 370.0 37.73 102.98 0.482947946894 185.0 28.67 51.47 0.591427577275
