3 2986675 362 754104 1493338.0 307.0 377357.0 -1.07213331129 746669.0 261.0 188985.0 -0.813420621674 373334.0 246.0 94375.0 -0.745857653106 186667.0 211.0 47168.0 -0.534944244428 93334.0 177.0 23645.0 -0.274070169791 46667.0 163.0 11678.0 -0.177532653078
5 3109993 506 845860 1554997.0 421.0 423143.0 -1.06374738496 777498.0 388.0 211886.0 -0.949497457385 388749.0 338.0 106102.0 -0.741848061775 194375.0 300.0 52975.0 -0.568994103655 97187.0 243.0 26749.0 -0.28333391037 48594.0 215.0 13218.0 -0.143051649719
33 3523886 740 516927 1761943.0 607.0 258594.0 -1.00887565514 880972.0 549.0 129380.0 -0.876541249944 440486.0 492.0 64253.0 -0.718856919879 220243.0 423.0 32358.0 -0.52676611259 110121.0 370.0 16349.0 -0.335077881871 55061.0 311.0 8104.0 -0.129631139318
42 3522280 422 734806 1761140.0 351.0 367049.0 -1.08013879105 880570.0 319.0 183547.0 -0.944054097356 440285.0 288.0 91657.0 -0.805637765398 220143.0 252.0 46024.0 -0.608355871681 110071.0 219.0 22596.0 -0.398471190374 55036.0 188.0 11515.0 -0.206709762955
47 3087547 398 1181981 1543774.0 326.0 590515.0 -1.26566979085 771887.0 304.0 294890.0 -1.18201431548 385943.0 248.0 147361.0 -0.863544639883 192972.0 214.0 74192.0 -0.649930085375 96486.0 190.0 37010.0 -0.493170691162 48243.0 168.0 18500.0 -0.327347328076
52 6582515 1184 1521991 3291258.0 932.0 762242.0 -2.18631458977 1645629.0 778.0 380450.0 -1.84625924748 822814.0 656.0 190334.0 -1.54373342391 411407.0 574.0 95787.0 -1.36057445176 205704.0 436.0 47886.0 -0.912206504698 102852.0 354.0 23868.0 -0.59870801106
57 3108748 363 340541 1554374.0 308.0 170104.0 -1.04106270979 777187.0 272.0 85195.0 -0.839141470587 388594.0 247.0 42728.0 -0.702744981843 194297.0 194.0 21331.0 -0.340060511018 97148.0 175.0 10540.0 -0.205918364484 48574.0 152.0 5270.0 0.00410438980174
70 4452773 443 1099269 2226387.0 375.0 551113.0 -1.28592127988 1113193.0 338.0 274911.0 -1.14400620988 556597.0 294.0 137934.0 -0.915378303189 278298.0 252.0 68980.0 -0.682833532405 139149.0 218.0 34384.0 -0.473913615865 69575.0 188.0 17042.0 -0.276967253678
72 3072622 426 416854 1536311.0 372.0 207912.0 -0.834375413499 768156.0 333.0 103637.0 -0.661327578273 384078.0 291.0 52291.0 -0.470221435451 192039.0 259.0 26139.0 -0.289845562032 96019.0 234.0 13090.0 -0.170734332716 48010.0 196.0 6719.0 0.0578779042451
74 4237806 1092 495723 2118903.0 942.0 248241.0 -1.18652666221 1059452.0 836.0 123883.0 -1.01522673818 529726.0 715.0 62394.0 -0.781031756074 264863.0 627.0 31558.0 -0.613673822798 132431.0 512.0 15489.0 -0.341262588791 66216.0 441.0 7862.0 -0.147975451523
78 3367301 437 829592 1683651.0 356.0 415556.0 -1.17859627224 841825.0 308.0 207576.0 -0.943661808576 420913.0 277.0 103713.0 -0.799338080757 210456.0 239.0 51762.0 -0.590608368321 105228.0 208.0 26013.0 -0.400862800857 52614.0 184.0 12879.0 -0.24503201077
84 3501560 380 827271 1750780.0 311.0 414046.0 -0.87694091428 875390.0 298.0 206579.0 -0.8431960872 437695.0 267.0 103316.0 -0.662859120861 218848.0 229.0 51634.0 -0.454620206837 109424.0 196.0 25984.0 -0.257826652197 54712.0 175.0 12835.0 -0.065000315839
87 3067465 760 508424 1533733.0 624.0 253882.0 -1.08267326468 766866.0 567.0 126908.0 -0.968998568505 383433.0 490.0 63640.0 -0.755675786562 191717.0 427.0 31878.0 -0.566892997504 95858.0 383.0 15830.0 -0.446966837566 47929.0 306.0 7976.0 -0.163532315012
97 3472994 822 381300 1736497.0 699.0 191112.0 -1.28800891348 868249.0 640.0 95893.0 -1.17172680494 434124.0 547.0 47693.0 -0.931829141524 217062.0 463.0 23726.0 -0.704508570191 108531.0 401.0 11928.0 -0.508644639953 54266.0 331.0 5982.0 -0.268411782743
101 3613878 456 904983 1806939.0 394.0 452549.0 -1.40796941818 903470.0 343.0 224900.0 -1.17949230704 451735.0 311.0 113371.0 -1.04104323196 225867.0 264.0 56462.0 -0.801736882886 112934.0 221.0 28165.0 -0.544620859451 56467.0 196.0 14174.0 -0.39814721299
141 3472453 425 1100848 1736227.0 340.0 550864.0 -1.16304396981 868113.0 309.0 275204.0 -1.02026119673 434057.0 252.0 137635.0 -0.698473238678 217028.0 223.0 69174.0 -0.536188080221 108514.0 202.0 34418.0 -0.400675580809 54257.0 166.0 17170.0 -0.154649352043
174 3402129 553 838306 1701065.0 469.0 418919.0 -0.949752299673 850532.0 421.0 209721.0 -0.793599889763 425266.0 371.0 105149.0 -0.607399762108 212633.0 335.0 52392.0 -0.477416250353 106317.0 296.0 26219.0 -0.328036947814 53158.0 252.0 13261.0 -0.11842139275
179 3228844 538 684179 1614422.0 447.0 341770.0 -1.24478084898 807211.0 394.0 171208.0 -1.03237116387 403606.0 322.0 85340.0 -0.717729056154 201803.0 290.0 42916.0 -0.564882685361 100901.0 240.0 21317.0 -0.316635868531 50451.0 212.0 10648.0 -0.163061711944
180 74509634 1555 10620353 37254817.0 1366.0 5310712.0 -1.21301175892 18627409.0 1227.0 2654374.0 -1.05011776966 9313704.0 1130.0 1327228.0 -0.939740717498 4656852.0 993.0 663799.0 -0.753695075631 2328426.0 887.0 331994.0 -0.602112896707 1164213.0 829.0 165586.0 -0.527469332214
196 4561087 648 1340224 2280544.0 549.0 670492.0 -1.44760849178 1140272.0 477.0 335533.0 -1.22124294703 570136.0 418.0 166909.0 -1.01829188945 285068.0 358.0 83905.0 -0.796617049262 142534.0 319.0 41691.0 -0.641180865587 71267.0 267.0 20939.0 -0.413372183416
199 3896075 440 918934 1948038.0 373.0 459924.0 -1.4683497645 974019.0 343.0 230349.0 -1.34536376324 487009.0 284.0 115089.0 -1.03396723596 243505.0 256.0 57120.0 -0.892651819853 121752.0 215.0 29066.0 -0.629230662407 60876.0 183.0 14330.0 -0.437825198587
202 3213790 413 681832 1606895.0 351.0 340738.0 -3.81572408255 803448.0 318.0 170296.0 -3.75777632688 401724.0 286.0 85234.0 -3.72119722617 200862.0 230.0 42735.0 -3.38363267251 100431.0 200.0 21282.0 -3.20544499008 50215.0 148.0 10638.0 -2.54451336567
217 10050053 2011 1448271 5025027.0 1566.0 724330.0 -4.54020539212 2512513.0 1370.0 362429.0 -4.45239428245 1256257.0 1132.0 180862.0 -4.1921997443 628128.0 921.0 89978.0 -3.89326047961 314064.0 743.0 45232.0 -3.4224757066 157032.0 561.0 22542.0 -2.97717358336
225 3034117 630 776418 1517059.0 505.0 388321.0 -1.45251073664 758529.0 453.0 193878.0 -1.30865757229 379265.0 380.0 96819.0 -1.03564505178 189632.0 335.0 48699.0 -0.87933933628 94816.0 282.0 24339.0 -0.655846613264 47408.0 231.0 12174.0 -0.415579160675
230 3109894 413 370984 1554947.0 339.0 185139.0 -1.17442922186 777474.0 297.0 92739.0 -0.967708721315 388737.0 268.0 46377.0 -0.808004516864 194368.0 216.0 23095.0 -0.477198776779 97184.0 201.0 11567.0 -0.392514387383 48592.0 164.0 5880.0 -0.112899748475
252 3813818 563 982050 1906909.0 476.0 490653.0 -1.31992041633 953455.0 425.0 245589.0 -1.15126924251 476727.0 366.0 122638.0 -0.909112840855 238364.0 312.0 61435.0 -0.667167498716 119182.0 263.0 30712.0 -0.428986918005 59591.0 228.0 15369.0 -0.247680217564
260 3003966 436 515709 1501983.0 384.0 257520.0 -1.19220580469 750992.0 335.0 128992.0 -0.992718731196 375496.0 299.0 64397.0 -0.833756360814 187748.0 261.0 32195.0 -0.629710118818 93874.0 230.0 16111.0 -0.445033291153 46937.0 204.0 8074.0 -0.299221123405
272 3193092 494 901478 1596546.0 416.0 451050.0 -0.967215162096 798273.0 363.0 225201.0 -0.754276954273 399137.0 332.0 112838.0 -0.634634527287 199568.0 288.0 56329.0 -0.432548457 99784.0 248.0 28131.0 -0.225123167868 49892.0 213.0 14084.0 -0.020090747777
277 3249446 503 1211513 1624723.0 426.0 605231.0 -1.07903949794 812362.0 369.0 301777.0 -0.846131498466 406181.0 333.0 152277.0 -0.715090375486 203090.0 275.0 75883.0 -0.442612037421 101545.0 242.0 37760.0 -0.261876400383 50773.0 219.0 18840.0 -0.124698373842
284 4385246 964 263630 2192623.0 784.0 131678.0 -1.23787087033 1096312.0 723.0 66165.0 -1.14847240329 548156.0 635.0 33039.0 -0.975297599581 274078.0 551.0 16714.0 -0.776162212061 137039.0 471.0 8269.0 -0.575293178231 68519.0 403.0 4269.0 -0.366906883983
291 3985888 667 884552 1992944.0 552.0 441926.0 -2.94127628298 996472.0 486.0 221191.0 -2.76713592166 498236.0 425.0 110390.0 -2.63576484666 249118.0 337.0 55172.0 -2.20675573963 124559.0 293.0 27937.0 -2.03683524161 62280.0 234.0 13811.0 -1.71459775975
303 3322792 478 615951 1661396.0 406.0 308195.0 -1.09907397951 830698.0 356.0 154281.0 -0.926151656625 415349.0 312.0 77091.0 -0.731024981709 207675.0 279.0 38143.0 -0.58931232381 103837.0 253.0 19207.0 -0.474801889925 51919.0 211.0 9783.0 -0.256812946013
304 5342912 1070 427304 2671456.0 911.0 213639.0 -1.74256910972 1335728.0 822.0 107045.0 -1.6319544133 667864.0 733.0 53473.0 -1.50934572216 333932.0 618.0 26878.0 -1.2730184656 166966.0 524.0 13254.0 -1.05993042215 83483.0 444.0 6783.0 -0.849665946404
307 4065417 495 1225958 2032709.0 399.0 612731.0 -1.08626709241 1016354.0 370.0 307464.0 -0.996384089055 508177.0 333.0 153625.0 -0.84064070658 254089.0 285.0 76427.0 -0.619167348875 127044.0 251.0 38291.0 -0.44539790932 63522.0 219.0 19216.0 -0.251015951074
312 2998229 387 341116 1499115.0 312.0 170031.0 -0.973707521291 749557.0 284.0 85389.0 -0.840195838622 374779.0 236.0 42511.0 -0.553901392793 187389.0 218.0 21466.0 -0.44948590533 93695.0 190.0 10709.0 -0.26358326247 46847.0 168.0 5347.0 -0.0892536797132
320 3107563 541 747892 1553782.0 438.0 374038.0 -1.42224541308 776891.0 387.0 186746.0 -1.21860266707 388445.0 347.0 93834.0 -1.07511518463 194223.0 290.0 46752.0 -0.828855091922 97111.0 245.0 23528.0 -0.571288496532 48556.0 211.0 11736.0 -0.385874085226
329 4041828 529 673509 2020914.0 439.0 336637.0 -1.04842606825 1010457.0 406.0 168295.0 -0.937855298703 505229.0 359.0 84509.0 -0.757725129701 252614.0 304.0 42008.0 -0.50450584519 126307.0 267.0 20916.0 -0.342494425502 63154.0 234.0 10446.0 -0.173280553056
341 3094940 431 1028763 1547470.0 358.0 514572.0 -1.23786746897 773735.0 302.0 257155.0 -0.96278389175 386868.0 270.0 128370.0 -0.78434395741 193434.0 238.0 64713.0 -0.63762886496 96717.0 203.0 32431.0 -0.413218426573 48358.0 172.0 16127.0 -0.216067419854
353 3557541 425 816048 1778771.0 351.0 406580.0 -1.47229034364 889385.0 302.0 204347.0 -1.21449629824 444693.0 261.0 101798.0 -0.981946059237 222346.0 230.0 51281.0 -0.825016415228 111173.0 194.0 25621.0 -0.543041045378 55587.0 160.0 12629.0 -0.278527911995
385 4055750 758 548772 2027875.0 638.0 274586.0 -2.14593474601 1013938.0 564.0 137592.0 -1.96196812943 506969.0 487.0 68783.0 -1.73384698371 253484.0 409.0 34470.0 -1.42363981842 126742.0 340.0 17120.0 -1.13620296174 63371.0 264.0 8570.0 -0.731256986836
389 3027149 341 577987 1513575.0 299.0 288730.0 -0.838860776359 756787.0 274.0 144734.0 -0.716512233165 378394.0 236.0 72462.0 -0.496440075921 189197.0 217.0 36181.0 -0.371376607377 94598.0 191.0 18019.0 -0.202311096369 47299.0 164.0 9034.0 -0.0426231245851
398 3112463 521 472190 1556232.0 449.0 236316.0 -1.1525121378 778116.0 401.0 118899.0 -0.983195978598 389058.0 346.0 58815.0 -0.770191500338 194529.0 311.0 29246.0 -0.637211581239 97264.0 254.0 14858.0 -0.378355721369 48632.0 224.0 7441.0 -0.205473228798
409 3037670 465 440241 1518835.0 399.0 219532.0 -0.985375477975 759418.0 366.0 110136.0 -0.864255712946 379709.0 310.0 54747.0 -0.618481959145 189854.0 270.0 27710.0 -0.431602127238 94927.0 241.0 13821.0 -0.301292293156 47464.0 212.0 6873.0 -0.144604494718
467 3001944 413 1032471 1500972.0 346.0 517051.0 -1.55576987067 750486.0 301.0 258629.0 -1.32785093893 375243.0 274.0 129227.0 -1.20272152267 187622.0 227.0 64541.0 -0.914071153595 93811.0 200.0 32301.0 -0.749429191116 46905.0 159.0 16230.0 -0.445583105454
476 2967760 524 533567 1483880.0 436.0 266338.0 -1.64454282744 741940.0 385.0 133181.0 -1.46963359416 370970.0 324.0 66569.0 -1.23173950113 185485.0 276.0 33524.0 -1.01207752638 92743.0 244.0 16629.0 -0.896166913806 46371.0 209.0 8328.0 -0.661405963062
574 3419284 400 740811 1709642.0 355.0 369701.0 -1.10128116934 854821.0 329.0 185464.0 -1.01770450882 427411.0 295.0 92558.0 -0.852364028791 213705.0 257.0 46141.0 -0.645589293782 106853.0 229.0 23115.0 -0.49995825898 53426.0 196.0 11560.0 -0.304040743492
579 3336679 449 575228 1668340.0 379.0 287186.0 -1.85812106224 834170.0 326.0 143406.0 -1.62684780452 417085.0 280.0 72143.0 -1.37012932319 208542.0 243.0 36055.0 -1.17278131865 104271.0 203.0 18158.0 -0.942292541567 52136.0 173.0 9012.0 -0.74687853325
585 3288696 429 527534 1644348.0 361.0 263125.0 -0.898292579635 822174.0 315.0 132531.0 -0.698776740583 411087.0 282.0 65624.0 -0.53322267856 205544.0 246.0 32901.0 -0.339321897489 102772.0 211.0 16556.0 -0.131045054665 51386.0 191.0 8279.0 -0.0167987544597
605 3232980 367 1350177 1616490.0 311.0 674922.0 -1.09174596444 808245.0 282.0 338003.0 -0.94966338051 404123.0 252.0 168838.0 -0.788060383736 202061.0 212.0 84665.0 -0.527066479807 101031.0 184.0 42286.0 -0.339570482013 50515.0 157.0 21069.0 -0.114949101298
620 3403221 439 899486 1701611.0 369.0 449059.0 -0.953920598993 850805.0 317.0 225142.0 -0.725665400804 425403.0 296.0 111717.0 -0.626504578933 212701.0 258.0 56049.0 -0.444539116508 106351.0 225.0 28133.0 -0.242716955316 53175.0 197.0 13862.0 -0.0900749835126
633 3219922 406 393458 1609961.0 343.0 197298.0 -1.27969596195 804981.0 277.0 98641.0 -0.910578162627 402490.0 261.0 49191.0 -0.823772951937 201245.0 209.0 24620.0 -0.48639843646 100623.0 174.0 12354.0 -0.218922091549 50311.0 153.0 6191.0 -0.0605054885274
644 3837852 743 546068 1918926.0 615.0 273251.0 -1.48469345536 959463.0 566.0 136609.0 -1.39734869234 479732.0 491.0 68218.0 -1.20171130935 239866.0 422.0 33973.0 -0.983204035535 119933.0 356.0 16986.0 -0.723862109955 59966.0 302.0 8616.0 -0.485940791319
668 2960041 414 266667 1480021.0 349.0 133436.0 -1.20567790504 740010.0 312.0 66894.0 -1.03629171978 370005.0 270.0 33351.0 -0.805367322006 185003.0 240.0 16703.0 -0.640981757694 92501.0 218.0 8324.0 -0.532491112656 46251.0 168.0 4109.0 -0.123331630774
669 3464639 536 680067 1732320.0 465.0 340737.0 -1.10209944387 866160.0 402.0 169293.0 -0.881111830937 433080.0 360.0 85617.0 -0.727323647827 216540.0 312.0 42628.0 -0.521593755445 108270.0 267.0 21311.0 -0.311649783401 54135.0 225.0 10599.0 -0.0672459355236
688 2940012 605 479412 1470006.0 500.0 240446.0 -1.62979397923 735003.0 460.0 119747.0 -1.54919341055 367502.0 391.0 60038.0 -1.30321474324 183751.0 340.0 30123.0 -1.07519189356 91875.0 275.0 15054.0 -0.819289226466 45938.0 233.0 7425.0 -0.583115546138
692 3082693 551 622904 1541347.0 451.0 310887.0 -1.06281999663 770673.0 402.0 156504.0 -0.907666940785 385337.0 362.0 77911.0 -0.761497478461 192668.0 312.0 38960.0 -0.561448055934 96334.0 281.0 19366.0 -0.426510604221 48167.0 236.0 9732.0 -0.192117332393
710 3750216 434 1387722 1875108.0 378.0 692930.0 -1.23765296086 937554.0 334.0 346508.0 -1.02976239224 468777.0 290.0 173621.0 -0.827125074438 234389.0 260.0 86165.0 -0.664931831807 117194.0 216.0 43331.0 -0.409971562214 58597.0 184.0 21651.0 -0.206717714692
716 3634917 542 616836 1817459.0 455.0 308863.0 -1.36217305624 908729.0 428.0 153835.0 -1.28809669542 454365.0 352.0 77172.0 -0.974200120907 227182.0 308.0 38625.0 -0.79165569361 113591.0 268.0 19303.0 -0.603776843616 56796.0 223.0 9611.0 -0.343011587093
719 2963210 393 687918 1481605.0 325.0 344541.0 -1.09290113229 740803.0 290.0 171245.0 -0.922281353919 370401.0 249.0 86720.0 -0.702004039521 185201.0 218.0 43130.0 -0.496203281567 92600.0 186.0 21513.0 -0.280489972481 46300.0 160.0 10755.0 -0.089026038722
730 3173299 532 726081 1586650.0 445.0 362814.0 -1.30052413525 793325.0 401.0 182091.0 -1.14414186983 396662.0 353.0 90568.0 -0.954088541977 198331.0 288.0 45467.0 -0.644360205943 99166.0 253.0 22768.0 -0.47854985528 49583.0 209.0 11373.0 -0.232002997212
746 2997172 371 773019 1498586.0 316.0 386893.0 -1.20197223908 749293.0 282.0 193570.0 -1.01403242729 374647.0 242.0 96666.0 -0.78669418288 187323.0 211.0 48422.0 -0.588575981973 93662.0 179.0 24240.0 -0.385992262156 46831.0 151.0 12071.0 -0.126440421657
756 3376985 490 701319 1688493.0 414.0 351127.0 -1.27952598675 844246.0 355.0 175484.0 -1.04063615641 422123.0 315.0 87503.0 -0.848635971883 211062.0 282.0 43757.0 -0.691468292597 105531.0 230.0 21873.0 -0.393870467717 52765.0 187.0 11045.0 -0.113473418301
778 3495961 471 799897 1747981.0 385.0 400091.0 -3.79981267247 873990.0 347.0 201196.0 -3.74795529476 436995.0 280.0 100169.0 -3.33619865642 218498.0 226.0 49882.0 -2.91858165961 109249.0 183.0 25003.0 -2.48344846827 54624.0 151.0 12680.0 -2.20283017766
783 3750042 501 1077921 1875021.0 425.0 540131.0 -1.25395674651 937511.0 387.0 270453.0 -1.11284091389 468755.0 336.0 134256.0 -0.903038920698 234378.0 292.0 67284.0 -0.707595179129 117189.0 259.0 33798.0 -0.556955586999 58594.0 210.0 16681.0 -0.287656586857
790 7718358 4809 671069 3859179.0 4128.0 335517.0 -0.81399841506 1929590.0 3753.0 168145.0 -0.713450892675 964795.0 3275.0 83460.0 -0.557291588632 482397.0 2848.0 41847.0 -0.417410050138 241199.0 2416.0 21146.0 -0.247554273423 120599.0 2067.0 10394.0 -0.105556101995
791 3165935 356 934117 1582968.0 290.0 466918.0 -1.35285240389 791484.0 262.0 233616.0 -1.19991185598 395742.0 233.0 116676.0 -1.01366390066 197871.0 201.0 58131.0 -0.792146880094 98935.0 174.0 29233.0 -0.576503589783 49468.0 151.0 14650.0 -0.391909467287
792 5387979 508 913756 2693990.0 423.0 456995.0 -3.05483655834 1346995.0 391.0 228773.0 -3.11588203244 673497.0 339.0 113504.0 -2.97577652848 336749.0 277.0 57012.0 -2.71526432533 168374.0 242.0 28431.0 -2.55101505766 84187.0 216.0 14092.0 -2.57013354412
804 3051980 409 1219802 1525990.0 353.0 610254.0 -1.19175107814 762995.0 308.0 305223.0 -0.989067891244 381498.0 276.0 152267.0 -0.817922943503 190749.0 244.0 76173.0 -0.676532284413 95374.0 210.0 37837.0 -0.45500578963 47687.0 184.0 19373.0 -0.301027696845
808 2992055 416 1009052 1496028.0 345.0 505210.0 -1.03041254395 748014.0 305.0 252466.0 -0.838920107503 374007.0 270.0 126375.0 -0.659119049043 187003.0 222.0 63183.0 -0.369713272807 93502.0 204.0 31452.0 -0.261849755838 46751.0 169.0 15703.0 -0.00704059748138
811 3184153 422 686264 1592077.0 347.0 343887.0 -1.27844638646 796038.0 304.0 171520.0 -1.05488966061 398019.0 269.0 86319.0 -0.897774903227 199010.0 226.0 42665.0 -0.633896514898 99505.0 200.0 21383.0 -0.465210735834 49752.0 178.0 10762.0 -0.334934861979
818 3109453 454 939654 1554727.0 374.0 469656.0 -0.889663872646 777363.0 348.0 234509.0 -0.79545470108 388682.0 304.0 117283.0 -0.590379240314 194341.0 273.0 58712.0 -0.468701203494 97170.0 240.0 29476.0 -0.291604964014 48585.0 207.0 14803.0 -0.10810129469
819 3019809 431 777868 1509905.0 355.0 388289.0 -0.846718774204 754952.0 316.0 194622.0 -0.670982063991 377476.0 279.0 97074.0 -0.495666963325 188738.0 245.0 48504.0 -0.293748337087 94369.0 204.0 24327.0 -0.0606978813853 47185.0 192.0 12017.0 -0.0021253325648
822 3286029 461 962392 1643015.0 390.0 481262.0 -1.32721083731 821507.0 337.0 240964.0 -1.10699915655 410754.0 308.0 119861.0 -0.979299640802 205377.0 253.0 60048.0 -0.66250048589 102688.0 209.0 29921.0 -0.417775229977 51344.0 185.0 15209.0 -0.252401362451
838 3527134 598 678297 1763567.0 509.0 338484.0 -1.40638097143 881784.0 441.0 169349.0 -1.19838672311 440892.0 383.0 84621.0 -0.977219724163 220446.0 322.0 42127.0 -0.735863746604 110223.0 290.0 21179.0 -0.61870113748 55111.0 248.0 10536.0 -0.413194701672
847 3362293 426 853256 1681147.0 355.0 426914.0 -1.29640600048 840573.0 306.0 212902.0 -1.04385878392 420287.0 274.0 106722.0 -0.872914815165 210143.0 237.0 53068.0 -0.653113117492 105072.0 199.0 27011.0 -0.42710842901 52536.0 162.0 13239.0 -0.128387004376
848 2969120 466 538327 1484560.0 392.0 268823.0 -1.42104977865 742280.0 341.0 133889.0 -1.20261972639 371140.0 282.0 67266.0 -0.901491022943 185570.0 249.0 33632.0 -0.692411665507 92785.0 214.0 16766.0 -0.508320536896 46393.0 174.0 8476.0 -0.197601275845
853 4085768 868 345661 2042884.0 722.0 173174.0 -1.52653749408 1021442.0 643.0 86941.0 -1.35013223883 510721.0 569.0 43044.0 -1.1902402946 255361.0 488.0 21531.0 -0.947837634683 127680.0 381.0 10899.0 -0.599724389271 63840.0 314.0 5498.0 -0.337640844198
859 3161936 509 520609 1580968.0 432.0 261053.0 -1.21134015384 790484.0 382.0 129961.0 -1.02308566568 395242.0 343.0 64878.0 -0.878284985872 197621.0 294.0 32392.0 -0.632073446754 98811.0 243.0 16257.0 -0.368118858661 49405.0 212.0 8101.0 -0.222510639117
886 3538521 455 773695 1769261.0 386.0 386295.0 -1.51984721419 884630.0 342.0 192870.0 -1.33640893133 442315.0 317.0 96736.0 -1.23299637618 221158.0 271.0 48495.0 -1.00672074607 110579.0 230.0 23969.0 -0.742374626384 55289.0 178.0 12055.0 -0.387322795991
894 3313718 638 918783 1656859.0 527.0 459800.0 -2.78189606722 828430.0 447.0 229993.0 -2.51449582988 414215.0 388.0 115157.0 -2.30647873308 207107.0 339.0 57361.0 -2.14199919533 103554.0 275.0 28744.0 -1.87915264849 51777.0 216.0 14434.0 -1.46582280415
940 5342546 712 465107 2671273.0 594.0 232729.0 -1.87207152824 1335637.0 531.0 115854.0 -1.69924777959 667818.0 452.0 58198.0 -1.41288069152 333909.0 378.0 28971.0 -1.12810866595 166955.0 323.0 14551.0 -0.876148361869 83477.0 261.0 7274.0 -0.566908448592
946 3158453 610 591984 1579227.0 499.0 295867.0 -1.23613203319 789613.0 441.0 148238.0 -1.07122459078 394807.0 394.0 73922.0 -0.911980509767 197403.0 338.0 37034.0 -0.684780835724 98702.0 290.0 18302.0 -0.497000534132 49351.0 236.0 9294.0 -0.237884496151
957 3368736 632 663218 1684368.0 533.0 331538.0 -1.8599614807 842184.0 472.0 165583.0 -1.68376501551 421092.0 403.0 82778.0 -1.45912861594 210546.0 345.0 41188.0 -1.25387736168 105273.0 301.0 20764.0 -1.06399206419 52637.0 238.0 10446.0 -0.762533896663
959 3016146 374 926389 1508073.0 314.0 463336.0 -1.21299231567 754037.0 286.0 231106.0 -1.07554340109 377018.0 242.0 115585.0 -0.819027566827 188509.0 208.0 57805.0 -0.604221921332 94255.0 193.0 29198.0 -0.556811345271 47127.0 163.0 14697.0 -0.334363206726
970 3346064 796 600576 1673032.0 673.0 300416.0 -1.43296403715 836516.0 591.0 150191.0 -1.24462216068 418258.0 491.0 75509.0 -0.950821839327 209129.0 429.0 37326.0 -0.739870445707 104565.0 361.0 18653.0 -0.498401319407 52282.0 291.0 9535.0 -0.220055052305
972 4727340 756 509159 2363670.0 632.0 255106.0 -1.60542547669 1181835.0 554.0 127363.0 -1.41346976081 590918.0 493.0 63778.0 -1.24929180216 295459.0 416.0 31711.0 -0.978386685302 147729.0 355.0 15898.0 -0.773336416864 73865.0 289.0 8039.0 -0.485648751805
1003 3717194 958 318467 1858597.0 805.0 159426.0 -1.87765144114 929299.0 740.0 79583.0 -1.78830799833 464649.0 641.0 39822.0 -1.57075476061 232325.0 515.0 19964.0 -1.26452564816 116162.0 431.0 10079.0 -1.02099837462 58081.0 346.0 4938.0 -0.711658915033
1025 5791644 896 1687577 2895822.0 717.0 844502.0 -2.04851325329 1447911.0 608.0 421235.0 -1.74729877462 723956.0 523.0 210813.0 -1.5097849301 361978.0 451.0 105080.0 -1.26287491677 180989.0 374.0 52900.0 -0.971225345692 90494.0 310.0 26362.0 -0.684096645753
1036 5937627 764 875005 2968814.0 646.0 437588.0 -1.68402064391 1484407.0 571.0 218966.0 -1.48461410452 742203.0 508.0 109598.0 -1.32752503431 371102.0 437.0 54404.0 -1.09274378751 185551.0 380.0 27557.0 -0.897782646358 92775.0 318.0 13502.0 -0.671326179396
1046 3177057 715 636552 1588529.0 602.0 318024.0 -1.07495755216 794264.0 530.0 159224.0 -0.888735892952 397132.0 476.0 79391.0 -0.756060136289 198566.0 407.0 39847.0 -0.552624607012 99283.0 376.0 19857.0 -0.459509896004 49642.0 309.0 9990.0 -0.218608857894
1059 13469935 5221 1468599 6734968.0 4502.0 734719.0 -1.15029461937 3367484.0 4069.0 367083.0 -1.04881044081 1683742.0 3648.0 184301.0 -0.949288002268 841871.0 3167.0 91504.0 -0.806447357844 420935.0 2710.0 45621.0 -0.655314362441 210468.0 2302.0 22873.0 -0.520669976032
1081 3309419 514 583095 1654710.0 439.0 292104.0 -0.791811173749 827355.0 393.0 145816.0 -0.636449508967 413677.0 350.0 73302.0 -0.481570497437 206839.0 309.0 36766.0 -0.315517382612 103419.0 282.0 18182.0 -0.220326598487 51710.0 238.0 8913.0 0.0266640151415
1090 3449219 617 440247 1724610.0 499.0 220631.0 -2.09753847829 862305.0 430.0 109830.0 -1.87378303299 431152.0 365.0 55072.0 -1.6291944968 215576.0 302.0 27507.0 -1.34339068501 107788.0 255.0 13827.0 -1.11959276008 53894.0 227.0 6888.0 -0.96271430271
1093 6733547 931 553186 3366774.0 832.0 276697.0 -0.577805193678 1683387.0 766.0 138985.0 -0.46436329356 841693.0 693.0 68965.0 -0.32936655765 420847.0 621.0 34354.0 -0.182706148384 210423.0 558.0 17379.0 -0.0417064747393 105212.0 490.0 8648.0 0.110062762723
1103 5501151 1202 690657 2750576.0 979.0 344311.0 -2.33007656278 1375288.0 863.0 172868.0 -2.13688912826 687644.0 713.0 86985.0 -1.83353117526 343822.0 588.0 42918.0 -1.50427341584 171911.0 490.0 21505.0 -1.25071312601 85955.0 384.0 10784.0 -0.890088656979
1121 2972561 378 819595 1486281.0 304.0 408925.0 -0.924544409508 743140.0 274.0 204903.0 -0.769507954341 371570.0 244.0 102211.0 -0.598941790343 185785.0 202.0 50978.0 -0.320971060542 92893.0 200.0 25717.0 -0.311053685992 46446.0 159.0 12761.0 -0.00356173657384
1136 3352666 444 1137038 1676333.0 376.0 569381.0 -1.60793883846 838167.0 328.0 284496.0 -1.42472751381 419083.0 294.0 141830.0 -1.27372869698 209542.0 244.0 71024.0 -0.972647084449 104771.0 210.0 35466.0 -0.760321201225 52385.0 200.0 17726.0 -0.703619341089
1142 3893033 676 827241 1946517.0 566.0 413289.0 -1.88127753834 973258.0 519.0 206899.0 -1.81928311015 486629.0 441.0 103244.0 -1.59676047708 243315.0 398.0 51456.0 -1.52410446452 121657.0 343.0 25772.0 -1.35935339454 60829.0 274.0 12921.0 -1.09324595008
1151 3634452 426 638668 1817226.0 345.0 319038.0 -0.971363007983 908613.0 326.0 159808.0 -0.893081826134 454307.0 281.0 79699.0 -0.669497778823 227153.0 250.0 39944.0 -0.503593839395 113577.0 210.0 20020.0 -0.26023973906 56788.0 190.0 10004.0 -0.127527835918
1153 3293814 717 612667 1646907.0 583.0 305967.0 -1.57394010863 823454.0 507.0 152911.0 -1.35451545116 411727.0 439.0 76671.0 -1.1328704414 205863.0 352.0 38279.0 -0.797768464758 102932.0 317.0 19104.0 -0.669016187589 51466.0 259.0 9612.0 -0.418242100727
