3 2986675 362 754104 1493338.0 307.0 377357.0 0.829208166682 746669.0 261.0 188985.0 0.878993808892 373334.0 246.0 94375.0 0.854353074958 186667.0 211.0 47168.0 0.886316423415 93334.0 177.0 23645.0 0.940788214098 46667.0 163.0 11678.0 0.925488965402
5 3109993 506 845860 1554997.0 421.0 423143.0 0.831719166554 777498.0 388.0 211886.0 0.820244137424 388749.0 338.0 106102.0 0.85502907459 194375.0 300.0 52975.0 0.877100153335 97187.0 243.0 26749.0 0.939340999702 48594.0 215.0 13218.0 0.943552732662
33 3523886 740 516927 1761943.0 607.0 258594.0 0.828951117284 880972.0 549.0 129380.0 0.825532831265 440486.0 492.0 64253.0 0.832826530956 220243.0 423.0 32358.0 0.856278158285 110121.0 370.0 16349.0 0.879154143889 55061.0 311.0 8104.0 0.911404470257
42 3522280 422 734806 1761140.0 351.0 367049.0 0.835904355478 880570.0 319.0 183547.0 0.835141262812 440285.0 288.0 91657.0 0.83704934985 220143.0 252.0 46024.0 0.866732547686 110071.0 219.0 22596.0 0.902255095572 55036.0 188.0 11515.0 0.926657072764
47 3087547 398 1181981 1543774.0 326.0 590515.0 0.775727378074 771887.0 304.0 294890.0 0.74348048968 385943.0 248.0 147361.0 0.828406919901 192972.0 214.0 74192.0 0.867233787534 96486.0 190.0 37010.0 0.881769458804 48243.0 168.0 18500.0 0.896188756685
52 6582515 1184 1521991 3291258.0 932.0 762242.0 0.410245146001 1645629.0 778.0 380450.0 0.486615926758 822814.0 656.0 190334.0 0.545316136031 411407.0 574.0 95787.0 0.548297996009 205704.0 436.0 47886.0 0.702693272032 102852.0 354.0 23868.0 0.794145919643
57 3108748 363 340541 1554374.0 308.0 170104.0 0.809249560108 777187.0 272.0 85195.0 0.842677242201 388594.0 247.0 42728.0 0.840009422188 194297.0 194.0 21331.0 0.936316682965 97148.0 175.0 10540.0 0.941222057119 48574.0 152.0 5270.0 0.972174593032
70 4452773 443 1099269 2226387.0 375.0 551113.0 0.776968820429 1113193.0 338.0 274911.0 0.771839850205 556597.0 294.0 137934.0 0.815434223118 278298.0 252.0 68980.0 0.860321567264 139149.0 218.0 34384.0 0.892683212226 69575.0 188.0 17042.0 0.918325190348
72 3072622 426 416854 1536311.0 372.0 207912.0 0.874504618719 768156.0 333.0 103637.0 0.894747416948 384078.0 291.0 52291.0 0.920317220366 192039.0 259.0 26139.0 0.941662406665 96019.0 234.0 13090.0 0.939059504348 48010.0 196.0 6719.0 0.972802195744
74 4237806 1092 495723 2118903.0 942.0 248241.0 0.750890296671 1059452.0 836.0 123883.0 0.760481350158 529726.0 715.0 62394.0 0.80182517899 264863.0 627.0 31558.0 0.811302223924 132431.0 512.0 15489.0 0.878228114408 66216.0 441.0 7862.0 0.904556472081
78 3367301 437 829592 1683651.0 356.0 415556.0 0.795870204969 841825.0 308.0 207576.0 0.849770827765 420913.0 277.0 103713.0 0.852741471836 210456.0 239.0 51762.0 0.887504674659 105228.0 208.0 26013.0 0.911360248708 52614.0 184.0 12879.0 0.919778883469
84 3501560 380 827271 1750780.0 311.0 414046.0 0.896442412617 875390.0 298.0 206579.0 0.858484123082 437695.0 267.0 103316.0 0.887052415066 218848.0 229.0 51634.0 0.917659636675 109424.0 196.0 25984.0 0.944213393338 54712.0 175.0 12835.0 0.969424967313
87 3067465 760 508424 1533733.0 624.0 253882.0 0.801928769043 766866.0 567.0 126908.0 0.787080875199 383433.0 490.0 63640.0 0.818508698743 191717.0 427.0 31878.0 0.841312974933 95858.0 383.0 15830.0 0.824432262943 47929.0 306.0 7976.0 0.895493600665
97 3472994 822 381300 1736497.0 699.0 191112.0 0.731751331802 868249.0 640.0 95893.0 0.712448392528 434124.0 547.0 47693.0 0.75240063662 217062.0 463.0 23726.0 0.789089596547 108531.0 401.0 11928.0 0.81051247683 54266.0 331.0 5982.0 0.85786496282
101 3613878 456 904983 1806939.0 394.0 452549.0 0.727106791965 903470.0 343.0 224900.0 0.762398070172 451735.0 311.0 113371.0 0.762161673682 225867.0 264.0 56462.0 0.803686968909 112934.0 221.0 28165.0 0.860422515553 56467.0 196.0 14174.0 0.861699495041
141 3472453 425 1100848 1736227.0 340.0 550864.0 0.80395993465 868113.0 309.0 275204.0 0.81165734684 434057.0 252.0 137635.0 0.894118175605 217028.0 223.0 69174.0 0.909019068149 108514.0 202.0 34418.0 0.911864862731 54257.0 166.0 17170.0 0.955742092692
174 3402129 553 838306 1701065.0 469.0 418919.0 0.859593706832 850532.0 421.0 209721.0 0.870456089428 425266.0 371.0 105149.0 0.892162830239 212633.0 335.0 52392.0 0.893263952529 106317.0 296.0 26219.0 0.898159337843 53158.0 252.0 13261.0 0.930701022661
179 3228844 538 684179 1614422.0 447.0 341770.0 0.74458982148 807211.0 394.0 171208.0 0.772808576673 403606.0 322.0 85340.0 0.849380764014 201803.0 290.0 42916.0 0.865088253969 100901.0 240.0 21317.0 0.913249082015 50451.0 212.0 10648.0 0.924189491704
180 74509634 1555 10620353 37254817.0 1366.0 5310712.0 0.889328738198 18627409.0 1227.0 2654374.0 0.912973857027 9313704.0 1130.0 1327228.0 0.917822621573 4656852.0 993.0 663799.0 0.947535138495 2328426.0 887.0 331994.0 0.95842943372 1164213.0 829.0 165586.0 0.949500961054
196 4561087 648 1340224 2280544.0 549.0 670492.0 0.717643425518 1140272.0 477.0 335533.0 0.749873575036 570136.0 418.0 166909.0 0.778976846813 285068.0 358.0 83905.0 0.816628581237 142534.0 319.0 41691.0 0.822121620185 71267.0 267.0 20939.0 0.866494307398
199 3896075 440 918934 1948038.0 373.0 459924.0 0.723360529338 974019.0 343.0 230349.0 0.710149713806 487009.0 284.0 115089.0 0.787946681689 243505.0 256.0 57120.0 0.788368607708 121752.0 215.0 29066.0 0.851695107014 60876.0 183.0 14330.0 0.870828056523
202 3213790 413 681832 1606895.0 351.0 340738.0 -0.0801711997366 803448.0 318.0 170296.0 -0.190796899834 401724.0 286.0 85234.0 -0.321711264608 200862.0 230.0 42735.0 -0.299968878115 100431.0 200.0 21282.0 -0.391835456804 50215.0 148.0 10638.0 -0.168885732369
217 10050053 2011 1448271 5025027.0 1566.0 724330.0 -0.429907227884 2512513.0 1370.0 362429.0 -0.540210816292 1256257.0 1132.0 180862.0 -0.563918362609 628128.0 921.0 89978.0 -0.565625847311 314064.0 743.0 45232.0 -0.480121589429 157032.0 561.0 22542.0 -0.398417381099
225 3034117 630 776418 1517059.0 505.0 388321.0 0.705238433055 758529.0 453.0 193878.0 0.700491432475 379265.0 380.0 96819.0 0.75720960934 189632.0 335.0 48699.0 0.764337965085 94816.0 282.0 24339.0 0.798402976429 47408.0 231.0 12174.0 0.847051642026
230 3109894 413 370984 1554947.0 339.0 185139.0 0.775523386053 777474.0 297.0 92739.0 0.80538366204 388737.0 268.0 46377.0 0.814283817618 194368.0 216.0 23095.0 0.905424211786 97184.0 201.0 11567.0 0.883633116986 48592.0 164.0 5880.0 0.947120424396
252 3813818 563 982050 1906909.0 476.0 490653.0 0.737074409477 953455.0 425.0 245589.0 0.746863376844 476727.0 366.0 122638.0 0.791878725828 238364.0 312.0 61435.0 0.842622533392 119182.0 263.0 30712.0 0.890644129692 59591.0 228.0 15369.0 0.9057949191
260 3003966 436 515709 1501983.0 384.0 257520.0 0.792969194145 750992.0 335.0 128992.0 0.817419787057 375496.0 299.0 64397.0 0.825483087811 187748.0 261.0 32195.0 0.855809045338 93874.0 230.0 16111.0 0.880679995033 46937.0 204.0 8074.0 0.881079270142
272 3193092 494 901478 1596546.0 416.0 451050.0 0.836700819012 798273.0 363.0 225201.0 0.869248001463 399137.0 332.0 112838.0 0.86629045009 199568.0 288.0 56329.0 0.895913130773 99784.0 248.0 28131.0 0.930948892566 49892.0 213.0 14084.0 0.958000959187
277 3249446 503 1211513 1624723.0 426.0 605231.0 0.811187272647 812362.0 369.0 301777.0 0.852692879286 406181.0 333.0 152277.0 0.85262195454 203090.0 275.0 75883.0 0.91484572718 101545.0 242.0 37760.0 0.936014669659 50773.0 219.0 18840.0 0.941038162463
284 4385246 964 263630 2192623.0 784.0 131678.0 0.762356280161 1096312.0 723.0 66165.0 0.733283086821 548156.0 635.0 33039.0 0.741236146327 274078.0 551.0 16714.0 0.762028096965 137039.0 471.0 8269.0 0.782775127161 68519.0 403.0 4269.0 0.811421194366
291 3985888 667 884552 1992944.0 552.0 441926.0 0.210589130473 996472.0 486.0 221191.0 0.187547382918 498236.0 425.0 110390.0 0.137607923135 249118.0 337.0 55172.0 0.258053919931 124559.0 293.0 27937.0 0.227957126189 62280.0 234.0 13811.0 0.287475188977
303 3322792 478 615951 1661396.0 406.0 308195.0 0.831817959848 830698.0 356.0 154281.0 0.851558230394 415349.0 312.0 77091.0 0.879020674859 207675.0 279.0 38143.0 0.88182655383 103837.0 253.0 19207.0 0.872833268898 51919.0 211.0 9783.0 0.908251996364
304 5342912 1070 427304 2671456.0 911.0 213639.0 0.62552555191 1335728.0 822.0 107045.0 0.598822816406 667864.0 733.0 53473.0 0.568693050758 333932.0 618.0 26878.0 0.596252412901 166966.0 524.0 13254.0 0.611485446628 83483.0 444.0 6783.0 0.627470404192
307 4065417 495 1225958 2032709.0 399.0 612731.0 0.843679708436 1016354.0 370.0 307464.0 0.825365757846 508177.0 333.0 153625.0 0.83504532199 254089.0 285.0 76427.0 0.871847158079 127044.0 251.0 38291.0 0.89188408428 63522.0 219.0 19216.0 0.91732052019
312 2998229 387 341116 1499115.0 312.0 170031.0 0.841710466455 749557.0 284.0 85389.0 0.844059583514 374779.0 236.0 42511.0 0.910147547792 187389.0 218.0 21466.0 0.90373391995 93695.0 190.0 10709.0 0.9273008617 46847.0 168.0 5347.0 0.946917241398
320 3107563 541 747892 1553782.0 438.0 374038.0 0.707297063899 776891.0 387.0 186746.0 0.739108236239 388445.0 347.0 93834.0 0.735078900239 194223.0 290.0 46752.0 0.779931132553 97111.0 245.0 23528.0 0.836095898126 48556.0 211.0 11736.0 0.858961669994
329 4041828 529 673509 2020914.0 439.0 336637.0 0.840188516139 1010457.0 406.0 168295.0 0.828314510785 505229.0 359.0 84509.0 0.851744222225 252614.0 304.0 42008.0 0.902397055293 126307.0 267.0 20916.0 0.915638519657 63154.0 234.0 10446.0 0.929481803928
341 3094940 431 1028763 1547470.0 358.0 514572.0 0.775450457166 773735.0 302.0 257155.0 0.838924477625 386868.0 270.0 128370.0 0.854906774143 193434.0 238.0 64713.0 0.863935203816 96717.0 203.0 32431.0 0.907760930622 48358.0 172.0 16127.0 0.931299618478
353 3557541 425 816048 1778771.0 351.0 406580.0 0.684986767561 889385.0 302.0 204347.0 0.73232899648 444693.0 261.0 101798.0 0.773040866 222346.0 230.0 51281.0 0.773065024467 111173.0 194.0 25621.0 0.846108896383 55587.0 160.0 12629.0 0.908436273512
385 4055750 758 548772 2027875.0 638.0 274586.0 0.432940700957 1013938.0 564.0 137592.0 0.420909734859 506969.0 487.0 68783.0 0.4316687535 253484.0 409.0 34470.0 0.494130064388 126742.0 340.0 17120.0 0.545563051534 63371.0 264.0 8570.0 0.689643041551
389 3027149 341 577987 1513575.0 299.0 288730.0 0.886286320622 756787.0 274.0 144734.0 0.888007271052 378394.0 236.0 72462.0 0.920175478055 189197.0 217.0 36181.0 0.925044648367 94598.0 191.0 18019.0 0.940243410807 47299.0 164.0 9034.0 0.946302123057
398 3112463 521 472190 1556232.0 449.0 236316.0 0.79474245619 778116.0 401.0 118899.0 0.806693006957 389058.0 346.0 58815.0 0.840084795961 194529.0 311.0 29246.0 0.833117798521 97264.0 254.0 14858.0 0.889428255637 48632.0 224.0 7441.0 0.908698420744
409 3037670 465 440241 1518835.0 399.0 219532.0 0.850781123556 759418.0 366.0 110136.0 0.847672863151 379709.0 310.0 54747.0 0.894689316801 189854.0 270.0 27710.0 0.917028286891 94927.0 241.0 13821.0 0.916592239291 47464.0 212.0 6873.0 0.924369017648
467 3001944 413 1032471 1500972.0 346.0 517051.0 0.677340073873 750486.0 301.0 258629.0 0.715468594415 375243.0 274.0 129227.0 0.697713029569 187622.0 227.0 64541.0 0.773381062303 93811.0 200.0 32301.0 0.782372570803 46905.0 159.0 16230.0 0.855668836002
476 2967760 524 533567 1483880.0 436.0 266338.0 0.662940560397 741940.0 385.0 133181.0 0.679184336769 370970.0 324.0 66569.0 0.721188681573 185485.0 276.0 33524.0 0.753896609375 92743.0 244.0 16629.0 0.733129237668 46371.0 209.0 8328.0 0.771579508142
574 3419284 400 740811 1709642.0 355.0 369701.0 0.838139865252 854821.0 329.0 185464.0 0.817422150133 427411.0 295.0 92558.0 0.830472783071 213705.0 257.0 46141.0 0.857977784346 106853.0 229.0 23115.0 0.865480946664 53426.0 196.0 11560.0 0.892429703643
579 3336679 449 575228 1668340.0 379.0 287186.0 0.583294350687 834170.0 326.0 143406.0 0.628123536448 417085.0 280.0 72143.0 0.677682014039 208542.0 243.0 36055.0 0.704978200954 104271.0 203.0 18158.0 0.741535865193 52136.0 173.0 9012.0 0.757765774063
585 3288696 429 527534 1644348.0 361.0 263125.0 0.874080493901 822174.0 315.0 132531.0 0.901709421632 411087.0 282.0 65624.0 0.920267103171 205544.0 246.0 32901.0 0.947046685758 102772.0 211.0 16556.0 0.974798235715 51386.0 191.0 8279.0 0.973742047369
605 3232980 367 1350177 1616490.0 311.0 674922.0 0.833214315817 808245.0 282.0 338003.0 0.838485036108 404123.0 252.0 168838.0 0.850871230687 202061.0 212.0 84665.0 0.906893650822 101031.0 184.0 42286.0 0.930405529851 50515.0 157.0 21069.0 0.965877610491
620 3403221 439 899486 1701611.0 369.0 449059.0 0.86185476189 850805.0 317.0 225142.0 0.903412003772 425403.0 296.0 111717.0 0.894400889249 212701.0 258.0 56049.0 0.912465392808 106351.0 225.0 28133.0 0.943801847021 53175.0 197.0 13862.0 0.95369063153
633 3219922 406 393458 1609961.0 343.0 197298.0 0.715564312594 804981.0 277.0 98641.0 0.826525936124 402490.0 261.0 49191.0 0.802008054516 201245.0 209.0 24620.0 0.895810641064 100623.0 174.0 12354.0 0.948080210031 50311.0 153.0 6191.0 0.961563343322
644 3837852 743 546068 1918926.0 615.0 273251.0 0.691214232386 959463.0 566.0 136609.0 0.655308285926 479732.0 491.0 68218.0 0.666811073921 239866.0 422.0 33973.0 0.695604750854 119933.0 356.0 16986.0 0.745703711794 59966.0 302.0 8616.0 0.790016941075
668 2960041 414 266667 1480021.0 349.0 133436.0 0.763893082505 740010.0 312.0 66894.0 0.772943902562 370005.0 270.0 33351.0 0.816539826365 185003.0 240.0 16703.0 0.829473193629 92501.0 218.0 8324.0 0.804684138438 46251.0 168.0 4109.0 0.936969648745
669 3464639 536 680067 1732320.0 465.0 340737.0 0.807941710555 866160.0 402.0 169293.0 0.841419499356 433080.0 360.0 85617.0 0.849975677709 216540.0 312.0 42628.0 0.884433873328 108270.0 267.0 21311.0 0.917046516355 54135.0 225.0 10599.0 0.961413537134
688 2940012 605 479412 1470006.0 500.0 240446.0 0.638884124034 735003.0 460.0 119747.0 0.593659610476 367502.0 391.0 60038.0 0.628117359076 183751.0 340.0 30123.0 0.663326958126 91875.0 275.0 15054.0 0.707157828039 45938.0 233.0 7425.0 0.747783351633
692 3082693 551 622904 1541347.0 451.0 310887.0 0.830507197202 770673.0 402.0 156504.0 0.838870019383 385337.0 362.0 77911.0 0.845649746127 192668.0 312.0 38960.0 0.869852276703 96334.0 281.0 19366.0 0.870842252425 48167.0 236.0 9732.0 0.915683566889
710 3750216 434 1387722 1875108.0 378.0 692930.0 0.783045041873 937554.0 334.0 346508.0 0.819410205776 468777.0 290.0 173621.0 0.849573896869 234389.0 260.0 86165.0 0.864156404321 117194.0 216.0 43331.0 0.916272480268 58597.0 184.0 21651.0 0.945842714768
716 3634917 542 616836 1817459.0 455.0 308863.0 0.732089254221 908729.0 428.0 153835.0 0.696070868498 454365.0 352.0 77172.0 0.772468510105 227182.0 308.0 38625.0 0.792476473662 113591.0 268.0 19303.0 0.808686399142 56796.0 223.0 9611.0 0.870652177723
719 2963210 393 687918 1481605.0 325.0 344541.0 0.812385547435 740803.0 290.0 171245.0 0.825077962225 370401.0 249.0 86720.0 0.864008190357 185201.0 218.0 43130.0 0.900992290055 92600.0 186.0 21513.0 0.935434165105 46300.0 160.0 10755.0 0.954618676653
730 3173299 532 726081 1586650.0 445.0 362814.0 0.744788711834 793325.0 401.0 182091.0 0.745410314567 396662.0 353.0 90568.0 0.76811070587 198331.0 288.0 45467.0 0.853805469292 99166.0 253.0 22768.0 0.865513126717 49583.0 209.0 11373.0 0.912899654609
746 2997172 371 773019 1498586.0 316.0 386893.0 0.782194621029 749293.0 282.0 193570.0 0.803561526137 374647.0 242.0 96666.0 0.841713653063 187323.0 211.0 48422.0 0.867086092403 93662.0 179.0 24240.0 0.894016266051 46831.0 151.0 12071.0 0.947867531762
756 3376985 490 701319 1688493.0 414.0 351127.0 0.727067499321 844246.0 355.0 175484.0 0.766894177214 422123.0 315.0 87503.0 0.786954861158 211062.0 282.0 43757.0 0.793012313736 105531.0 230.0 21873.0 0.866917469524 52765.0 187.0 11045.0 0.931991331689
778 3495961 471 799897 1747981.0 385.0 400091.0 -0.131185625914 873990.0 347.0 201196.0 -0.246871508408 436995.0 280.0 100169.0 -0.159031775434 218498.0 226.0 49882.0 -0.0825967436062 109249.0 183.0 25003.0 0.00834211556778 54624.0 151.0 12680.0 0.00790405022132
783 3750042 501 1077921 1875021.0 425.0 540131.0 0.788069518193 937511.0 387.0 270453.0 0.790412861033 468755.0 336.0 134256.0 0.822495498207 234378.0 292.0 67284.0 0.847037198389 117189.0 259.0 33798.0 0.852802091102 58594.0 210.0 16681.0 0.912614835702
790 7718358 4809 671069 3859179.0 4128.0 335517.0 0.851529419794 1929590.0 3753.0 168145.0 0.835097991615 964795.0 3275.0 83460.0 0.839772809943 482397.0 2848.0 41847.0 0.834958150111 241199.0 2416.0 21146.0 0.845172646525 120599.0 2067.0 10394.0 0.839723456358
791 3165935 356 934117 1582968.0 290.0 466918.0 0.7509584201 791484.0 262.0 233616.0 0.754607253955 395742.0 233.0 116676.0 0.773169777487 197871.0 201.0 58131.0 0.807731670348 98935.0 174.0 29233.0 0.847863648255 49468.0 151.0 14650.0 0.874170124297
792 5387979 508 913756 2693990.0 423.0 456995.0 0.268439722182 1346995.0 391.0 228773.0 0.148184614611 673497.0 339.0 113504.0 0.102819091995 336749.0 277.0 57012.0 0.124397227833 168374.0 242.0 28431.0 0.0758839773843 84187.0 216.0 14092.0 -0.0990543085608
804 3051980 409 1219802 1525990.0 353.0 610254.0 0.799881469882 762995.0 308.0 305223.0 0.832734836998 381498.0 276.0 152267.0 0.852226621329 190749.0 244.0 76173.0 0.8514165752 95374.0 210.0 37837.0 0.896902914016 47687.0 184.0 19373.0 0.907762003691
808 2992055 416 1009052 1496028.0 345.0 505210.0 0.825446012679 748014.0 305.0 252466.0 0.851631466891 374007.0 270.0 126375.0 0.872511040306 187003.0 222.0 63183.0 0.942430368258 93502.0 204.0 31452.0 0.936698864124 46751.0 169.0 15703.0 0.976678780889
811 3184153 422 686264 1592077.0 347.0 343887.0 0.765884517648 796038.0 304.0 171520.0 0.809510743804 398019.0 269.0 86319.0 0.822470432076 199010.0 226.0 42665.0 0.877436380787 99505.0 200.0 21383.0 0.892666981143 49752.0 178.0 10762.0 0.893694183638
818 3109453 454 939654 1554727.0 374.0 469656.0 0.887865904689 777363.0 348.0 234509.0 0.874045901984 388682.0 304.0 117283.0 0.908738186575 194341.0 273.0 58712.0 0.903101247365 97170.0 240.0 29476.0 0.924293367075 48585.0 207.0 14803.0 0.945022435587
819 3019809 431 777868 1509905.0 355.0 388289.0 0.886287507551 754952.0 316.0 194622.0 0.907800964012 377476.0 279.0 97074.0 0.927086536818 188738.0 245.0 48504.0 0.958592310843 94369.0 204.0 24327.0 0.984877083546 47185.0 192.0 12017.0 0.975810900023
822 3286029 461 962392 1643015.0 390.0 481262.0 0.741796441138 821507.0 337.0 240964.0 0.778921884832 410754.0 308.0 119861.0 0.765908800937 205377.0 253.0 60048.0 0.85494434611 102688.0 209.0 29921.0 0.903233787636 51344.0 185.0 15209.0 0.918659820666
838 3527134 598 678297 1763567.0 509.0 338484.0 0.718385782103 881784.0 441.0 169349.0 0.739544458492 440892.0 383.0 84621.0 0.774647957703 220446.0 322.0 42127.0 0.820702045309 110223.0 290.0 21179.0 0.804270334842 55111.0 248.0 10536.0 0.835456553797
847 3362293 426 853256 1681147.0 355.0 426914.0 0.751054148249 840573.0 306.0 212902.0 0.79999812665 420287.0 274.0 106722.0 0.815918612326 210143.0 237.0 53068.0 0.859104079592 105072.0 199.0 27011.0 0.901307851466 52536.0 162.0 13239.0 0.96295547576
848 2969120 466 538327 1484560.0 392.0 268823.0 0.676604881572 742280.0 341.0 133889.0 0.706919269623 371140.0 282.0 67266.0 0.775405638322 185570.0 249.0 33632.0 0.812099212596 92785.0 214.0 16766.0 0.830701545675 46393.0 174.0 8476.0 0.913159927284
853 4085768 868 345661 2042884.0 722.0 173174.0 0.643126753498 1021442.0 643.0 86941.0 0.649057399828 510721.0 569.0 43044.0 0.638931591223 255361.0 488.0 21531.0 0.677707622764 127680.0 381.0 10899.0 0.774869078654 63840.0 314.0 5498.0 0.834799360631
859 3161936 509 520609 1580968.0 432.0 261053.0 0.771089611124 790484.0 382.0 129961.0 0.792983476767 395242.0 343.0 64878.0 0.795856366488 197621.0 294.0 32392.0 0.845685071807 98811.0 243.0 16257.0 0.901512060556 49405.0 212.0 8101.0 0.904731698782
886 3538521 455 773695 1769261.0 386.0 386295.0 0.69672517286 884630.0 342.0 192870.0 0.705036526974 442315.0 317.0 96736.0 0.680734139349 221158.0 271.0 48495.0 0.716080271751 110579.0 230.0 23969.0 0.7779646181 55289.0 178.0 12055.0 0.882212413577
894 3313718 638 918783 1656859.0 527.0 459800.0 0.256807219439 828430.0 447.0 229993.0 0.287101105545 414215.0 388.0 115157.0 0.289565739371 207107.0 339.0 57361.0 0.260952547107 103554.0 275.0 28744.0 0.304677320311 51777.0 216.0 14434.0 0.430092288777
940 5342546 712 465107 2671273.0 594.0 232729.0 0.548309649267 1335637.0 531.0 115854.0 0.545555874738 667818.0 452.0 58198.0 0.609022937057 333909.0 378.0 28971.0 0.673381599904 166955.0 323.0 14551.0 0.72298632595 83477.0 261.0 7274.0 0.803528768543
946 3158453 610 591984 1579227.0 499.0 295867.0 0.77584561632 789613.0 441.0 148238.0 0.787059642197 394807.0 394.0 73922.0 0.793135683302 197403.0 338.0 37034.0 0.835573440078 98702.0 290.0 18302.0 0.853890252021 49351.0 236.0 9294.0 0.910195148511
957 3368736 632 663218 1684368.0 533.0 331538.0 0.574345850756 842184.0 472.0 165583.0 0.575423924077 421092.0 403.0 82778.0 0.60140736843 210546.0 345.0 41188.0 0.609044709076 105273.0 301.0 20764.0 0.623608363757 52637.0 238.0 10446.0 0.695244257498
959 3016146 374 926389 1508073.0 314.0 463336.0 0.809395262283 754037.0 286.0 231106.0 0.816687856056 377018.0 242.0 115585.0 0.871923728601 188509.0 208.0 57805.0 0.909031386989 94255.0 193.0 29198.0 0.878742718075 47127.0 163.0 14697.0 0.911969010654
970 3346064 796 600576 1673032.0 673.0 300416.0 0.648400573393 836516.0 591.0 150191.0 0.651991140081 418258.0 491.0 75509.0 0.717744286777 209129.0 429.0 37326.0 0.743008773195 104565.0 361.0 18653.0 0.786249844594 52282.0 291.0 9535.0 0.855470364071
972 4727340 756 509159 2363670.0 632.0 255106.0 0.646840592363 1181835.0 554.0 127363.0 0.658852165483 590918.0 493.0 63778.0 0.661868664327 295459.0 416.0 31711.0 0.716528595002 147729.0 355.0 15898.0 0.73576868771 73865.0 289.0 8039.0 0.808404216498
1003 3717194 958 318467 1858597.0 805.0 159426.0 0.536985890379 929299.0 740.0 79583.0 0.483964477067 464649.0 641.0 39822.0 0.496790520114 232325.0 515.0 19964.0 0.55795345214 116162.0 431.0 10079.0 0.58592096544 58081.0 346.0 4938.0 0.661495567639
1025 5791644 896 1687577 2895822.0 717.0 844502.0 0.476347675295 1447911.0 608.0 421235.0 0.537355309642 723956.0 523.0 210813.0 0.568725856747 361978.0 451.0 105080.0 0.608479796858 180989.0 374.0 52900.0 0.67553351979 90494.0 310.0 26362.0 0.748561597471
1036 5937627 764 875005 2968814.0 646.0 437588.0 0.65147808232 1484407.0 571.0 218966.0 0.665601813029 742203.0 508.0 109598.0 0.666080390996 371102.0 437.0 54404.0 0.702136701338 185551.0 380.0 27557.0 0.723875229888 92775.0 318.0 13502.0 0.760442184041
1046 3177057 715 636552 1588529.0 602.0 318024.0 0.818560868086 794264.0 530.0 159224.0 0.839187864781 397132.0 476.0 79391.0 0.837390794293 198566.0 407.0 39847.0 0.863512126605 99283.0 376.0 19857.0 0.840587459898 49642.0 309.0 9990.0 0.886625702132
1059 13469935 5221 1468599 6734968.0 4502.0 734719.0 0.801977548204 3367484.0 4069.0 367083.0 0.784857660564 1683742.0 3648.0 184301.0 0.762404349015 841871.0 3167.0 91504.0 0.755143973656 420935.0 2710.0 45621.0 0.751670152079 210468.0 2302.0 22873.0 0.736563448425
1081 3309419 514 583095 1654710.0 439.0 292104.0 0.904428708874 827355.0 393.0 145816.0 0.919947871025 413677.0 350.0 73302.0 0.934019974924 206839.0 309.0 36766.0 0.947871820659 103419.0 282.0 18182.0 0.937726573199 51710.0 238.0 8913.0 0.974788697085
1090 3449219 617 440247 1724610.0 499.0 220631.0 0.48317249997 862305.0 430.0 109830.0 0.507796690606 431152.0 365.0 55072.0 0.545801814739 215576.0 302.0 27507.0 0.599269514123 107788.0 255.0 13827.0 0.620117880953 53894.0 227.0 6888.0 0.608524219091
1093 6733547 931 553186 3366774.0 832.0 276697.0 0.961830150326 1683387.0 766.0 138985.0 0.962341177811 841693.0 693.0 68965.0 0.969125155922 420847.0 621.0 34354.0 0.978303241903 210423.0 558.0 17379.0 0.984226360376 105212.0 490.0 8648.0 0.989741920383
1103 5501151 1202 690657 2750576.0 979.0 344311.0 0.368257516705 1375288.0 863.0 172868.0 0.363808173723 687644.0 713.0 86985.0 0.418428471572 343822.0 588.0 42918.0 0.491121191995 171911.0 490.0 21505.0 0.525903873119 85955.0 384.0 10784.0 0.629314531454
1121 2972561 378 819595 1486281.0 304.0 408925.0 0.870123536637 743140.0 274.0 204903.0 0.879811068921 371570.0 244.0 102211.0 0.896060801699 185785.0 202.0 50978.0 0.954358306581 92893.0 200.0 25717.0 0.914879993846 46446.0 159.0 12761.0 0.977544665126
1136 3352666 444 1137038 1676333.0 376.0 569381.0 0.675017772251 838167.0 328.0 284496.0 0.690431395758 419083.0 294.0 141830.0 0.682061692825 209542.0 244.0 71024.0 0.753903135995 104771.0 210.0 35466.0 0.785766404535 52385.0 200.0 17726.0 0.731474246762
1142 3893033 676 827241 1946517.0 566.0 413289.0 0.619721676301 973258.0 519.0 206899.0 0.576795623624 486629.0 441.0 103244.0 0.607323712059 243315.0 398.0 51456.0 0.556784737208 121657.0 343.0 25772.0 0.5522118882 60829.0 274.0 12921.0 0.604879171986
1151 3634452 426 638668 1817226.0 345.0 319038.0 0.856373214154 908613.0 326.0 159808.0 0.833022135687 454307.0 281.0 79699.0 0.876310262834 227153.0 250.0 39944.0 0.889534446241 113577.0 210.0 20020.0 0.938344340623 56788.0 190.0 10004.0 0.944106460875
1153 3293814 717 612667 1646907.0 583.0 305967.0 0.637542360716 823454.0 507.0 152911.0 0.666805555274 411727.0 439.0 76671.0 0.702951428874 205863.0 352.0 38279.0 0.792654155029 102932.0 317.0 19104.0 0.780458627325 51466.0 259.0 9612.0 0.835675766809
