797 797 8419.0 176 4963 4210.0 121.46 2482.8 0.944116913916 1.56848886134 4210.0 122.14 2481.78 0.94292989007 1.56938731695 4210.0 122.37 2484.31 0.943600275013 1.57036498716 4210.0 121.19 2483.04 0.938609654446 1.56440753831 4210.0 122.55 2484.34 0.940924785883 1.56920215723 4210.0 122.57 2477.45 0.940430217921 1.56853250732
218 218 7898.0 227 4653 3949.0 150.03 2323.53 0.926919540859 1.67550622846 3949.0 150.78 2327.53 0.926650761359 1.67668733838 3949.0 150.66 2319.77 0.927138526946 1.67579553904 3949.0 150.44 2323.71 0.926121262657 1.67688117663 3949.0 150.02 2327.88 0.926437928833 1.67496045112 3949.0 151.79 2323.6 0.92685967958 1.67886043746
1005 1005 7592.0 356 1923 3796.0 241.39 962.27 0.915665103357 1.63166561566 3796.0 240.83 962.69 0.914470607234 1.63040321335 3796.0 242.04 965.25 0.91636180719 1.63345154332 3796.0 241.57 964.41 0.918459741314 1.63364766065 3796.0 242.51 966.01 0.912920129981 1.63154568289 3796.0 241.36 960.0 0.91351598553 1.63075181341
421 421 7416.0 71 2973 3708.0 52.27 1487.45 0.962087842089 1.50413450835 3708.0 52.45 1486.01 0.96228904389 1.50593668777 3708.0 52.28 1484.67 0.963019531151 1.50527692932 3708.0 51.13 1488.92 0.961302251035 1.50033314233 3708.0 51.27 1487.61 0.962258304198 1.50064351096 3708.0 51.97 1486.89 0.961675160162 1.50261244658
754 754 7253.0 298 2600 3627.0 198.56 1294.56 0.950647559342 1.65981942319 3627.0 197.32 1298.35 0.948381426811 1.65653453009 3627.0 197.65 1303.74 0.949703763988 1.65886374041 3627.0 197.59 1301.05 0.950409624143 1.65778368144 3627.0 199.02 1298.09 0.950355088728 1.66035252499 3627.0 197.8 1305.83 0.949422844836 1.65856756063
991 991 7138.0 163 4163 3569.0 113.43 2080.36 0.934218151284 1.56134887216 3569.0 113.92 2086.47 0.93814698172 1.56453889291 3569.0 113.29 2076.8 0.931408125796 1.55872213717 3569.0 114.09 2080.65 0.931634456528 1.56052080816 3569.0 113.75 2079.78 0.931908941836 1.56009423946 3569.0 112.9 2083.87 0.932665660097 1.55944215385
22 22 7125.0 176 1654 3563.0 119.77 829.68 0.956933487756 1.58739296951 3563.0 119.86 828.61 0.954637482086 1.58603824214 3563.0 121.06 831.26 0.95525777469 1.58836484386 3563.0 120.11 830.53 0.953872302174 1.58443712453 3563.0 120.42 828.06 0.954398018073 1.58636313805 3563.0 119.07 826.18 0.956556820223 1.58389836721
704 704 7105.0 424 3292 3553.0 284.02 1638.39 0.873753718064 1.6562150865 3553.0 282.0 1642.38 0.872454725712 1.65426307703 3553.0 281.94 1648.75 0.873512951779 1.65516482944 3553.0 281.91 1648.47 0.876650911437 1.65634016666 3553.0 281.72 1646.94 0.878518243655 1.65733109051 3553.0 282.5 1646.73 0.873754886553 1.6557638073
451 451 7040.0 477 3658 3520.0 311.61 1831.05 0.884005568398 1.72981274592 3520.0 311.2 1828.82 0.882300259699 1.72878650567 3520.0 311.62 1826.52 0.882849485923 1.729184982 3520.0 309.83 1824.34 0.880584177698 1.72607070648 3520.0 313.56 1830.83 0.887299007063 1.73517469404 3520.0 311.24 1824.27 0.889255393728 1.73110734634
726 726 6750.0 259 2737 3375.0 172.47 1369.0 0.944288005039 1.6170326572 3375.0 173.39 1364.75 0.946439993537 1.61909525801 3375.0 172.7 1366.73 0.942940913617 1.61571278778 3375.0 172.91 1367.15 0.945563062559 1.61735852907 3375.0 172.75 1365.08 0.943877162207 1.6161221007 3375.0 171.97 1367.59 0.943775966381 1.61497717908
630 630 6216.0 409 2724 3108.0 272.95 1361.24 0.860136735473 1.66434864285 3108.0 273.92 1362.83 0.865437413063 1.66789673543 3108.0 273.17 1366.92 0.859575476706 1.66506349561 3108.0 273.04 1363.71 0.859010461251 1.66412378159 3108.0 273.91 1363.69 0.857700259491 1.66452541685 3108.0 273.2 1360.21 0.859150090803 1.66354869122
621 621 6169.0 72 4789 3085.0 51.62 2394.21 0.933279436109 1.50108391286 3085.0 52.12 2394.56 0.939547100246 1.50516161788 3085.0 52.06 2392.33 0.932025195111 1.50155772233 3085.0 51.94 2389.14 0.936713641975 1.50252364216 3085.0 51.64 2393.75 0.933862294146 1.50118446699 3085.0 51.35 2394.31 0.937632998894 1.50189703646
543 543 6159.0 448 3100 3080.0 288.42 1549.25 0.901869889532 1.73812749286 3080.0 287.0 1550.73 0.895168914935 1.7330062062 3080.0 287.08 1547.76 0.899288527886 1.73520455003 3080.0 286.77 1554.59 0.899005767861 1.73569682566 3080.0 287.33 1547.57 0.898055167621 1.73472002917 3080.0 287.16 1547.19 0.897715376014 1.73504785739
555 555 6154.0 235 2790 3077.0 160.76 1393.88 0.904065109373 1.66553363538 3077.0 160.0 1394.14 0.902048418643 1.66274779905 3077.0 159.36 1390.45 0.905813773535 1.66236631477 3077.0 160.01 1400.44 0.899287558245 1.66213411371 3077.0 160.37 1390.12 0.90442946908 1.66388159761 3077.0 159.54 1390.65 0.904266248168 1.66232540565
287 287 6137.0 127 3579 3069.0 91.54 1789.81 0.911808061644 1.53419333149 3069.0 90.01 1789.32 0.9026626648 1.52706172912 3069.0 91.08 1780.9 0.904776739804 1.53035644797 3069.0 90.71 1782.24 0.904828107229 1.52924594909 3069.0 90.25 1787.43 0.901267561881 1.52760836075 3069.0 90.5 1789.98 0.90690741762 1.52938686897
510 510 6136.0 459 2711 3068.0 303.94 1356.92 0.839019461926 1.67617889196 3068.0 302.6 1357.82 0.840110290936 1.67557693727 3068.0 303.27 1356.96 0.839353896167 1.67529896813 3068.0 302.94 1352.0 0.838997693564 1.67445337354 3068.0 303.29 1357.42 0.836586444223 1.67494896884 3068.0 303.25 1353.5 0.844207667029 1.67704801726
522 522 6075.0 425 3210 3038.0 271.2 1607.59 0.910785849557 1.74658781543 3038.0 272.38 1605.35 0.908914547301 1.74590033979 3038.0 272.03 1606.52 0.912581357241 1.74948405821 3038.0 269.9 1606.28 0.905806153818 1.74227592042 3038.0 271.71 1608.75 0.907539093749 1.74560096943 3038.0 270.94 1607.41 0.904976042584 1.74241477138
475 475 6052.0 132 2333 3026.0 85.98 1164.92 0.953779265209 1.59386028238 3026.0 86.25 1160.31 0.954875904992 1.59589900624 3026.0 85.19 1169.09 0.956972840304 1.59321687827 3026.0 86.92 1167.41 0.95798459484 1.60133170645 3026.0 85.81 1165.78 0.952850429212 1.59217052621 3026.0 85.76 1166.89 0.957139471125 1.59570896962
639 639 6040.0 116 2363 3020.0 82.21 1180.68 0.903571292403 1.56654475067 3020.0 81.96 1187.08 0.904961016942 1.56574568832 3020.0 81.8 1179.07 0.904037174912 1.56471880279 3020.0 82.69 1183.09 0.906026734373 1.5665196102 3020.0 81.59 1182.37 0.898782272615 1.56131392615 3020.0 82.35 1180.44 0.906020589719 1.56543305518
1137 1137 5945.0 513 2158 2973.0 343.46 1080.03 0.821774442984 1.68061371675 2973.0 340.85 1079.6 0.817326634807 1.67726200727 2973.0 342.3 1080.01 0.826011933348 1.68182213884 2973.0 342.64 1082.05 0.819130504911 1.67940569925 2973.0 341.15 1082.02 0.816964287118 1.67738934006 2973.0 341.38 1082.66 0.820745419331 1.67913384872
1008 1008 5944.0 223 2244 2972.0 151.28 1126.85 0.921602435786 1.58023596233 2972.0 150.36 1122.45 0.9186628333 1.57706473059 2972.0 149.51 1122.86 0.924344655008 1.5790883881 2972.0 150.91 1118.64 0.922103538407 1.5803196986 2972.0 150.77 1120.87 0.923966722333 1.57980415138 2972.0 150.6 1124.05 0.927618463874 1.58193453934
701 701 5910.0 467 2426 2955.0 294.0 1214.15 0.917996586491 1.71807662719 2955.0 296.51 1209.35 0.922987093602 1.72240099718 2955.0 295.41 1214.06 0.920990225492 1.72092747903 2955.0 294.95 1211.21 0.91803087054 1.71802234243 2955.0 295.81 1214.18 0.923955796011 1.72308724964 2955.0 294.59 1210.89 0.922885461184 1.71992832201
635 635 5907.0 163 2530 2954.0 107.08 1265.58 0.934992370196 1.59518614188 2954.0 108.37 1268.04 0.937634853565 1.59920219796 2954.0 108.26 1262.35 0.933541851349 1.59501739705 2954.0 107.88 1263.46 0.935524341615 1.59648559548 2954.0 107.32 1265.88 0.933744670124 1.59446242285 2954.0 107.06 1260.69 0.929383899703 1.5903736136
544 544 5866.0 365 2983 2933.0 241.37 1489.66 0.859442362988 1.67126796737 2933.0 243.23 1490.08 0.860118130294 1.6732933532 2933.0 243.62 1491.47 0.860125924398 1.67465061915 2933.0 243.33 1491.4 0.859556778599 1.67397577152 2933.0 241.6 1494.53 0.862401185403 1.67370405501 2933.0 243.43 1491.25 0.858867141703 1.67366130265
85 85 5660.0 389 2650 2830.0 264.82 1327.32 0.812038705342 1.66596314668 2830.0 263.98 1324.32 0.809966283487 1.66363903126 2830.0 264.22 1324.16 0.810854675424 1.66431184297 2830.0 263.25 1322.67 0.811696739735 1.66320432753 2830.0 263.87 1323.8 0.806862935609 1.66308770584 2830.0 262.52 1323.63 0.803017709717 1.65979957196
787 787 5613.0 328 1703 2807.0 208.35 850.83 0.947653972781 1.68576752626 2807.0 208.41 853.02 0.947193901041 1.68586289537 2807.0 208.31 851.48 0.947575353255 1.68470771304 2807.0 209.11 848.24 0.949699911823 1.68736850593 2807.0 208.37 851.78 0.948516821556 1.68479015493 2807.0 207.57 853.99 0.948442138993 1.68461736344
536 536 5599.0 356 2452 2800.0 243.23 1228.94 0.833052678966 1.63607489803 2800.0 244.08 1232.54 0.833797041481 1.63802599056 2800.0 243.92 1225.91 0.829681265544 1.63519221458 2800.0 242.78 1224.06 0.831142262287 1.63450436147 2800.0 243.04 1227.52 0.834826215462 1.63620394903 2800.0 241.99 1232.39 0.832912525321 1.63550009749
943 943 5467.0 179 3406 2734.0 119.77 1705.09 0.928107096999 1.60905195681 2734.0 119.82 1709.29 0.925257386853 1.60673810009 2734.0 120.14 1709.46 0.931679812514 1.61166539722 2734.0 119.76 1704.66 0.93523525954 1.61289172829 2734.0 119.82 1703.44 0.927237122232 1.60764720696 2734.0 119.93 1703.74 0.92840222797 1.60963500302
656 656 5462.0 197 2828 2731.0 138.86 1412.75 0.871723346473 1.63445643154 2731.0 139.27 1416.61 0.871577217328 1.63556024403 2731.0 138.07 1419.9 0.869024738134 1.63130297501 2731.0 138.54 1415.83 0.869214970787 1.63326072596 2731.0 138.83 1407.7 0.869832493891 1.63134977877 2731.0 138.31 1411.86 0.869934212326 1.63240225495
1052 1052 5379.0 412 2408 2690.0 267.7 1202.74 0.873744236903 1.69757570252 2690.0 268.97 1202.92 0.874715900083 1.69904915111 2690.0 267.74 1201.71 0.872621061721 1.69676575332 2690.0 267.57 1204.21 0.874937065792 1.69817800355 2690.0 266.62 1201.84 0.871316198623 1.69517199367 2690.0 268.1 1207.22 0.876613556051 1.70000072921
1060 1060 5304.0 406 2304 2652.0 255.85 1153.19 0.913998848251 1.70428238938 2652.0 257.82 1145.77 0.911250635926 1.70434391754 2652.0 256.8 1156.27 0.917507606933 1.70778830209 2652.0 257.06 1153.2 0.91802717521 1.70864247318 2652.0 256.17 1153.93 0.912073199944 1.70390714721 2652.0 259.7 1151.31 0.915415100689 1.70927762334
843 843 5213.0 357 2800 2607.0 227.87 1399.95 0.901027658395 1.72893045041 2607.0 228.52 1398.53 0.895048772023 1.72726212514 2607.0 226.86 1404.36 0.895578406514 1.72669383477 2607.0 228.67 1400.04 0.896267875752 1.72845770525 2607.0 227.77 1397.2 0.894905201937 1.72541156623 2607.0 226.72 1399.34 0.889959602319 1.72177720977
82 82 5159.0 355 2216 2580.0 239.63 1108.48 0.833140902797 1.64633597145 2580.0 237.21 1107.09 0.836153453647 1.64450863375 2580.0 237.54 1106.56 0.835437935594 1.64473452627 2580.0 238.35 1105.38 0.837117836997 1.64589253305 2580.0 240.14 1105.35 0.836848735939 1.64752436822 2580.0 238.26 1107.6 0.840339521222 1.64692918417
709 709 5043.0 159 2578 2522.0 98.98 1288.34 0.973439953869 1.62412562425 2522.0 99.55 1288.22 0.96981661337 1.62254488281 2522.0 99.68 1288.21 0.970186908753 1.62398866583 2522.0 99.48 1287.84 0.972711427063 1.62663463467 2522.0 99.52 1288.9 0.972497915494 1.6268091593 2522.0 99.89 1290.03 0.974178522771 1.62958492407
584 584 5032.0 344 2074 2516.0 233.75 1033.55 0.823922999686 1.63447045584 2516.0 231.8 1038.87 0.821594467245 1.63232309691 2516.0 232.76 1038.02 0.819987710373 1.63294329085 2516.0 232.71 1037.59 0.818580895726 1.63226595955 2516.0 233.62 1037.84 0.82106445317 1.63417893657 2516.0 233.63 1034.81 0.819056753665 1.63316085712
473 473 5007.0 115 2939 2504.0 82.25 1471.32 0.937788733084 1.55363416481 2504.0 82.57 1468.93 0.938176760147 1.55566706887 2504.0 81.79 1470.23 0.937915843815 1.55305943882 2504.0 82.79 1470.17 0.940431158678 1.55787463363 2504.0 81.97 1466.81 0.938144953528 1.55266490893 2504.0 82.14 1471.31 0.936427137289 1.55267714983
424 424 4860.0 477 2217 2430.0 295.56 1111.8 0.89774788537 1.77928174547 2430.0 294.37 1113.49 0.892492120917 1.77536476646 2430.0 292.66 1106.87 0.890125704203 1.77085088844 2430.0 294.06 1104.5 0.895194978385 1.77431570705 2430.0 294.85 1106.05 0.894216645937 1.77594129393 2430.0 294.06 1108.25 0.896113554998 1.77549729933
17 17 4702.0 174 1770 2351.0 117.0 884.71 0.936902627086 1.61643833639 2351.0 117.3 889.29 0.940585808264 1.61927179152 2351.0 117.26 883.77 0.940642300545 1.61833435382 2351.0 117.36 884.09 0.938431398745 1.6174460296 2351.0 116.74 887.01 0.936212136342 1.61402872736 2351.0 117.59 887.41 0.941822864424 1.62011970807
444 444 4599.0 109 2465 2300.0 75.92 1233.75 0.947313716666 1.54748867438 2300.0 77.09 1232.63 0.950933323139 1.55254641767 2300.0 77.26 1233.32 0.951133378465 1.55468183321 2300.0 77.05 1232.78 0.947855586158 1.55005090804 2300.0 77.41 1228.84 0.949608323512 1.5535439897 2300.0 77.34 1228.82 0.949670180518 1.5527474364
384 384 4540.0 354 1366 2270.0 240.63 684.71 0.848290596975 1.65559577607 2270.0 241.04 683.71 0.84378937262 1.65484983331 2270.0 240.19 683.28 0.850414827806 1.65640223103 2270.0 241.6 682.81 0.845829314477 1.65578737761 2270.0 240.64 678.75 0.844702018493 1.65450102297 2270.0 241.01 684.95 0.846361254292 1.65556217903
995 995 4540.0 141 2208 2270.0 100.73 1103.67 0.898576866335 1.55029752747 2270.0 101.63 1103.45 0.901796443288 1.55315523926 2270.0 100.98 1104.39 0.900008017578 1.55127718676 2270.0 100.15 1105.14 0.89815613304 1.54851614829 2270.0 101.47 1102.03 0.902588695111 1.55307139052 2270.0 100.89 1102.14 0.897491156521 1.5505246728
1002 1002 4480.0 135 2660 2240.0 95.75 1331.32 0.926323536157 1.5931030275 2240.0 95.49 1326.0 0.927369943621 1.59243492491 2240.0 95.72 1329.32 0.926742570929 1.59307966925 2240.0 95.22 1323.99 0.929077802923 1.59268504644 2240.0 96.02 1323.66 0.928162899799 1.59318786364 2240.0 95.46 1329.7 0.931142084897 1.594632487
534 534 4453.0 396 2227 2227.0 251.76 1114.44 0.897303275065 1.78564805354 2227.0 252.08 1112.55 0.897730214803 1.78591946856 2227.0 251.79 1114.66 0.898375932595 1.78633014602 2227.0 253.03 1110.96 0.901359506406 1.7887070723 2227.0 252.71 1114.26 0.901365072948 1.78922458343 2227.0 252.49 1115.16 0.89939903312 1.78873622581
26 26 4415.0 388 800 2208.0 264.89 401.91 0.811798443506 1.66025950069 2208.0 266.07 399.45 0.808450430539 1.66038095568 2208.0 266.5 400.91 0.809040138698 1.66094569486 2208.0 265.86 401.05 0.814577843418 1.66189891082 2208.0 267.48 398.56 0.817386082514 1.66416831881 2208.0 265.62 402.03 0.813534332073 1.66240211174
414 414 4276.0 376 1851 2138.0 239.31 923.8 0.893524811811 1.72481457735 2138.0 238.43 928.57 0.894988706437 1.72492581205 2138.0 238.6 931.3 0.897387842699 1.72662837163 2138.0 239.03 923.21 0.892500866624 1.72370589828 2138.0 238.8 929.66 0.896926747439 1.72708290029 2138.0 239.31 924.22 0.893328010809 1.72469432749
457 457 4254.0 147 1258 2127.0 104.0 628.43 0.888626018568 1.53216667001 2127.0 104.01 627.86 0.89110097633 1.53340917053 2127.0 104.31 631.26 0.893624151022 1.53545919047 2127.0 104.38 629.22 0.895459020915 1.5354157875 2127.0 103.92 632.97 0.892352791609 1.53468199761 2127.0 104.38 629.15 0.898416955123 1.53836676163
789 789 4178.0 394 1549 2089.0 256.94 773.07 0.856731925738 1.71216605634 2089.0 256.22 775.98 0.850669139382 1.70958442859 2089.0 255.85 773.52 0.849901999569 1.70851413273 2089.0 257.14 772.82 0.847358842288 1.70903560618 2089.0 256.17 774.38 0.845346332377 1.70655561529 2089.0 256.52 772.92 0.84591374689 1.70744853514
603 603 4136.0 170 1263 2068.0 121.12 628.75 0.883338817132 1.57242148378 2068.0 121.01 633.13 0.889627445633 1.57509989213 2068.0 121.17 635.71 0.884038373504 1.5733601911 2068.0 121.01 629.52 0.886647781851 1.57391898402 2068.0 120.99 633.13 0.882603210457 1.57229364671 2068.0 122.27 631.61 0.890910682419 1.57795493963
821 821 4131.0 252 1510 2066.0 168.27 753.08 0.867498218459 1.62232183319 2066.0 167.34 756.0 0.86579456836 1.62028253057 2066.0 167.48 753.4 0.86991225031 1.622065026 2066.0 167.34 757.98 0.873782459902 1.62411387389 2066.0 167.73 756.95 0.871895603614 1.62387240309 2066.0 167.08 754.22 0.863145246915 1.61959522443
316 316 4125.0 314 1773 2063.0 211.36 884.53 0.824420218333 1.66110100612 2063.0 213.15 888.55 0.831195394817 1.66669441192 2063.0 212.84 887.63 0.828438993994 1.66508986196 2063.0 212.94 885.76 0.834440963645 1.66716486629 2063.0 211.76 887.28 0.827238459844 1.66326628059 2063.0 212.65 884.99 0.82913998303 1.66485169334
765 765 4117.0 162 1812 2059.0 112.32 904.94 0.856737417581 1.55283671598 2059.0 112.88 905.92 0.856251360464 1.55436559279 2059.0 113.35 904.54 0.86259777291 1.55701555748 2059.0 112.37 909.79 0.856373479914 1.55283016424 2059.0 112.45 904.93 0.858593556211 1.55362479183 2059.0 112.38 906.42 0.863599771638 1.55526992179
423 423 4111.0 444 648 2056.0 298.66 323.87 0.844718163232 1.71399361434 2056.0 296.69 324.13 0.83636387722 1.70833647475 2056.0 297.38 322.15 0.842143460137 1.71135020351 2056.0 296.86 322.24 0.842951698336 1.71102804717 2056.0 296.49 322.89 0.837591863036 1.70951213639 2056.0 296.65 325.87 0.845710832424 1.71201753411
590 590 3938.0 122 1653 1969.0 85.9 827.44 0.84598868171 1.5157361743 1969.0 85.77 827.2 0.848893037164 1.51587060855 1969.0 86.0 827.43 0.849472512455 1.51683735056 1969.0 86.23 827.48 0.848749562689 1.5167554237 1969.0 86.71 825.07 0.857581366679 1.52007741977 1969.0 86.35 825.42 0.85698058988 1.51915047857
32 32 3699.0 102 1264 1850.0 74.24 632.37 0.938772534831 1.57138111191 1850.0 74.05 630.11 0.939801335454 1.57114916065 1850.0 74.08 631.33 0.944647157768 1.57425876765 1850.0 73.56 632.14 0.937027525701 1.56656171769 1850.0 73.83 633.57 0.941576162647 1.57147566057 1850.0 74.06 632.93 0.940588225868 1.57251752469
689 689 3573.0 209 2250 1787.0 148.44 1125.78 0.800934804194 1.69660041598 1787.0 149.84 1124.56 0.809388760133 1.70071481399 1787.0 149.58 1123.54 0.806849578353 1.70026279266 1787.0 149.51 1124.12 0.806636930494 1.69961549334 1787.0 149.43 1126.3 0.801903313343 1.69931024179 1787.0 150.22 1126.17 0.807787014052 1.70288229992
984 984 3412.0 358 1776 1706.0 219.07 884.59 0.865888049225 1.79761475185 1706.0 219.5 884.51 0.86905342622 1.79840236496 1706.0 219.76 889.15 0.871030472385 1.80333999223 1706.0 218.95 888.36 0.866277596687 1.79885112896 1706.0 219.78 887.96 0.873652809141 1.80266367504 1706.0 219.89 886.03 0.869676895906 1.80137490882
69 69 3352.0 318 1555 1676.0 202.78 779.42 0.900383781687 1.76507004423 1676.0 202.85 774.62 0.896893307793 1.76118896402 1676.0 203.58 777.77 0.896952044895 1.76451310244 1676.0 202.13 778.5 0.901712782608 1.76433791063 1676.0 202.83 779.09 0.899907419824 1.76526581449 1676.0 204.13 775.94 0.899813901514 1.76636837258
679 679 3245.0 183 1347 1623.0 124.83 676.02 0.910504388872 1.64739574291 1623.0 124.37 674.44 0.907289876078 1.64426500814 1623.0 123.91 673.31 0.908397783643 1.64374754283 1623.0 124.62 677.02 0.902187514289 1.64286584403 1623.0 125.06 674.04 0.915771746766 1.64973644019 1623.0 123.95 678.15 0.906094163668 1.64318542734
582 582 3155.0 438 335 1578.0 294.04 169.92 0.761569855998 1.70485301901 1578.0 294.14 169.16 0.759933531941 1.70461454876 1578.0 293.31 167.07 0.760663404604 1.70347808258 1578.0 293.88 167.15 0.761357841523 1.70401378147 1578.0 292.31 168.95 0.767339936518 1.7046769379 1578.0 294.07 167.08 0.756138699231 1.70294279285
96 96 3154.0 121 962 1577.0 89.71 478.89 0.88783415308 1.554986494 1577.0 88.97 481.21 0.885640840064 1.55312301096 1577.0 89.61 481.77 0.888289275865 1.55545347354 1577.0 89.67 478.32 0.885322162191 1.55406030335 1577.0 89.45 480.13 0.880400168556 1.55193437853 1577.0 88.76 481.32 0.881518133653 1.54987838561
209 209 2943.0 295 1439 1472.0 181.6 720.09 0.898931440521 1.77668541572 1472.0 183.03 720.55 0.901551168227 1.78079296225 1472.0 182.6 721.07 0.902426289299 1.7821742394 1472.0 182.12 718.0 0.893669917438 1.77319280331 1472.0 181.17 720.48 0.90003720526 1.77585456518 1472.0 181.86 718.28 0.896694699279 1.77424669124
463 463 2925.0 307 1447 1463.0 189.04 722.8 0.888541538222 1.78606614462 1463.0 188.83 725.72 0.892741138412 1.78933505429 1463.0 189.85 722.41 0.893751945086 1.79107001457 1463.0 189.07 722.95 0.889843741434 1.7874989036 1463.0 191.67 724.52 0.896576949842 1.79732589395 1463.0 188.75 724.8 0.886995255897 1.78594227018
234 234 2882.0 278 1277 1441.0 183.32 638.35 0.832143559126 1.71946086391 1441.0 184.75 636.75 0.833291795002 1.72225991688 1441.0 183.4 638.01 0.836868555275 1.72118917067 1441.0 185.28 636.07 0.840256387073 1.72549475073 1441.0 184.83 639.67 0.834344545455 1.72361279371 1441.0 183.73 637.24 0.841617425728 1.72320097618
705 705 2866.0 250 886 1433.0 180.32 439.4 0.744069374229 1.64683610716 1433.0 180.53 442.76 0.74441486826 1.64788972218 1433.0 179.19 441.15 0.739970935738 1.64443832786 1433.0 179.22 442.1 0.744537682837 1.6453889309 1433.0 180.75 443.28 0.748284874948 1.64872515243 1433.0 180.44 445.34 0.738275389616 1.64645656541
207 207 2851.0 11 2344 1426.0 8.97 1170.68 0.85144770037 1.31507401211 1426.0 9.07 1171.99 0.867803435865 1.31828891125 1426.0 9.15 1171.74 0.870411646066 1.32036978792 1426.0 9.17 1172.75 0.873567720293 1.32026141274 1426.0 9.11 1173.59 0.871612235218 1.31943091518 1426.0 9.06 1173.3 0.869695682856 1.3192580904
531 531 2786.0 260 1287 1393.0 172.4 642.25 0.837433266409 1.72302195086 1393.0 171.76 643.62 0.837704293893 1.7225012558 1393.0 171.94 642.88 0.841171645657 1.7237900274 1393.0 171.59 642.96 0.834337437947 1.72082605433 1393.0 170.81 641.79 0.840341469475 1.71982763439 1393.0 171.68 646.27 0.847166527912 1.72642120323
98 98 2680.0 277 1256 1340.0 175.85 622.94 0.854220694608 1.75452557787 1340.0 175.15 628.49 0.860331059916 1.75837348778 1340.0 176.47 626.83 0.860616530852 1.76051079398 1340.0 176.97 628.54 0.864919772996 1.76344028342 1340.0 176.36 628.23 0.868745824644 1.76339866534 1340.0 175.3 627.96 0.864795849908 1.76027225435
7 7 2643.0 288 1281 1322.0 181.17 640.38 0.862374549936 1.77916384613 1322.0 183.88 640.51 0.868822866264 1.78878482852 1322.0 184.29 638.6 0.872201426886 1.78940803905 1322.0 183.61 640.96 0.866260828985 1.78667777412 1322.0 183.19 640.47 0.868957954619 1.78723991975 1322.0 181.81 644.78 0.874743561951 1.78851638234
649 649 2535.0 238 561 1268.0 151.56 280.14 0.895701290801 1.67834077387 1268.0 151.61 280.03 0.895112550138 1.67732514277 1268.0 153.43 277.67 0.899923684913 1.68334037759 1268.0 152.39 278.56 0.901634342409 1.68274561567 1268.0 152.85 278.48 0.89394208115 1.68080356141 1268.0 151.87 279.94 0.899185241284 1.68046108221
1165 1165 2279.0 286 540 1140.0 180.82 269.89 0.855618119875 1.72411147055 1140.0 181.53 271.62 0.863694094042 1.72868617224 1140.0 181.85 271.22 0.857842105259 1.7260018661 1140.0 182.28 270.46 0.860338383717 1.72873985286 1140.0 182.4 267.41 0.855664886449 1.7250981835 1140.0 181.13 270.71 0.851540942232 1.72267872873
137 137 1847.0 152 746 924.0 97.8 376.15 0.896515955776 1.67922126545 924.0 97.84 372.68 0.893197900473 1.67623634298 924.0 97.46 374.38 0.895041380002 1.67613447598 924.0 97.08 371.62 0.896726245082 1.67600031226 924.0 97.41 372.1 0.895327876696 1.67653567103 924.0 98.21 370.78 0.897985909863 1.67940773767
77 77 1529.0 91 344 765.0 62.43 172.09 0.88899362043 1.58214336519 765.0 61.95 172.5 0.88476676026 1.57893882707 765.0 62.04 171.11 0.881359220054 1.57645090682 765.0 62.53 173.6 0.889168615419 1.58260335531 765.0 61.78 169.73 0.883083982128 1.57626038868 765.0 61.68 172.54 0.884062401239 1.57675624227
442 442 1502.0 269 174 751.0 164.03 90.28 0.878876697897 1.81073526054 751.0 164.43 89.87 0.878814973391 1.81232072247 751.0 165.29 89.75 0.88050949579 1.81483727688 751.0 164.29 89.03 0.877457192112 1.81003506729 751.0 165.24 89.19 0.879086135345 1.81458532723 751.0 166.23 90.07 0.880478243752 1.81815723182
659 659 1475.0 275 287 738.0 165.33 142.86 0.867176226397 1.82531959004 738.0 166.17 142.93 0.859494279523 1.825311165 738.0 166.25 142.7 0.872675557404 1.82957931949 738.0 165.3 144.37 0.86820070519 1.82741040418 738.0 166.06 143.66 0.867454301852 1.82784574501 738.0 166.87 144.4 0.875574179422 1.83415623549
350 350 1451.0 47 781 726.0 32.93 389.44 0.892428374786 1.5443922485 726.0 33.17 389.93 0.894348328965 1.5470180738 726.0 32.69 389.66 0.893568519886 1.54320238152 726.0 32.98 387.48 0.892670567747 1.54315912878 726.0 32.96 390.46 0.891004746411 1.54487490445 726.0 33.07 390.86 0.894859398877 1.54952138936
890 890 1416.0 299 157 708.0 185.54 80.31 0.813001851113 1.8416567342 708.0 186.65 77.9 0.816197432861 1.84443559019 708.0 185.84 78.64 0.822441320153 1.84630857797 708.0 187.3 78.67 0.824470838882 1.85062512593 708.0 186.35 79.84 0.822376924578 1.84666837476 708.0 185.41 78.26 0.814837362728 1.84147688046
581 581 1350.0 160 292 675.0 105.28 145.69 0.871390493657 1.72346474539 675.0 106.15 144.21 0.872046344798 1.72643899667 675.0 104.55 147.41 0.873775376167 1.7231126181 675.0 105.11 146.71 0.867941349874 1.72050748767 675.0 104.62 145.7 0.867866736975 1.72042030055 675.0 105.6 146.17 0.875315208751 1.72654949513
323 323 1330.0 294 156 665.0 182.36 78.99 0.806295480795 1.87135902083 665.0 181.73 76.68 0.813913071291 1.87127686982 665.0 181.91 79.37 0.811507475406 1.87417905141 665.0 181.97 77.61 0.799199751257 1.8676765881 665.0 182.81 78.39 0.808937955841 1.87296491195 665.0 182.67 79.45 0.801821730874 1.87258974082
1072 1072 1286.0 78 521 643.0 54.37 260.19 0.888531890679 1.60109041272 643.0 54.81 260.21 0.883146269103 1.60154520242 643.0 53.94 258.8 0.882234374769 1.59659325521 643.0 54.27 260.61 0.881778200542 1.59838263245 643.0 54.31 260.19 0.882079319079 1.60053662941 643.0 54.29 260.66 0.894803183359 1.60406879637
247 247 1271.0 315 211 636.0 187.43 105.19 0.832926611062 1.93706354478 636.0 187.11 104.74 0.825673481734 1.93074623015 636.0 187.73 108.05 0.826880480487 1.93615756086 636.0 187.7 103.8 0.820772598835 1.93072272374 636.0 188.32 105.5 0.836357646171 1.9393717787 636.0 188.43 105.97 0.835313357589 1.9389413328
1015 1015 1246.0 174 218 623.0 109.02 109.99 0.890542132672 1.74356883481 623.0 108.62 109.22 0.884937533665 1.73911201425 623.0 108.96 109.2 0.888827091727 1.74130657453 623.0 109.05 109.33 0.894005767099 1.74493454086 623.0 109.9 110.47 0.89362762179 1.7469910057 623.0 109.68 108.5 0.889094855094 1.74443266998
987 987 1241.0 202 304 621.0 125.39 151.9 0.87073288814 1.81643415731 621.0 125.17 152.26 0.872193919116 1.81548273782 621.0 125.9 150.89 0.867622305491 1.81408302701 621.0 124.85 152.78 0.86781611818 1.81001539436 621.0 125.56 151.6 0.870210959202 1.81662163766 621.0 124.65 152.06 0.864617337256 1.80943503544
1063 1063 1215.0 245 163 608.0 155.72 82.68 0.814732275813 1.83374969303 608.0 154.96 81.09 0.812169745732 1.83055367316 608.0 154.98 81.42 0.813352234718 1.83134395695 608.0 154.89 80.88 0.811909505877 1.82996962843 608.0 155.61 81.11 0.805702586129 1.83035775283 608.0 154.86 81.56 0.811085904474 1.82926241339
1076 1076 1214.0 253 83 607.0 163.67 44.15 0.732335775373 1.80229054509 607.0 163.52 45.56 0.730455069509 1.80368360691 607.0 163.72 45.71 0.731879047166 1.80384056077 607.0 164.72 44.96 0.741094648267 1.80843252136 607.0 164.69 45.52 0.74113474947 1.80937047517 607.0 163.81 45.13 0.73155517387 1.80345569945
1066 1066 1205.0 311 249 603.0 188.43 125.21 0.729582797462 1.91500031067 603.0 188.08 125.34 0.728523122473 1.91376714499 603.0 188.58 123.57 0.726567980793 1.91241799283 603.0 188.47 124.44 0.739030351392 1.91721480492 603.0 188.35 124.38 0.722561982432 1.91231539775 603.0 188.07 126.81 0.722234480129 1.91422502875
953 953 1191.0 251 360 596.0 151.14 180.68 0.81331795765 1.88481578758 596.0 150.99 180.73 0.819568690795 1.88697090358 596.0 151.52 178.99 0.810321729099 1.88412084809 596.0 150.91 180.14 0.821760188752 1.88650996381 596.0 151.62 179.57 0.825118733309 1.89103711847 596.0 151.07 179.46 0.821122934468 1.88717055064
309 309 1188.0 296 83 594.0 181.51 42.75 0.729948772994 1.84977389339 594.0 181.02 42.93 0.733901020446 1.84852211091 594.0 181.37 43.55 0.724294580289 1.84829093254 594.0 180.73 42.82 0.72536654573 1.84645843691 594.0 182.04 41.67 0.720401462698 1.84846804047 594.0 181.63 43.5 0.734490994964 1.85122201239
1044 1044 1163.0 153 223 582.0 96.06 114.06 0.862931808945 1.76093448206 582.0 96.1 113.58 0.874438214625 1.76682669829 582.0 96.05 113.98 0.874541190119 1.76883048583 582.0 96.75 114.18 0.873070020386 1.76757344835 582.0 95.89 114.2 0.868379795506 1.76606116467 582.0 95.52 114.26 0.861057272975 1.7595690624
89 89 1149.0 170 158 575.0 102.05 83.41 0.923546598262 1.80938641734 575.0 101.13 82.35 0.919783127695 1.80084763222 575.0 101.18 82.74 0.92060056178 1.80320452842 575.0 102.14 82.53 0.92020525218 1.80538802697 575.0 101.99 83.89 0.924254105895 1.80719398271 575.0 101.29 82.57 0.925385906999 1.80817243141
318 318 1142.0 316 245 571.0 181.92 121.7 0.845444069703 1.98849356416 571.0 181.74 122.78 0.839981312461 1.98635456151 571.0 181.79 122.55 0.842689850032 1.98793771865 571.0 180.91 124.07 0.831409428047 1.98074738845 571.0 182.13 123.66 0.841948667142 1.9889049283 571.0 181.26 122.75 0.833037720224 1.98167585107
932 932 1139.0 45 606 570.0 32.98 303.55 0.874773471315 1.53772403772 570.0 33.04 303.46 0.864298212943 1.53273412841 570.0 33.07 303.66 0.878323368585 1.53969358215 570.0 32.82 301.23 0.87727668135 1.53392854697 570.0 32.76 303.94 0.870294768523 1.53382777934 570.0 32.51 304.71 0.864446487544 1.53236657575
212 212 1137.0 282 183 569.0 167.86 90.99 0.754562928659 1.86183427461 569.0 167.28 91.3 0.761950326744 1.8620314777 569.0 167.61 90.61 0.757123401953 1.86096592554 569.0 168.06 91.44 0.762972907966 1.86501027024 569.0 168.12 90.28 0.765209242154 1.86551644237 569.0 168.52 90.67 0.761949697985 1.866089463
404 404 1115.0 243 109 558.0 149.49 54.11 0.802220947283 1.82769180143 558.0 150.03 55.26 0.811859743548 1.83399041618 558.0 149.37 54.42 0.811693384818 1.83191654801 558.0 149.05 54.79 0.808570076062 1.82916762284 558.0 149.94 55.09 0.803098040329 1.82866350211 558.0 149.66 55.54 0.806402465176 1.83145711062
654 654 1114.0 269 118 557.0 168.82 58.98 0.751172775963 1.86576204759 557.0 169.26 60.01 0.759161936122 1.86989312637 557.0 168.88 59.68 0.740173069248 1.8623079786 557.0 169.84 59.43 0.748684679644 1.86798538939 557.0 169.25 59.92 0.749066065314 1.86779974962 557.0 167.82 60.1 0.743351541196 1.86085680873
472 472 1105.0 177 243 553.0 110.05 121.74 0.870229232316 1.77615490915 553.0 110.25 122.61 0.864602749783 1.77604883597 553.0 109.9 121.43 0.871993319159 1.77872248832 553.0 109.87 122.53 0.87217202641 1.77657145574 553.0 109.74 121.91 0.868262909125 1.77529709845 553.0 110.05 122.02 0.874059282795 1.77907812087
430 430 1102.0 264 64 551.0 162.32 35.26 0.761860186205 1.84519667553 551.0 163.26 35.63 0.767862465622 1.8484043275 551.0 162.25 35.91 0.757374889334 1.84268721719 551.0 162.62 34.59 0.762679484705 1.8451579196 551.0 162.98 35.82 0.763042094133 1.84581890075 551.0 163.69 35.42 0.765831978357 1.84961012106
432 432 1095.0 227 157 548.0 129.51 79.59 0.925061507968 1.87599555003 548.0 130.46 78.91 0.921154946175 1.87651754063 548.0 130.4 78.38 0.923126237643 1.87525596455 548.0 130.05 77.47 0.920419197064 1.87176309676 548.0 129.4 78.99 0.921814229299 1.87249028757 548.0 129.21 78.48 0.91803170739 1.86719340635
1130 1130 1090.0 272 102 545.0 161.83 52.27 0.796393332656 1.86167866539 545.0 162.31 50.75 0.792889263326 1.86241077963 545.0 161.24 50.4 0.798074809686 1.86047683358 545.0 161.9 50.74 0.798058042531 1.86226663612 545.0 162.0 52.35 0.806392373049 1.86641699963 545.0 160.99 51.6 0.785107392235 1.85490422491
88 88 1088.0 254 86 544.0 161.39 42.05 0.693820918581 1.8260092199 544.0 160.0 43.83 0.683757573346 1.82031040226 544.0 160.88 43.0 0.68754324073 1.82356526653 544.0 159.7 42.81 0.684473977363 1.81826659629 544.0 161.1 43.87 0.683371600247 1.82260824723 544.0 160.81 43.89 0.697701345582 1.82608939511
491 491 1083.0 302 109 542.0 176.27 56.03 0.806647364524 1.93514280641 542.0 176.56 55.44 0.805306238848 1.93489833958 542.0 177.24 56.75 0.804429895553 1.93726042968 542.0 178.82 54.96 0.810497644194 1.94321843298 542.0 178.08 55.77 0.811401849598 1.94224982791 542.0 176.55 54.71 0.807795194542 1.93503161205
