6 248 1412
6 126 452
6 78 266
6 77 188
6 69 145
6 56 117
6 49 99
6 48 85
6 39 75
6 39 67
6 39 60
6 36 55
6 34 50
6 34 46
6 33 43
6 32 40
6 30 38
6 29 35
6 27 33
6 27 32
6 24 30
6 24 29
6 24 27
6 24 26
6 23 25
6 23 24
6 21 23
6 21 22
6 20 21
6 19 21
6 18 20
6 17 19
6 17 19
6 17 18
6 16 17
6 16 17
6 15 16
6 15 16
6 15 16
6 14 15
6 14 15
6 14 14
6 14 14
6 14 14
6 14 13
6 13 13
6 13 13
6 12 13
6 12 12
6 12 12
6 11 12
6 11 12
6 11 11
6 11 11
6 11 11
6 11 11
6 11 10
6 11 10
6 11 10
6 11 10
6 10 10
6 10 10
6 10 9
6 10 9
6 10 9
6 10 9
6 10 9
6 10 9
6 10 9
6 9 8
6 9 8
6 9 8
6 9 8
6 9 8
6 9 8
6 9 8
6 8 8
6 8 8
6 8 7
6 8 7
6 8 7
6 8 7
6 8 7
6 8 7
6 8 7
6 8 7
6 8 7
6 8 7
6 8 7
6 7 6
6 7 6
6 7 6
6 7 6
6 7 6
6 7 6
6 7 6
6 7 6
6 7 6
6 7 6
6 6 6
6 6 6
6 6 6
6 6 6
6 6 6
6 6 6
6 6 5
6 6 5
6 6 5
6 6 5
6 6 5
6 6 5
6 6 5
6 6 5
6 6 5
6 6 5
6 5 5
6 5 5
6 5 5
6 5 5
6 5 5
6 5 5
6 5 5
6 5 5
6 5 5
6 5 5
6 5 5
6 5 5
6 5 4
6 5 4
6 5 4
6 5 4
6 5 4
6 5 4
6 5 4
6 5 4
6 5 4
6 5 4
6 5 4
6 4 4
6 4 4
6 4 4
6 4 4
6 4 4
6 4 4
6 4 4
6 4 4
6 4 4
6 4 4
6 4 4
6 4 4
6 4 4
6 4 4
6 4 4
6 4 4
6 4 4
6 4 4
6 4 4
6 4 4
6 4 4
6 4 4
6 4 4
6 4 4
6 4 3
6 4 3
6 4 3
6 4 3
6 4 3
6 4 3
6 4 3
6 4 3
6 4 3
6 4 3
6 4 3
6 3 3
6 3 3
6 3 3
6 3 3
6 3 3
6 3 3
6 3 3
6 3 3
6 3 3
6 3 3
6 3 3
6 3 3
6 3 3
6 3 3
6 3 3
6 3 3
6 3 3
6 3 3
6 3 3
6 3 3
6 3 3
6 3 3
6 3 3
6 3 3
6 3 3
6 3 3
6 3 3
6 3 3
6 3 3
6 3 3
6 3 3
6 3 3
6 3 3
6 3 3
6 3 3
6 3 3
6 3 3
6 3 3
6 3 3
6 3 3
6 3 3
6 3 3
6 3 3
6 3 3
6 3 3
6 3 3
6 3 3
6 3 3
6 3 3
6 3 2
6 3 2
6 3 2
6 3 2
6 3 2
6 3 2
6 3 2
6 3 2
6 3 2
6 2 2
6 2 2
6 2 2
6 2 2
6 2 2
6 2 2
6 2 2
6 2 2
6 2 2
6 2 2
6 2 2
6 2 2
6 2 2
6 2 2
6 2 2
6 2 2
6 2 2
6 2 2
6 2 2
6 2 2
6 2 2
6 2 2
6 2 2
6 2 2
6 2 2
6 2 2
6 2 2
6 2 2
6 2 2
6 2 2
6 2 2
6 2 2
6 2 2
6 2 2
6 2 2
6 2 2
6 2 2
6 2 2
6 2 2
6 2 2
6 2 2
6 2 2
6 2 2
6 2 2
6 2 2
6 2 2
6 2 2
6 2 2
6 2 2
6 2 2
6 2 2
6 2 2
6 2 2
6 2 2
6 2 2
6 2 2
6 2 2
6 2 2
6 2 2
6 2 2
6 2 2
6 2 2
6 2 2
6 2 2
6 2 2
6 2 2
6 2 2
6 2 2
6 2 2
6 2 2
6 2 2
6 2 2
6 2 2
6 2 2
6 2 2
6 2 2
6 2 2
6 2 2
6 2 2
6 2 2
6 2 2
6 2 2
6 2 2
6 2 2
6 2 2
6 2 2
6 2 2
6 2 2
6 2 2
6 2 2
6 2 2
6 2 2
6 2 2
6 2 2
6 2 2
6 2 2
6 2 2
6 2 2
6 2 2
6 2 2
6 2 2
6 2 2
6 2 2
6 2 2
6 2 2
6 2 2
6 2 2
6 2 2
6 2 2
6 2 2
6 2 2
6 2 2
6 2 2
6 2 2
6 2 2
6 2 2
6 2 2
6 2 2
6 2 2
6 2 2
6 2 2
6 2 2
6 2 2
6 1 2
6 1 2
6 1 2
6 1 1
6 1 1
6 1 1
6 1 1
6 1 1
6 1 1
6 1 1
6 1 1
6 1 1
6 1 1
6 1 1
6 1 1
6 1 1
6 1 1
6 1 1
6 1 1
6 1 1
6 1 1
6 1 1
6 1 1
6 1 1
6 1 1
6 1 1
6 1 1
6 1 1
6 1 1
6 1 1
6 1 1
6 1 1
6 1 1
6 1 1
6 1 1
6 1 1
6 1 1
6 1 1
6 1 1
6 1 1
6 1 1
6 1 1
6 1 1
6 1 1
6 1 1
6 1 1
6 1 1
6 1 1
6 1 1
6 1 1
6 1 1
6 1 1
6 1 1
6 1 1
6 1 1
6 1 1
6 1 1
6 1 1
6 1 1
6 1 1
6 1 1
6 1 1
6 1 1
6 1 1
6 1 1
6 1 1
6 1 1
6 1 1
6 1 1
6 1 1
6 1 1
6 1 1
6 1 1
6 1 1
6 1 1
6 1 1
6 1 1
6 1 1
6 1 1
6 1 1
6 1 1
6 1 1
6 1 1
6 1 1
6 1 1
6 1 1
6 1 1
6 1 1
6 1 1
6 1 1
6 1 1
6 1 1
6 1 1
6 1 1
6 1 1
6 1 1
6 1 1
6 1 1
6 1 1
6 1 1
6 1 1
6 1 1
6 1 1
6 1 1
6 1 1
6 1 1
6 1 1
6 1 1
6 1 1
6 1 1
6 1 1
6 1 1
6 1 1
6 1 1
6 1 1
6 1 1
6 1 1
6 1 1
6 1 1
6 1 1
6 1 1
6 1 1
6 1 1
6 1 1
6 1 1
6 1 1
6 1 1
6 1 1
6 1 1
6 1 1
6 1 1
6 1 1
6 1 1
6 1 1
6 1 1
6 1 1
6 1 1
6 1 1
6 1 1
6 1 1
6 1 1
6 1 1
6 1 1
6 1 1
6 1 1
6 1 1
6 1 1
6 1 1
6 1 1
6 1 1
6 1 1
6 1 1
6 1 1
6 1 1
6 1 1
6 1 1
6 1 1
6 1 1
6 1 1
6 1 1
6 1 1
6 1 1
6 1 1
6 1 1
6 1 1
6 1 1
6 1 1
6 1 1
6 1 1
6 1 1
6 1 1
6 1 1
6 1 1
6 1 1
6 1 1
6 1 1
6 1 1
6 1 1
6 1 1
6 1 1
6 1 1
6 1 1
6 1 1
6 1 1
6 1 1
6 1 1
6 1 1
6 1 1
6 1 1
6 1 1
6 1 1
6 1 1
6 1 1
6 1 1
6 1 1
6 1 1
6 1 1
6 1 1
6 1 1
6 1 1
6 1 1
6 1 1
6 1 1
6 1 1
6 1 1
6 1 1
6 1 1
6 1 1
6 1 1
6 1 1
6 1 1
6 1 1
6 1 1
6 1 1
6 1 1
6 1 1
6 1 1
6 1 1
6 1 1
6 1 1
6 1 1
6 1 1
6 1 1
6 1 1
6 1 1
6 1 1
6 1 1
6 1 1
6 1 1
6 1 1
6 1 1
6 1 1
6 1 1
6 1 1
6 1 1
6 1 1
6 1 1
6 1 1
6 1 1
6 1 1
6 1 1
6 1 1
6 1 1
6 1 1
6 1 1
6 1 1
6 1 1
6 1 1
6 1 1
6 1 1
6 1 1
6 1 1
6 1 1
6 1 1
6 1 1
6 1 1
6 1 1
6 1 1
6 1 1
6 1 1
6 1 1
6 1 1
6 1 1
6 1 1
6 1 1
6 1 1
6 1 1
6 1 1
6 1 1
6 1 1
6 1 1
6 1 1
6 1 1
6 1 1
6 1 1
6 1 1
6 1 1
6 1 1
6 1 1
6 1 1
6 1 1
6 1 1
6 1 1
6 1 1
6 1 1
6 1 1
6 1 1
6 1 1
6 1 1
6 1 1
6 1 1
6 1 1
6 1 1
6 1 1
6 1 1
6 1 1
6 1 1
6 1 1
6 1 1
6 1 1
6 1 1
6 1 1
6 1 1
6 1 1
6 1 1
6 1 1
6 1 1
6 1 1
6 1 1
6 1 1
6 1 1
6 1 1
6 1 1
6 1 1
6 1 1
6 1 1
6 1 1
6 1 1
6 1 1
6 1 1
6 1 1
6 1 1
6 1 1
6 1 1
6 1 1
6 1 1
6 1 1
6 1 1
6 1 1
6 1 1
6 1 1
6 1 1
6 1 1
6 1 1
6 1 1
6 1 1
6 1 1
6 1 1
6 1 1
6 1 1
6 1 1
6 1 1
6 1 1
6 1 1
6 1 1
6 1 1
6 1 1
6 1 1
6 1 1
6 1 1
6 1 1
6 1 1
6 1 1
6 1 1
6 1 1
6 1 1
6 1 1
6 1 1
6 1 1
6 1 1
6 1 1
6 1 1
6 1 1
6 1 1
6 1 1
6 1 1
6 1 1
6 1 1
6 1 1
6 1 1
6 1 1
6 1 1
6 1 1
6 1 1
6 1 1
6 1 1
6 1 1
6 1 1
6 1 1
6 1 1
6 1 1
6 1 1
6 1 1
6 1 1
6 1 1
6 1 1
6 1 1
6 1 1
6 1 1
6 1 1
6 1 1
6 1 1
6 1 1
6 1 1
6 1 1
6 1 1
6 1 1
6 1 1
6 1 1
6 1 1
6 1 1
6 1 1
6 1 1
6 1 1
6 1 1
6 1 1
6 1 1
6 1 1
6 1 1
6 1 1
6 1 1
6 1 1
6 1 1
6 1 1
6 1 1
6 1 1
6 1 1
6 1 1
6 1 1
6 1 1
6 1 1
6 1 1
6 1 1
6 1 1
6 1 1
6 1 1
6 1 1
6 1 1
6 1 1
6 1 1
6 1 1
6 1 1
6 1 1
6 1 1
6 1 1
6 1 1
6 1 1
6 1 1
6 1 1
6 1 1
6 1 1
6 1 1
6 1 1
6 1 1
6 1 1
6 1 1
6 1 1
6 1 1
6 1 1
6 1 1
6 1 1
6 1 1
6 1 1
6 1 1
6 1 1
6 1 1
6 1 1
6 1 1
6 1 1
6 1 1
6 1 1
6 1 1
6 1 1
6 1 1
6 1 1
6 1 1
6 1 1
6 1 1
6 1 1
6 1 1
6 1 1
6 1 1
6 1 1
6 1 1
6 1 1
6 1 1
6 1 1
6 1 1
6 1 1
6 1 1
6 1 1
6 1 1
6 1 1
6 1 1
6 1 1
6 1 1
6 1 1
6 1 1
6 1 1
6 1 1
6 1 1
6 1 1
6 1 1
6 1 1
6 1 1
6 1 1
6 1 1
6 1 1
6 1 1
6 1 1
6 1 1
6 1 1
6 1 1
6 1 1
6 1 1
6 1 1
6 1 1
6 1 1
6 1 1
6 1 1
6 1 1
6 1 1
6 1 1
6 1 1
6 1 1
6 1 1
6 1 1
6 1 1
6 1 1
6 1 1
6 1 1
6 1 1
6 1 1
6 1 1
6 1 1
6 1 1
6 1 1
8 2646 8257
8 2383 2379
8 2162 1334
8 2105 911
8 2066 686
8 1780 546
8 1606 452
8 1565 384
8 1463 334
8 1286 294
8 863 263
8 843 237
8 789 216
8 676 198
8 610 182
8 523 169
8 448 157
8 446 147
8 444 138
8 430 130
8 420 123
8 407 117
8 392 111
8 376 105
8 370 101
8 358 96
8 354 92
8 328 88
8 311 85
8 310 81
8 305 78
8 295 76
8 293 73
8 240 71
8 234 68
8 230 66
8 220 64
8 215 62
8 198 60
8 185 59
8 163 57
8 152 55
8 141 54
8 139 52
8 138 51
8 134 50
8 133 49
8 132 48
8 131 46
8 125 45
8 124 44
8 121 43
8 113 42
8 108 42
8 107 41
8 99 40
8 97 39
8 97 38
8 94 38
8 92 37
8 84 36
8 76 35
8 76 35
8 74 34
8 74 34
8 73 33
8 69 32
8 68 32
8 67 31
8 66 31
8 64 30
8 64 30
8 62 29
8 61 29
8 61 29
8 60 28
8 59 28
8 58 27
8 54 27
8 54 27
8 53 26
8 52 26
8 51 25
8 50 25
8 48 25
8 48 24
8 46 24
8 44 24
8 44 23
8 43 23
8 42 23
8 42 23
8 41 22
8 41 22
8 40 22
8 40 22
8 39 21
8 37 21
8 37 21
8 36 21
8 36 20
8 36 20
8 35 20
8 35 20
8 35 19
8 34 19
8 32 19
8 31 19
8 31 19
8 30 18
8 30 18
8 30 18
8 30 18
8 30 18
8 29 18
8 29 17
8 28 17
8 28 17
8 28 17
8 28 17
8 28 17
8 27 16
8 27 16
8 27 16
8 26 16
8 26 16
8 25 16
8 24 16
8 24 15
8 24 15
8 24 15
8 24 15
8 24 15
8 24 15
8 23 15
8 23 14
8 23 14
8 23 14
8 23 14
8 22 14
8 22 14
8 22 14
8 21 14
8 21 14
8 21 13
8 20 13
8 20 13
8 20 13
8 20 13
8 19 13
8 19 13
8 19 13
8 19 13
8 18 13
8 18 12
8 17 12
8 17 12
8 17 12
8 17 12
8 17 12
8 17 12
8 17 12
8 16 12
8 16 12
8 16 12
8 16 12
8 16 11
8 16 11
8 15 11
8 15 11
8 15 11
8 15 11
8 15 11
8 15 11
8 15 11
8 14 11
8 14 11
8 14 11
8 14 11
8 14 11
8 14 10
8 14 10
8 13 10
8 13 10
8 13 10
8 13 10
8 13 10
8 13 10
8 13 10
8 13 10
8 13 10
8 13 10
8 12 10
8 12 10
8 12 10
8 12 10
8 12 10
8 12 9
8 12 9
8 12 9
8 12 9
8 12 9
8 12 9
8 11 9
8 11 9
8 11 9
8 11 9
8 11 9
8 11 9
8 11 9
8 11 9
8 11 9
8 11 9
8 11 9
8 11 9
8 10 9
8 10 9
8 10 8
8 10 8
8 10 8
8 10 8
8 10 8
8 10 8
8 10 8
8 10 8
8 9 8
8 9 8
8 9 8
8 9 8
8 9 8
8 9 8
8 9 8
8 9 8
8 9 8
8 9 8
8 9 8
8 9 8
8 9 8
8 9 8
8 9 8
8 9 8
8 9 8
8 9 7
8 9 7
8 9 7
8 9 7
8 9 7
8 8 7
8 8 7
8 8 7
8 8 7
8 8 7
8 8 7
8 8 7
8 8 7
8 8 7
8 8 7
8 8 7
8 8 7
8 8 7
8 8 7
8 8 7
8 8 7
8 8 7
8 8 7
8 8 7
8 8 7
8 7 7
8 7 7
8 7 7
8 7 7
8 7 7
8 7 7
8 7 7
8 7 7
8 7 6
8 7 6
8 7 6
8 7 6
8 7 6
8 7 6
8 7 6
8 7 6
8 7 6
8 7 6
8 7 6
8 7 6
8 7 6
8 7 6
8 7 6
8 7 6
8 6 6
8 6 6
8 6 6
8 6 6
8 6 6
8 6 6
8 6 6
8 6 6
8 6 6
8 6 6
8 6 6
8 6 6
8 6 6
8 6 6
8 6 6
8 6 6
8 6 6
8 6 6
8 6 6
8 6 6
8 6 6
8 6 6
8 6 6
8 6 6
8 6 6
8 6 6
8 6 6
8 6 5
8 6 5
8 6 5
8 6 5
8 6 5
8 6 5
8 6 5
8 6 5
8 5 5
8 5 5
8 5 5
8 5 5
8 5 5
8 5 5
8 5 5
8 5 5
8 5 5
8 5 5
8 5 5
8 5 5
8 5 5
8 5 5
8 5 5
8 5 5
8 5 5
8 5 5
8 5 5
8 5 5
8 5 5
8 5 5
8 5 5
8 5 5
8 5 5
8 5 5
8 5 5
8 5 5
8 5 5
8 5 5
8 5 5
8 5 5
8 5 5
8 5 5
8 5 5
8 5 5
8 5 5
8 5 5
8 5 5
8 5 5
8 5 5
8 5 5
8 5 5
8 5 5
8 5 5
8 5 5
8 5 5
8 5 5
8 5 5
8 5 5
8 5 5
8 4 5
8 4 5
8 4 4
8 4 4
8 4 4
8 4 4
8 4 4
8 4 4
8 4 4
8 4 4
8 4 4
8 4 4
8 4 4
8 4 4
8 4 4
8 4 4
8 4 4
8 4 4
8 4 4
8 4 4
8 4 4
8 4 4
8 4 4
8 4 4
8 4 4
8 4 4
8 4 4
8 4 4
8 4 4
8 4 4
8 4 4
8 4 4
8 4 4
8 4 4
8 4 4
8 4 4
8 4 4
8 4 4
8 4 4
8 4 4
8 4 4
8 4 4
8 4 4
8 4 4
8 4 4
8 4 4
8 4 4
8 4 4
8 4 4
8 4 4
8 4 4
8 4 4
8 4 4
8 4 4
8 3 4
8 3 4
8 3 4
8 3 4
8 3 4
8 3 4
8 3 4
8 3 4
8 3 4
8 3 4
8 3 4
8 3 4
8 3 4
8 3 4
8 3 4
8 3 4
8 3 4
8 3 4
8 3 4
8 3 4
8 3 4
8 3 4
8 3 4
8 3 4
8 3 4
8 3 4
8 3 4
8 3 4
8 3 4
8 3 4
8 3 4
8 3 4
8 3 4
8 3 4
8 3 4
8 3 4
8 3 4
8 3 4
8 3 4
8 3 4
8 3 4
8 3 3
8 3 3
8 3 3
8 3 3
8 3 3
8 3 3
8 3 3
8 3 3
8 3 3
8 3 3
8 3 3
8 3 3
8 3 3
8 3 3
8 3 3
8 3 3
8 3 3
8 3 3
8 3 3
8 3 3
8 3 3
8 3 3
8 3 3
8 3 3
8 3 3
8 3 3
8 3 3
8 3 3
8 3 3
8 3 3
8 3 3
8 3 3
8 3 3
8 3 3
8 3 3
8 3 3
8 3 3
8 3 3
8 3 3
8 3 3
8 3 3
8 3 3
8 3 3
8 3 3
8 3 3
8 3 3
8 3 3
8 3 3
8 3 3
8 3 3
8 3 3
8 3 3
8 3 3
8 3 3
8 3 3
8 3 3
8 3 3
8 3 3
8 3 3
8 3 3
8 3 3
8 3 3
8 3 3
8 3 3
8 3 3
8 3 3
8 3 3
8 3 3
8 3 3
8 3 3
8 3 3
8 3 3
8 3 3
8 3 3
8 3 3
8 3 3
8 2 3
8 2 3
8 2 3
8 2 3
8 2 3
8 2 3
8 2 3
8 2 3
8 2 3
8 2 3
8 2 3
8 2 3
8 2 3
8 2 3
8 2 3
8 2 3
8 2 3
8 2 3
8 2 3
8 2 3
8 2 3
8 2 3
8 2 3
8 2 3
8 2 3
8 2 3
8 2 3
8 2 3
8 2 3
8 2 3
8 2 3
8 2 3
8 2 3
8 2 3
8 2 3
8 2 3
8 2 3
8 2 3
8 2 3
8 2 3
8 2 3
8 2 3
8 2 3
8 2 3
8 2 3
8 2 3
8 2 3
8 2 3
8 2 3
8 2 3
8 2 3
8 2 3
8 2 3
8 2 3
8 2 3
8 2 3
8 2 3
8 2 3
8 2 3
8 2 3
8 2 3
8 2 3
8 2 3
8 2 3
8 2 3
8 2 3
8 2 3
8 2 3
8 2 3
8 2 3
8 2 3
8 2 3
8 2 3
8 2 3
8 2 3
8 2 3
8 2 3
8 2 3
8 2 3
8 2 3
8 2 3
8 2 3
8 2 3
8 2 3
8 2 3
8 2 2
8 2 2
8 2 2
8 2 2
8 2 2
8 2 2
8 2 2
8 2 2
8 2 2
8 2 2
8 2 2
8 2 2
8 2 2
8 2 2
8 2 2
8 2 2
8 2 2
8 2 2
8 2 2
8 2 2
8 2 2
8 2 2
8 2 2
8 2 2
8 2 2
8 2 2
8 2 2
8 2 2
8 2 2
8 2 2
8 2 2
8 2 2
8 2 2
8 2 2
8 2 2
8 2 2
8 2 2
8 2 2
8 2 2
8 2 2
8 2 2
8 2 2
8 2 2
8 2 2
8 2 2
8 2 2
8 2 2
8 2 2
8 2 2
8 2 2
8 2 2
8 2 2
8 2 2
8 2 2
8 2 2
8 2 2
8 2 2
8 2 2
8 2 2
8 2 2
8 2 2
8 2 2
8 2 2
8 2 2
8 2 2
8 2 2
8 2 2
8 2 2
8 2 2
8 2 2
8 2 2
8 2 2
8 2 2
8 2 2
8 2 2
8 2 2
8 2 2
8 2 2
8 2 2
8 2 2
8 2 2
8 2 2
8 2 2
8 2 2
8 2 2
8 2 2
8 2 2
8 2 2
8 2 2
8 2 2
8 2 2
8 2 2
8 2 2
8 2 2
8 2 2
8 2 2
8 2 2
8 2 2
8 2 2
8 2 2
8 2 2
8 2 2
8 2 2
8 2 2
8 2 2
8 2 2
8 2 2
8 2 2
8 2 2
8 2 2
8 2 2
8 2 2
8 2 2
8 2 2
8 2 2
8 2 2
8 2 2
8 2 2
8 2 2
8 2 2
8 2 2
8 2 2
8 2 2
8 2 2
8 2 2
8 2 2
8 2 2
8 2 2
8 2 2
8 2 2
8 2 2
8 2 2
8 2 2
8 2 2
8 2 2
8 2 2
8 2 2
8 2 2
8 2 2
8 2 2
8 2 2
8 2 2
8 2 2
8 2 2
8 2 2
8 2 2
8 2 2
8 2 2
8 2 2
8 2 2
8 2 2
8 2 2
8 2 2
8 2 2
8 2 2
8 2 2
8 2 2
8 2 2
8 2 2
8 2 2
8 2 2
8 2 2
8 2 2
8 2 2
8 2 2
8 2 2
8 2 2
8 2 2
8 2 2
8 2 2
8 2 2
8 2 2
8 2 2
8 2 2
8 2 2
8 2 2
8 2 2
8 2 2
8 2 2
8 2 2
8 2 2
8 2 2
8 2 2
8 2 2
8 2 2
8 2 2
8 2 2
8 2 2
8 2 2
8 2 2
8 2 2
8 2 2
8 2 2
8 2 2
8 2 2
8 2 2
8 2 2
8 2 2
8 2 2
8 1 2
8 1 2
8 1 2
8 1 2
8 1 2
8 1 2
8 1 2
8 1 2
8 1 2
8 1 2
8 1 2
8 1 2
8 1 2
8 1 2
8 1 2
8 1 2
8 1 2
8 1 2
8 1 2
8 1 2
8 1 2
8 1 2
8 1 2
8 1 2
8 1 2
8 1 2
8 1 2
8 1 2
8 1 2
8 1 2
8 1 2
8 1 2
8 1 2
8 1 2
8 1 2
8 1 2
8 1 2
8 1 2
8 1 2
8 1 2
8 1 2
8 1 2
8 1 2
8 1 2
8 1 2
8 1 2
8 1 2
8 1 2
8 1 2
8 1 2
8 1 2
8 1 2
8 1 2
8 1 2
8 1 2
8 1 2
8 1 2
8 1 2
8 1 2
8 1 2
8 1 2
8 1 2
8 1 2
8 1 2
8 1 2
8 1 2
8 1 2
8 1 2
8 1 2
8 1 2
8 1 2
8 1 2
8 1 2
8 1 2
8 1 2
8 1 2
8 1 2
8 1 2
8 1 2
8 1 2
8 1 2
8 1 2
8 1 2
8 1 2
8 1 2
8 1 2
8 1 2
8 1 2
8 1 2
8 1 2
8 1 2
8 1 2
8 1 2
8 1 2
8 1 2
8 1 2
8 1 2
8 1 2
8 1 2
8 1 2
8 1 2
8 1 2
8 1 2
8 1 2
8 1 2
8 1 2
8 1 2
8 1 2
8 1 2
8 1 2
8 1 2
8 1 2
8 1 2
8 1 2
8 1 2
8 1 2
8 1 2
8 1 2
8 1 2
8 1 2
8 1 2
8 1 2
8 1 2
8 1 2
8 1 2
8 1 2
8 1 2
8 1 2
8 1 2
8 1 2
8 1 2
8 1 2
8 1 2
8 1 2
8 1 2
8 1 2
8 1 2
8 1 2
8 1 2
8 1 2
8 1 2
8 1 2
8 1 2
8 1 2
8 1 1
8 1 1
8 1 1
8 1 1
8 1 1
8 1 1
8 1 1
8 1 1
8 1 1
8 1 1
8 1 1
8 1 1
8 1 1
8 1 1
8 1 1
8 1 1
8 1 1
8 1 1
8 1 1
8 1 1
8 1 1
8 1 1
8 1 1
8 1 1
8 1 1
8 1 1
8 1 1
8 1 1
8 1 1
8 1 1
8 1 1
8 1 1
8 1 1
8 1 1
8 1 1
8 1 1
8 1 1
8 1 1
8 1 1
8 1 1
8 1 1
8 1 1
8 1 1
8 1 1
8 1 1
8 1 1
8 1 1
8 1 1
8 1 1
8 1 1
8 1 1
8 1 1
8 1 1
8 1 1
8 1 1
8 1 1
8 1 1
8 1 1
8 1 1
8 1 1
8 1 1
8 1 1
8 1 1
8 1 1
8 1 1
8 1 1
8 1 1
8 1 1
8 1 1
8 1 1
8 1 1
8 1 1
8 1 1
8 1 1
8 1 1
8 1 1
8 1 1
8 1 1
8 1 1
8 1 1
8 1 1
8 1 1
8 1 1
8 1 1
8 1 1
8 1 1
8 1 1
8 1 1
8 1 1
8 1 1
8 1 1
8 1 1
8 1 1
8 1 1
8 1 1
8 1 1
8 1 1
8 1 1
8 1 1
8 1 1
8 1 1
8 1 1
8 1 1
8 1 1
8 1 1
8 1 1
8 1 1
8 1 1
8 1 1
8 1 1
8 1 1
8 1 1
8 1 1
8 1 1
8 1 1
8 1 1
8 1 1
8 1 1
8 1 1
8 1 1
8 1 1
8 1 1
8 1 1
8 1 1
8 1 1
8 1 1
8 1 1
8 1 1
8 1 1
8 1 1
8 1 1
8 1 1
8 1 1
8 1 1
8 1 1
8 1 1
8 1 1
8 1 1
8 1 1
8 1 1
8 1 1
8 1 1
8 1 1
8 1 1
8 1 1
8 1 1
8 1 1
8 1 1
8 1 1
8 1 1
8 1 1
8 1 1
8 1 1
8 1 1
8 1 1
8 1 1
8 1 1
8 1 1
8 1 1
8 1 1
8 1 1
8 1 1
8 1 1
8 1 1
8 1 1
8 1 1
8 1 1
8 1 1
8 1 1
8 1 1
8 1 1
8 1 1
8 1 1
8 1 1
8 1 1
8 1 1
8 1 1
8 1 1
8 1 1
8 1 1
8 1 1
8 1 1
8 1 1
8 1 1
8 1 1
8 1 1
8 1 1
8 1 1
8 1 1
8 1 1
8 1 1
8 1 1
8 1 1
8 1 1
8 1 1
8 1 1
8 1 1
8 1 1
8 1 1
8 1 1
8 1 1
8 1 1
8 1 1
8 1 1
8 1 1
8 1 1
8 1 1
8 1 1
8 1 1
8 1 1
8 1 1
8 1 1
8 1 1
8 1 1
8 1 1
8 1 1
8 1 1
8 1 1
8 1 1
8 1 1
8 1 1
8 1 1
8 1 1
8 1 1
8 1 1
8 1 1
8 1 1
8 1 1
8 1 1
8 1 1
8 1 1
8 1 1
8 1 1
8 1 1
8 1 1
8 1 1
8 1 1
8 1 1
8 1 1
8 1 1
8 1 1
8 1 1
8 1 1
8 1 1
8 1 1
8 1 1
8 1 1
8 1 1
8 1 1
8 1 1
8 1 1
8 1 1
8 1 1
8 1 1
8 1 1
8 1 1
8 1 1
8 1 1
8 1 1
8 1 1
8 1 1
8 1 1
8 1 1
8 1 1
8 1 1
8 1 1
8 1 1
8 1 1
8 1 1
8 1 1
8 1 1
8 1 1
8 1 1
8 1 1
8 1 1
8 1 1
8 1 1
8 1 1
8 1 1
8 1 1
8 1 1
8 1 1
8 1 1
8 1 1
8 1 1
8 1 1
8 1 1
8 1 1
8 1 1
8 1 1
8 1 1
8 1 1
8 1 1
8 1 1
8 1 1
8 1 1
8 1 1
8 1 1
8 1 1
8 1 1
8 1 1
8 1 1
8 1 1
8 1 1
8 1 1
8 1 1
8 1 1
8 1 1
8 1 1
8 1 1
8 1 1
8 1 1
8 1 1
8 1 1
8 1 1
8 1 1
8 1 1
8 1 1
8 1 1
8 1 1
8 1 1
8 1 1
8 1 1
8 1 1
8 1 1
8 1 1
8 1 1
8 1 1
8 1 1
8 1 1
8 1 1
8 1 1
8 1 1
8 1 1
8 1 1
8 1 1
8 1 1
8 1 1
8 1 1
8 1 1
8 1 1
8 1 1
8 1 1
8 1 1
8 1 1
8 1 1
8 1 1
8 1 1
8 1 1
8 1 1
8 1 1
8 1 1
8 1 1
8 1 1
8 1 1
8 1 1
8 1 1
8 1 1
8 1 1
8 1 1
8 1 1
8 1 1
8 1 1
8 1 1
8 1 1
8 1 1
8 1 1
8 1 1
8 1 1
8 1 1
8 1 1
8 1 1
8 1 1
8 1 1
8 1 1
8 1 1
8 1 1
8 1 1
8 1 1
8 1 1
8 1 1
8 1 1
8 1 1
8 1 1
8 1 1
8 1 1
8 1 1
8 1 1
8 1 1
8 1 1
8 1 1
8 1 1
8 1 1
8 1 1
8 1 1
8 1 1
8 1 1
8 1 1
8 1 1
8 1 1
8 1 1
8 1 1
8 1 1
8 1 1
8 1 1
8 1 1
8 1 1
8 1 1
8 1 1
8 1 1
8 1 1
8 1 1
8 1 1
8 1 1
8 1 1
8 1 1
8 1 1
8 1 1
8 1 1
8 1 1
8 1 1
8 1 1
8 1 1
8 1 1
8 1 1
8 1 1
8 1 1
8 1 1
8 1 1
8 1 1
8 1 1
8 1 1
8 1 1
8 1 1
8 1 1
8 1 1
8 1 1
8 1 1
8 1 1
8 1 1
8 1 1
8 1 1
8 1 1
8 1 1
8 1 1
8 1 1
8 1 1
8 1 1
8 1 1
8 1 1
8 1 1
8 1 1
8 1 1
8 1 1
8 1 1
8 1 1
8 1 1
8 1 1
8 1 1
8 1 1
8 1 1
8 1 1
8 1 1
8 1 1
8 1 1
8 1 1
8 1 1
8 1 1
8 1 1
8 1 1
8 1 1
8 1 1
8 1 1
8 1 1
8 1 1
8 1 1
8 1 1
8 1 1
8 1 1
8 1 1
8 1 1
8 1 1
8 1 1
8 1 1
8 1 1
8 1 1
8 1 1
8 1 1
8 1 1
8 1 1
8 1 1
8 1 1
8 1 1
8 1 1
8 1 1
8 1 1
8 1 1
8 1 1
8 1 1
8 1 1
8 1 1
8 1 1
8 1 1
8 1 1
8 1 1
8 1 1
8 1 1
8 1 1
8 1 1
8 1 1
8 1 1
8 1 1
8 1 1
8 1 1
8 1 1
8 1 1
8 1 1
8 1 1
8 1 1
8 1 1
8 1 1
8 1 1
8 1 1
8 1 1
8 1 1
8 1 1
8 1 1
8 1 1
8 1 1
8 1 1
8 1 1
8 1 1
8 1 1
8 1 1
8 1 1
8 1 1
8 1 1
8 1 1
8 1 1
8 1 1
8 1 1
8 1 1
8 1 1
8 1 1
8 1 1
8 1 1
8 1 1
8 1 1
8 1 1
8 1 1
8 1 1
8 1 1
8 1 1
8 1 1
8 1 1
8 1 1
8 1 1
8 1 1
8 1 1
8 1 1
8 1 1
8 1 1
8 1 1
8 1 1
8 1 1
8 1 1
8 1 1
8 1 1
8 1 1
8 1 1
8 1 1
8 1 1
8 1 1
8 1 1
8 1 1
8 1 1
8 1 1
8 1 1
8 1 1
8 1 1
8 1 1
8 1 1
8 1 1
8 1 1
8 1 1
8 1 1
8 1 1
8 1 1
8 1 1
8 1 1
8 1 1
8 1 1
8 1 1
8 1 1
8 1 1
8 1 1
8 1 1
8 1 1
8 1 1
8 1 1
8 1 1
8 1 1
8 1 1
8 1 1
8 1 1
8 1 1
8 1 1
8 1 1
8 1 1
8 1 1
8 1 1
8 1 1
8 1 1
8 1 1
8 1 1
8 1 1
8 1 1
8 1 1
8 1 1
8 1 1
8 1 1
8 1 1
8 1 1
8 1 1
8 1 1
8 1 1
8 1 1
8 1 1
8 1 1
8 1 1
8 1 1
8 1 1
8 1 1
8 1 1
8 1 1
8 1 1
8 1 1
8 1 1
8 1 1
8 1 1
8 1 1
8 1 1
8 1 1
8 1 1
8 1 1
8 1 1
8 1 1
8 1 1
8 1 1
8 1 1
8 1 1
8 1 1
8 1 1
8 1 1
8 1 1
8 1 1
8 1 1
8 1 1
8 1 1
8 1 1
8 1 1
8 1 1
8 1 1
8 1 1
8 1 1
8 1 1
8 1 1
8 1 1
8 1 1
8 1 1
8 1 1
8 1 1
8 1 1
8 1 1
8 1 1
8 1 1
8 1 1
8 1 1
8 1 1
8 1 1
8 1 1
8 1 1
8 1 1
8 1 1
8 1 1
8 1 1
8 1 1
8 1 1
8 1 1
8 1 1
8 1 1
8 1 1
8 1 1
8 1 1
8 1 1
8 1 1
8 1 1
8 1 1
8 1 1
8 1 1
8 1 1
8 1 1
8 1 1
8 1 1
8 1 1
8 1 1
8 1 1
8 1 1
8 1 1
8 1 1
8 1 1
8 1 1
8 1 1
8 1 1
8 1 1
8 1 1
8 1 1
8 1 1
8 1 1
8 1 1
8 1 1
8 1 1
8 1 1
8 1 1
8 1 1
8 1 1
8 1 1
8 1 1
8 1 1
8 1 1
8 1 1
8 1 1
8 1 1
8 1 1
8 1 1
8 1 1
8 1 1
8 1 1
8 1 1
8 1 1
8 1 1
8 1 1
8 1 1
8 1 1
8 1 1
8 1 1
8 1 1
8 1 1
8 1 1
8 1 1
8 1 1
8 1 1
8 1 1
8 1 1
8 1 1
8 1 1
8 1 1
8 1 1
8 1 1
8 1 1
8 1 1
8 1 1
8 1 1
8 1 1
8 1 1
8 1 1
8 1 1
8 1 1
8 1 1
8 1 1
8 1 1
8 1 1
8 1 1
8 1 1
8 1 1
8 1 1
8 1 1
8 1 1
8 1 1
8 1 1
8 1 1
8 1 1
8 1 1
8 1 1
8 1 1
8 1 1
8 1 1
8 1 1
8 1 1
8 1 1
8 1 1
8 1 1
8 1 1
8 1 1
8 1 1
8 1 1
8 1 1
8 1 1
8 1 1
8 1 1
8 1 1
8 1 1
8 1 1
8 1 1
8 1 1
8 1 1
8 1 1
8 1 1
8 1 1
8 1 1
8 1 1
8 1 1
8 1 1
8 1 1
8 1 1
8 1 1
8 1 1
8 1 1
8 1 1
8 1 1
8 1 1
8 1 1
8 1 1
8 1 1
8 1 1
8 1 1
8 1 1
8 1 1
8 1 1
8 1 1
8 1 1
8 1 1
8 1 1
8 1 1
8 1 1
8 1 1
8 1 1
8 1 1
8 1 1
8 1 1
8 1 1
8 1 1
8 1 1
8 1 1
8 1 1
8 1 1
8 1 1
8 1 1
8 1 1
8 1 1
8 1 1
8 1 1
8 1 1
8 1 1
8 1 1
8 1 1
8 1 1
8 1 1
8 1 1
8 1 1
8 1 1
8 1 1
8 1 1
8 1 1
8 1 1
8 1 1
8 1 1
8 1 1
8 1 1
8 1 1
8 1 1
8 1 1
8 1 1
8 1 1
8 1 1
8 1 1
8 1 1
8 1 1
8 1 1
8 1 1
8 1 1
8 1 1
8 1 1
8 1 1
8 1 1
8 1 1
8 1 1
8 1 1
8 1 1
8 1 1
8 1 1
8 1 1
8 1 1
8 1 1
8 1 1
8 1 1
8 1 1
8 1 1
8 1 1
8 1 1
8 1 1
8 1 1
8 1 1
8 1 1
8 1 1
8 1 1
8 1 1
8 1 1
8 1 1
8 1 1
8 1 1
8 1 1
8 1 1
8 1 1
8 1 1
8 1 1
8 1 1
8 1 1
8 1 1
8 1 1
8 1 1
8 1 1
8 1 1
8 1 1
8 1 1
8 1 1
8 1 1
8 1 1
8 1 1
8 1 1
8 1 1
8 1 1
8 1 1
8 1 1
8 1 1
8 1 1
8 1 1
8 1 1
8 1 1
8 1 1
8 1 1
8 1 1
8 1 1
8 1 1
8 1 1
8 1 1
8 1 1
8 1 1
8 1 1
8 1 1
8 1 1
8 1 1
8 1 1
8 1 1
8 1 1
8 1 1
8 1 1
8 1 1
8 1 1
8 1 1
8 1 1
8 1 1
8 1 1
8 1 1
8 1 1
8 1 1
8 1 1
8 1 1
8 1 1
8 1 1
8 1 1
8 1 1
8 1 1
8 1 1
8 1 1
8 1 1
8 1 1
8 1 1
8 1 1
8 1 1
8 1 1
8 1 1
8 1 1
8 1 1
8 1 1
8 1 1
8 1 1
8 1 1
8 1 1
8 1 1
8 1 1
8 1 1
8 1 1
8 1 1
8 1 1
8 1 1
8 1 1
8 1 1
8 1 1
8 1 1
8 1 1
8 1 1
8 1 1
8 1 1
8 1 1
8 1 1
8 1 1
8 1 1
8 1 1
8 1 1
8 1 1
8 1 1
8 1 1
8 1 1
8 1 1
8 1 1
8 1 1
8 1 1
8 1 1
8 1 1
8 1 1
8 1 1
8 1 1
8 1 1
8 1 1
8 1 1
8 1 1
8 1 1
8 1 1
8 1 1
8 1 1
8 1 1
8 1 1
8 1 1
8 1 1
8 1 1
8 1 1
8 1 1
8 1 1
8 1 1
8 1 1
8 1 1
8 1 1
8 1 1
8 1 1
8 1 1
8 1 1
8 1 1
8 1 1
8 1 1
8 1 1
8 1 1
8 1 1
8 1 1
8 1 1
8 1 1
8 1 1
8 1 1
8 1 1
8 1 1
8 1 1
8 1 1
8 1 1
8 1 1
8 1 1
8 1 1
8 1 1
8 1 1
8 1 1
8 1 1
8 1 1
8 1 1
8 1 1
8 1 1
8 1 1
8 1 1
8 1 1
8 1 1
8 1 1
8 1 1
8 1 1
8 1 1
8 1 1
8 1 1
8 1 1
8 1 1
8 1 1
8 1 1
8 1 1
8 1 1
8 1 1
8 1 1
8 1 1
8 1 1
8 1 1
8 1 1
8 1 1
8 1 1
8 1 1
8 1 1
8 1 1
8 1 1
8 1 1
8 1 1
8 1 1
8 1 1
8 1 1
8 1 1
8 1 1
8 1 1
8 1 1
8 1 1
8 1 1
8 1 1
8 1 1
8 1 1
8 1 1
8 1 1
8 1 1
8 1 1
8 1 1
8 1 1
8 1 1
8 1 1
8 1 1
8 1 1
8 1 1
8 1 1
8 1 1
8 1 1
8 1 1
8 1 1
8 1 1
8 1 1
8 1 1
8 1 1
8 1 1
8 1 1
8 1 1
8 1 1
8 1 1
8 1 1
8 1 1
8 1 1
8 1 1
8 1 1
8 1 1
8 1 1
8 1 1
8 1 1
8 1 1
8 1 1
8 1 1
8 1 1
8 1 1
8 1 1
8 1 1
8 1 1
8 1 1
8 1 1
8 1 1
8 1 1
8 1 1
8 1 1
8 1 1
8 1 1
8 1 1
8 1 1
8 1 1
8 1 1
8 1 1
8 1 1
8 1 1
8 1 1
8 1 1
8 1 1
8 1 1
8 1 1
8 1 1
8 1 1
8 1 1
8 1 1
8 1 1
8 1 1
8 1 1
8 1 1
8 1 1
8 1 1
8 1 1
8 1 1
8 1 1
8 1 1
8 1 1
8 1 1
8 1 1
8 1 1
8 1 1
8 1 1
8 1 1
8 1 1
8 1 1
8 1 1
8 1 1
8 1 1
8 1 1
8 1 1
8 1 1
8 1 1
8 1 1
8 1 1
8 1 1
8 1 1
8 1 1
8 1 1
8 1 1
8 1 1
8 1 1
8 1 1
8 1 1
8 1 1
8 1 1
8 1 1
8 1 1
8 1 1
8 1 1
8 1 1
8 1 1
8 1 1
8 1 1
8 1 1
8 1 1
8 1 1
8 1 1
8 1 1
8 1 1
8 1 1
8 1 1
8 1 1
8 1 1
8 1 1
8 1 1
8 1 1
8 1 1
8 1 1
8 1 1
8 1 1
8 1 1
8 1 1
8 1 1
8 1 1
8 1 1
8 1 1
8 1 1
8 1 1
8 1 1
8 1 1
8 1 1
8 1 1
8 1 1
8 1 1
8 1 1
8 1 1
8 1 1
8 1 1
8 1 1
8 1 1
8 1 1
8 1 1
12 366 9565
12 200 2242
12 164 1142
12 58 733
12 42 526
12 36 403
12 26 323
12 22 268
12 20 227
12 18 196
12 16 172
12 16 152
12 16 136
12 14 123
12 12 112
12 11 103
12 10 95
12 10 87
12 10 81
12 10 76
12 10 71
12 10 67
12 10 63
12 10 59
12 10 56
12 8 53
12 8 51
12 8 48
12 8 46
12 8 44
12 8 42
12 8 40
12 8 39
12 8 37
12 6 36
12 6 34
12 6 33
12 6 32
12 6 31
12 6 30
12 6 29
12 6 28
12 6 27
12 6 26
12 6 26
12 6 25
12 5 24
12 4 23
12 4 23
12 4 22
12 4 22
12 4 21
12 4 21
12 4 20
12 4 20
12 4 19
12 4 19
12 4 18
12 4 18
12 4 17
12 4 17
12 4 17
12 4 16
12 4 16
12 4 16
12 4 15
12 4 15
12 4 15
12 4 14
12 4 14
12 4 14
12 4 14
12 4 13
12 4 13
12 4 13
12 4 13
12 4 12
12 4 12
12 4 12
12 4 12
12 4 12
12 4 11
12 4 11
12 4 11
12 4 11
12 4 11
12 4 11
12 4 10
12 4 10
12 4 10
12 4 10
12 4 10
12 4 10
12 4 10
12 4 9
12 4 9
12 4 9
12 4 9
12 4 9
12 4 9
12 4 9
12 4 9
12 4 8
12 4 8
12 4 8
12 4 8
12 4 8
12 4 8
12 4 8
12 4 8
12 2 8
12 2 8
12 2 7
12 2 7
12 2 7
12 2 7
12 2 7
12 2 7
12 2 7
12 2 7
12 2 7
12 2 7
12 2 7
12 2 7
12 2 7
12 2 6
12 2 6
12 2 6
12 2 6
12 2 6
12 2 6
12 2 6
12 2 6
12 2 6
12 2 6
12 2 6
12 2 6
12 2 6
12 2 6
12 2 6
12 2 6
12 2 6
12 2 5
12 2 5
12 2 5
12 2 5
12 2 5
12 2 5
12 2 5
12 2 5
12 2 5
12 2 5
12 2 5
12 2 5
12 2 5
12 2 5
12 2 5
12 2 5
12 2 5
12 2 5
12 2 5
12 2 5
12 2 5
12 2 5
12 2 5
12 2 4
12 2 4
12 2 4
12 2 4
12 2 4
12 2 4
12 2 4
12 2 4
12 2 4
12 2 4
12 2 4
12 2 4
12 2 4
12 2 4
12 2 4
12 2 4
12 2 4
12 2 4
12 2 4
12 2 4
12 2 4
12 2 4
12 2 4
12 2 4
12 2 4
12 2 4
12 2 4
12 2 4
12 2 4
12 2 4
12 2 4
12 2 4
12 2 4
12 2 4
12 2 3
12 2 3
12 2 3
12 2 3
12 2 3
12 2 3
12 2 3
12 2 3
12 2 3
12 2 3
12 2 3
12 2 3
12 2 3
12 2 3
12 2 3
12 2 3
12 2 3
12 2 3
12 2 3
12 2 3
12 2 3
12 2 3
12 2 3
12 2 3
12 2 3
12 2 3
12 2 3
12 2 3
12 2 3
12 2 3
12 2 3
12 2 3
12 2 3
12 2 3
12 2 3
12 2 3
12 2 3
12 2 3
12 2 3
12 2 3
12 2 3
12 2 3
12 2 3
12 2 3
12 2 3
12 2 3
12 2 3
12 2 3
12 2 3
12 2 3
12 2 3
12 2 3
12 2 3
12 2 3
12 2 3
12 2 3
12 2 3
12 2 2
12 2 2
12 2 2
12 2 2
12 2 2
12 2 2
12 2 2
12 2 2
12 2 2
12 2 2
12 2 2
12 2 2
12 2 2
12 2 2
12 2 2
12 2 2
12 2 2
12 2 2
12 2 2
12 2 2
12 2 2
12 2 2
12 2 2
12 2 2
12 2 2
12 2 2
12 2 2
12 2 2
12 2 2
12 2 2
12 2 2
12 2 2
12 2 2
12 2 2
12 2 2
12 2 2
12 2 2
12 2 2
12 2 2
12 2 2
12 2 2
12 2 2
12 2 2
12 2 2
12 2 2
12 2 2
12 2 2
12 2 2
12 2 2
12 2 2
12 2 2
12 2 2
12 2 2
12 2 2
12 2 2
12 2 2
12 2 2
12 2 2
12 2 2
12 2 2
12 2 2
12 2 2
12 2 2
12 2 2
12 2 2
12 2 2
12 2 2
12 2 2
12 2 2
12 2 2
12 2 2
12 2 2
12 2 2
12 2 2
12 2 2
12 2 2
12 2 2
12 2 2
12 2 2
12 2 2
12 2 2
12 2 2
12 2 2
12 2 2
12 2 2
12 2 2
12 2 2
12 2 2
12 2 2
12 2 2
12 2 2
12 2 2
12 2 2
12 2 2
12 2 2
12 2 2
12 2 2
12 2 2
12 2 2
12 2 2
12 2 2
12 2 2
12 2 2
12 2 2
12 2 2
12 2 2
12 2 2
12 2 2
12 2 2
12 2 2
12 2 2
12 2 2
12 2 2
12 2 2
12 2 2
12 2 2
12 2 1
12 2 1
12 2 1
12 2 1
12 2 1
12 2 1
12 2 1
12 2 1
12 2 1
12 2 1
12 2 1
12 2 1
12 2 1
12 2 1
12 2 1
12 2 1
12 2 1
12 2 1
12 2 1
12 2 1
12 2 1
12 2 1
12 2 1
12 2 1
12 2 1
12 2 1
12 2 1
12 2 1
12 2 1
12 2 1
12 2 1
12 2 1
12 2 1
12 2 1
12 2 1
12 2 1
12 2 1
12 2 1
12 2 1
12 2 1
12 2 1
12 2 1
12 2 1
12 2 1
12 2 1
12 2 1
12 2 1
12 2 1
12 2 1
12 2 1
12 2 1
12 2 1
12 2 1
12 2 1
12 2 1
12 2 1
12 2 1
12 2 1
12 2 1
12 2 1
12 2 1
12 2 1
12 2 1
12 2 1
12 2 1
12 2 1
12 2 1
12 2 1
12 2 1
12 2 1
12 2 1
12 2 1
12 2 1
12 2 1
12 2 1
12 2 1
12 2 1
12 2 1
12 2 1
12 2 1
12 2 1
12 2 1
12 2 1
12 2 1
12 2 1
12 2 1
12 2 1
12 2 1
12 2 1
12 2 1
12 2 1
12 2 1
12 2 1
12 2 1
12 2 1
12 2 1
12 2 1
12 2 1
12 2 1
12 2 1
12 2 1
12 2 1
12 2 1
12 2 1
12 2 1
12 2 1
12 2 1
12 2 1
12 2 1
12 2 1
12 2 1
12 2 1
12 2 1
12 2 1
12 2 1
12 2 1
12 2 1
12 2 1
12 2 1
12 2 1
12 2 1
12 2 1
12 2 1
12 2 1
12 2 1
12 2 1
12 2 1
12 2 1
12 2 1
12 2 1
12 2 1
12 2 1
12 2 1
12 2 1
12 2 1
12 2 1
12 2 1
12 2 1
12 2 1
12 2 1
12 2 1
12 2 1
12 2 1
12 2 1
12 2 1
12 2 1
12 2 1
12 2 1
12 2 1
12 2 1
12 2 1
12 2 1
12 2 1
12 2 1
12 2 1
12 2 1
12 2 1
12 2 1
12 2 1
12 2 1
12 2 1
12 2 1
12 2 1
12 2 1
12 2 1
12 2 1
12 2 1
12 2 1
12 2 1
12 2 1
12 2 1
12 2 1
12 2 1
12 2 1
12 2 1
12 2 1
12 2 1
12 2 1
12 2 1
12 2 1
12 2 1
12 2 1
12 2 1
12 2 1
12 2 1
12 2 1
12 2 1
12 2 1
12 2 1
12 2 1
12 2 1
12 2 1
12 2 1
12 2 1
12 2 1
12 2 1
12 2 1
12 2 1
12 2 1
12 2 1
12 2 1
12 2 1
12 2 1
12 2 1
12 2 1
12 2 1
12 2 1
12 2 1
12 2 1
12 2 1
12 2 1
12 2 1
12 2 1
12 2 1
12 2 1
12 2 1
12 2 1
12 2 1
12 2 1
12 2 1
12 2 1
12 2 1
12 2 1
12 2 1
12 2 1
12 2 1
12 2 1
12 2 1
12 2 1
12 2 1
12 2 1
12 2 1
12 2 1
12 2 1
12 2 1
12 2 1
12 2 1
12 2 1
12 2 1
12 2 1
12 2 1
12 2 1
12 2 1
12 2 1
12 2 1
12 2 1
12 2 1
12 2 1
12 2 1
12 2 1
12 2 1
12 2 1
12 2 1
12 2 1
12 2 1
12 2 1
12 2 1
12 2 1
12 2 1
12 2 1
12 2 1
12 2 1
12 2 1
12 2 1
12 2 1
12 2 1
12 2 1
12 2 1
12 2 1
12 2 1
12 2 1
12 2 1
12 2 1
12 2 1
12 2 1
12 2 1
12 2 1
12 2 1
12 2 1
12 2 1
12 2 1
12 2 1
12 2 1
12 2 1
12 2 1
12 2 1
12 2 1
12 2 1
12 2 1
12 2 1
12 2 1
12 2 1
12 2 1
12 2 1
12 2 1
12 2 1
12 2 1
12 2 1
12 2 1
12 2 1
12 2 1
12 2 1
12 2 1
12 2 1
12 2 1
12 2 1
12 2 1
12 2 1
12 2 1
12 2 1
12 2 1
12 2 1
12 2 1
12 2 1
12 2 1
12 2 1
12 2 1
12 2 1
12 2 1
12 2 1
12 2 1
12 2 1
12 2 1
12 2 1
12 2 1
12 2 1
12 2 1
12 2 1
12 2 1
12 2 1
12 2 1
12 2 1
12 2 1
12 2 1
12 2 1
12 2 1
12 2 1
12 2 1
12 2 1
12 2 1
12 2 1
12 2 1
12 2 1
12 2 1
12 2 1
12 2 1
12 2 1
12 2 1
12 2 1
12 2 1
12 2 1
12 2 1
12 2 1
12 2 1
12 2 1
12 2 1
12 2 1
12 2 1
12 2 1
12 2 1
12 2 1
12 2 1
12 2 1
12 2 1
12 2 1
12 2 1
12 2 1
12 2 1
12 2 1
12 2 1
12 2 1
12 2 1
12 2 1
12 2 1
12 2 1
12 2 1
12 2 1
12 2 1
12 2 1
12 2 1
12 2 1
12 2 1
12 2 1
12 2 1
12 2 1
12 2 1
12 2 1
12 2 1
12 2 1
12 2 1
12 1 1
12 1 1
13 4939 6522
13 3603 1923
13 2595 1090
13 2327 750
13 2007 567
13 1732 454
13 1360 377
13 1306 321
13 1142 280
13 1045 247
13 802 221
13 631 200
13 626 182
13 580 167
13 563 154
13 555 143
13 506 134
13 441 125
13 356 118
13 332 111
13 329 105
13 286 100
13 281 95
13 272 90
13 231 86
13 229 82
13 218 79
13 215 76
13 214 73
13 212 70
13 209 68
13 209 65
13 204 63
13 198 61
13 196 59
13 194 57
13 193 55
13 179 54
13 175 52
13 163 51
13 156 49
13 148 48
13 145 47
13 141 46
13 122 44
13 122 43
13 121 42
13 119 41
13 119 40
13 114 39
13 112 39
13 111 38
13 104 37
13 102 36
13 102 35
13 96 35
13 92 34
13 88 33
13 88 33
13 85 32
13 78 32
13 77 31
13 76 30
13 76 30
13 75 29
13 74 29
13 71 28
13 66 28
13 64 27
13 64 27
13 63 27
13 62 26
13 61 26
13 59 25
13 58 25
13 58 25
13 56 24
13 56 24
13 54 24
13 53 23
13 52 23
13 51 23
13 50 22
13 49 22
13 48 22
13 46 21
13 46 21
13 45 21
13 45 21
13 43 20
13 40 20
13 40 20
13 40 20
13 39 19
13 36 19
13 35 19
13 35 19
13 34 19
13 32 18
13 32 18
13 31 18
13 30 18
13 30 18
13 29 17
13 29 17
13 28 17
13 28 17
13 28 17
13 27 16
13 27 16
13 27 16
13 27 16
13 26 16
13 26 16
13 26 16
13 26 15
13 25 15
13 25 15
13 25 15
13 24 15
13 24 15
13 24 15
13 24 14
13 24 14
13 23 14
13 23 14
13 22 14
13 22 14
13 21 14
13 21 14
13 21 13
13 20 13
13 20 13
13 20 13
13 20 13
13 19 13
13 19 13
13 19 13
13 19 13
13 19 12
13 19 12
13 19 12
13 19 12
13 18 12
13 18 12
13 18 12
13 17 12
13 17 12
13 17 12
13 17 12
13 17 11
13 17 11
13 17 11
13 16 11
13 16 11
13 16 11
13 16 11
13 16 11
13 15 11
13 15 11
13 15 11
13 15 11
13 15 11
13 15 10
13 14 10
13 14 10
13 14 10
13 14 10
13 14 10
13 14 10
13 13 10
13 13 10
13 13 10
13 13 10
13 13 10
13 13 10
13 13 10
13 13 10
13 13 9
13 13 9
13 13 9
13 13 9
13 12 9
13 12 9
13 12 9
13 12 9
13 12 9
13 12 9
13 12 9
13 12 9
13 12 9
13 12 9
13 12 9
13 12 9
13 12 9
13 11 9
13 11 9
13 11 8
13 11 8
13 11 8
13 11 8
13 11 8
13 11 8
13 11 8
13 11 8
13 11 8
13 11 8
13 11 8
13 11 8
13 11 8
13 11 8
13 10 8
13 10 8
13 10 8
13 10 8
13 10 8
13 10 8
13 10 8
13 10 8
13 10 8
13 10 7
13 10 7
13 10 7
13 10 7
13 10 7
13 9 7
13 9 7
13 9 7
13 9 7
13 9 7
13 9 7
13 9 7
13 9 7
13 9 7
13 9 7
13 9 7
13 9 7
13 8 7
13 8 7
13 8 7
13 8 7
13 8 7
13 8 7
13 8 7
13 8 7
13 8 7
13 8 7
13 8 7
13 8 7
13 8 7
13 8 6
13 8 6
13 8 6
13 7 6
13 7 6
13 7 6
13 7 6
13 7 6
13 7 6
13 7 6
13 7 6
13 7 6
13 7 6
13 7 6
13 7 6
13 7 6
13 7 6
13 7 6
13 6 6
13 6 6
13 6 6
13 6 6
13 6 6
13 6 6
13 6 6
13 6 6
13 6 6
13 6 6
13 6 6
13 6 6
13 6 6
13 6 6
13 6 6
13 6 6
13 6 6
13 6 6
13 6 6
13 6 6
13 6 6
13 6 6
13 5 5
13 5 5
13 5 5
13 5 5
13 5 5
13 5 5
13 5 5
13 5 5
13 5 5
13 5 5
13 5 5
13 5 5
13 5 5
13 5 5
13 5 5
13 5 5
13 5 5
13 5 5
13 5 5
13 5 5
13 5 5
13 5 5
13 5 5
13 5 5
13 5 5
13 5 5
13 5 5
13 5 5
13 5 5
13 5 5
13 5 5
13 5 5
13 4 5
13 4 5
13 4 5
13 4 5
13 4 5
13 4 5
13 4 5
13 4 5
13 4 5
13 4 5
13 4 5
13 4 5
13 4 5
13 4 5
13 4 5
13 4 5
13 4 5
13 4 5
13 4 5
13 4 5
13 4 5
13 4 5
13 4 5
13 4 5
13 4 5
13 4 5
13 4 4
13 4 4
13 4 4
13 4 4
13 4 4
13 4 4
13 4 4
13 4 4
13 4 4
13 4 4
13 4 4
13 4 4
13 4 4
13 4 4
13 4 4
13 4 4
13 4 4
13 4 4
13 4 4
13 4 4
13 4 4
13 4 4
13 4 4
13 4 4
13 4 4
13 4 4
13 4 4
13 4 4
13 4 4
13 4 4
13 4 4
13 4 4
13 4 4
13 4 4
13 4 4
13 4 4
13 4 4
13 4 4
13 4 4
13 4 4
13 4 4
13 4 4
13 4 4
13 4 4
13 4 4
13 4 4
13 4 4
13 4 4
13 4 4
13 4 4
13 3 4
13 3 4
13 3 4
13 3 4
13 3 4
13 3 4
13 3 4
13 3 4
13 3 4
13 3 4
13 3 4
13 3 4
13 3 4
13 3 4
13 3 4
13 3 4
13 3 4
13 3 4
13 3 4
13 3 4
13 3 4
13 3 4
13 3 4
13 3 4
13 3 4
13 3 4
13 3 4
13 3 4
13 3 4
13 3 4
13 3 4
13 3 4
13 3 4
13 3 4
13 3 4
13 3 4
13 3 4
13 3 3
13 3 3
13 3 3
13 3 3
13 3 3
13 3 3
13 3 3
13 3 3
13 3 3
13 3 3
13 3 3
13 3 3
13 3 3
13 3 3
13 3 3
13 3 3
13 3 3
13 3 3
13 3 3
13 3 3
13 3 3
13 3 3
13 3 3
13 3 3
13 3 3
13 3 3
13 3 3
13 3 3
13 3 3
13 3 3
13 3 3
13 3 3
13 3 3
13 3 3
13 3 3
13 3 3
13 3 3
13 3 3
13 3 3
13 3 3
13 3 3
13 3 3
13 3 3
13 3 3
13 3 3
13 3 3
13 3 3
13 3 3
13 3 3
13 3 3
13 3 3
13 3 3
13 3 3
13 3 3
13 3 3
13 3 3
13 3 3
13 3 3
13 3 3
13 3 3
13 3 3
13 3 3
13 3 3
13 3 3
13 3 3
13 3 3
13 3 3
13 3 3
13 3 3
13 3 3
13 3 3
13 3 3
13 3 3
13 3 3
13 3 3
13 3 3
13 3 3
13 3 3
13 2 3
13 2 3
13 2 3
13 2 3
13 2 3
13 2 3
13 2 3
13 2 3
13 2 3
13 2 3
13 2 3
13 2 3
13 2 3
13 2 3
13 2 3
13 2 3
13 2 3
13 2 3
13 2 3
13 2 3
13 2 3
13 2 3
13 2 3
13 2 3
13 2 3
13 2 3
13 2 3
13 2 3
13 2 3
13 2 3
13 2 3
13 2 3
13 2 3
13 2 3
13 2 3
13 2 3
13 2 3
13 2 3
13 2 3
13 2 3
13 2 3
13 2 3
13 2 3
13 2 3
13 2 3
13 2 3
13 2 3
13 2 3
13 2 3
13 2 3
13 2 3
13 2 3
13 2 3
13 2 3
13 2 3
13 2 3
13 2 3
13 2 3
13 2 3
13 2 3
13 2 3
13 2 3
13 2 3
13 2 3
13 2 3
13 2 3
13 2 3
13 2 3
13 2 3
13 2 3
13 2 3
13 2 3
13 2 2
13 2 2
13 2 2
13 2 2
13 2 2
13 2 2
13 2 2
13 2 2
13 2 2
13 2 2
13 2 2
13 2 2
13 2 2
13 2 2
13 2 2
13 2 2
13 2 2
13 2 2
13 2 2
13 2 2
13 2 2
13 2 2
13 2 2
13 2 2
13 2 2
13 2 2
13 2 2
13 2 2
13 2 2
13 2 2
13 2 2
13 2 2
13 2 2
13 2 2
13 2 2
13 2 2
13 2 2
13 2 2
13 2 2
13 2 2
13 2 2
13 2 2
13 2 2
13 2 2
13 2 2
13 2 2
13 2 2
13 2 2
13 2 2
13 2 2
13 2 2
13 2 2
13 2 2
13 2 2
13 2 2
13 2 2
13 2 2
13 2 2
13 2 2
13 2 2
13 2 2
13 2 2
13 2 2
13 2 2
13 2 2
13 2 2
13 2 2
13 2 2
13 2 2
13 2 2
13 2 2
13 2 2
13 2 2
13 2 2
13 2 2
13 2 2
13 2 2
13 2 2
13 2 2
13 2 2
13 2 2
13 2 2
13 2 2
13 2 2
13 2 2
13 2 2
13 2 2
13 2 2
13 2 2
13 2 2
13 2 2
13 2 2
13 2 2
13 2 2
13 2 2
13 2 2
13 2 2
13 2 2
13 2 2
13 2 2
13 2 2
13 2 2
13 2 2
13 2 2
13 2 2
13 2 2
13 2 2
13 2 2
13 2 2
13 2 2
13 2 2
13 2 2
13 2 2
13 2 2
13 2 2
13 2 2
13 2 2
13 2 2
13 2 2
13 2 2
13 2 2
13 2 2
13 2 2
13 2 2
13 2 2
13 2 2
13 2 2
13 2 2
13 2 2
13 2 2
13 2 2
13 2 2
13 2 2
13 2 2
13 2 2
13 2 2
13 2 2
13 2 2
13 2 2
13 2 2
13 2 2
13 2 2
13 2 2
13 2 2
13 2 2
13 2 2
13 2 2
13 2 2
13 2 2
13 2 2
13 2 2
13 2 2
13 2 2
13 2 2
13 2 2
13 2 2
13 2 2
13 2 2
13 2 2
13 2 2
13 2 2
13 2 2
13 2 2
13 2 2
13 2 2
13 2 2
13 2 2
13 2 2
13 2 2
13 2 2
13 2 2
13 2 2
13 1 2
13 1 2
13 1 2
13 1 2
13 1 2
13 1 2
13 1 2
13 1 2
13 1 2
13 1 2
13 1 2
13 1 2
13 1 2
13 1 2
13 1 2
13 1 2
13 1 2
13 1 2
13 1 2
13 1 2
13 1 2
13 1 2
13 1 2
13 1 2
13 1 2
13 1 2
13 1 2
13 1 2
13 1 2
13 1 2
13 1 2
13 1 2
13 1 2
13 1 2
13 1 2
13 1 2
13 1 2
13 1 2
13 1 2
13 1 2
13 1 2
13 1 2
13 1 2
13 1 2
13 1 2
13 1 2
13 1 2
13 1 2
13 1 2
13 1 2
13 1 2
13 1 2
13 1 2
13 1 2
13 1 2
13 1 2
13 1 2
13 1 2
13 1 2
13 1 2
13 1 2
13 1 2
13 1 2
13 1 2
13 1 2
13 1 2
13 1 2
13 1 2
13 1 2
13 1 2
13 1 2
13 1 2
13 1 2
13 1 2
13 1 2
13 1 2
13 1 2
13 1 2
13 1 2
13 1 2
13 1 2
13 1 2
13 1 2
13 1 2
13 1 2
13 1 2
13 1 2
13 1 2
13 1 2
13 1 2
13 1 2
13 1 2
13 1 2
13 1 2
13 1 2
13 1 2
13 1 2
13 1 2
13 1 2
13 1 2
13 1 2
13 1 2
13 1 2
13 1 2
13 1 2
13 1 2
13 1 2
13 1 2
13 1 2
13 1 2
13 1 2
13 1 2
13 1 2
13 1 2
13 1 2
13 1 2
13 1 2
13 1 2
13 1 2
13 1 2
13 1 2
13 1 2
13 1 2
13 1 2
13 1 2
13 1 2
13 1 2
13 1 2
13 1 2
13 1 2
13 1 2
13 1 2
13 1 2
13 1 2
13 1 2
13 1 2
13 1 2
13 1 2
13 1 2
13 1 2
13 1 2
13 1 2
13 1 2
13 1 2
13 1 2
13 1 2
13 1 2
13 1 2
13 1 2
13 1 2
13 1 2
13 1 2
13 1 2
13 1 2
13 1 1
13 1 1
13 1 1
13 1 1
13 1 1
13 1 1
13 1 1
13 1 1
13 1 1
13 1 1
13 1 1
13 1 1
13 1 1
13 1 1
13 1 1
13 1 1
13 1 1
13 1 1
13 1 1
13 1 1
13 1 1
13 1 1
13 1 1
13 1 1
13 1 1
13 1 1
13 1 1
13 1 1
13 1 1
13 1 1
13 1 1
13 1 1
13 1 1
13 1 1
13 1 1
13 1 1
13 1 1
13 1 1
13 1 1
13 1 1
13 1 1
13 1 1
13 1 1
13 1 1
13 1 1
13 1 1
13 1 1
13 1 1
13 1 1
13 1 1
13 1 1
13 1 1
13 1 1
13 1 1
13 1 1
13 1 1
13 1 1
13 1 1
13 1 1
13 1 1
13 1 1
13 1 1
13 1 1
13 1 1
13 1 1
13 1 1
13 1 1
13 1 1
13 1 1
13 1 1
13 1 1
13 1 1
13 1 1
13 1 1
13 1 1
13 1 1
13 1 1
13 1 1
13 1 1
13 1 1
13 1 1
13 1 1
13 1 1
13 1 1
13 1 1
13 1 1
13 1 1
13 1 1
13 1 1
13 1 1
13 1 1
13 1 1
13 1 1
13 1 1
13 1 1
13 1 1
13 1 1
13 1 1
13 1 1
13 1 1
13 1 1
13 1 1
13 1 1
13 1 1
13 1 1
13 1 1
13 1 1
13 1 1
13 1 1
13 1 1
13 1 1
13 1 1
13 1 1
13 1 1
13 1 1
13 1 1
13 1 1
13 1 1
13 1 1
13 1 1
13 1 1
13 1 1
13 1 1
13 1 1
13 1 1
13 1 1
13 1 1
13 1 1
13 1 1
13 1 1
13 1 1
13 1 1
13 1 1
13 1 1
13 1 1
13 1 1
13 1 1
13 1 1
13 1 1
13 1 1
13 1 1
13 1 1
13 1 1
13 1 1
13 1 1
13 1 1
13 1 1
13 1 1
13 1 1
13 1 1
13 1 1
13 1 1
13 1 1
13 1 1
13 1 1
13 1 1
13 1 1
13 1 1
13 1 1
13 1 1
13 1 1
13 1 1
13 1 1
13 1 1
13 1 1
13 1 1
13 1 1
13 1 1
13 1 1
13 1 1
13 1 1
13 1 1
13 1 1
13 1 1
13 1 1
13 1 1
13 1 1
13 1 1
13 1 1
13 1 1
13 1 1
13 1 1
13 1 1
13 1 1
13 1 1
13 1 1
13 1 1
13 1 1
13 1 1
13 1 1
13 1 1
13 1 1
13 1 1
13 1 1
13 1 1
13 1 1
13 1 1
13 1 1
13 1 1
13 1 1
13 1 1
13 1 1
13 1 1
13 1 1
13 1 1
13 1 1
13 1 1
13 1 1
13 1 1
13 1 1
13 1 1
13 1 1
13 1 1
13 1 1
13 1 1
13 1 1
13 1 1
13 1 1
13 1 1
13 1 1
13 1 1
13 1 1
13 1 1
13 1 1
13 1 1
13 1 1
13 1 1
13 1 1
13 1 1
13 1 1
13 1 1
13 1 1
13 1 1
13 1 1
13 1 1
13 1 1
13 1 1
13 1 1
13 1 1
13 1 1
13 1 1
13 1 1
13 1 1
13 1 1
13 1 1
13 1 1
13 1 1
13 1 1
13 1 1
13 1 1
13 1 1
13 1 1
13 1 1
13 1 1
13 1 1
13 1 1
13 1 1
13 1 1
13 1 1
13 1 1
13 1 1
13 1 1
13 1 1
13 1 1
13 1 1
13 1 1
13 1 1
13 1 1
13 1 1
13 1 1
13 1 1
13 1 1
13 1 1
13 1 1
13 1 1
13 1 1
13 1 1
13 1 1
13 1 1
13 1 1
13 1 1
13 1 1
13 1 1
13 1 1
13 1 1
13 1 1
13 1 1
13 1 1
13 1 1
13 1 1
13 1 1
13 1 1
13 1 1
13 1 1
13 1 1
13 1 1
13 1 1
13 1 1
13 1 1
13 1 1
13 1 1
13 1 1
13 1 1
13 1 1
13 1 1
13 1 1
13 1 1
13 1 1
13 1 1
13 1 1
13 1 1
13 1 1
13 1 1
13 1 1
13 1 1
13 1 1
13 1 1
13 1 1
13 1 1
13 1 1
13 1 1
13 1 1
13 1 1
13 1 1
13 1 1
13 1 1
13 1 1
13 1 1
13 1 1
13 1 1
13 1 1
13 1 1
13 1 1
13 1 1
13 1 1
13 1 1
13 1 1
13 1 1
13 1 1
13 1 1
13 1 1
13 1 1
13 1 1
13 1 1
13 1 1
13 1 1
13 1 1
13 1 1
13 1 1
13 1 1
13 1 1
13 1 1
13 1 1
13 1 1
13 1 1
13 1 1
13 1 1
13 1 1
13 1 1
13 1 1
13 1 1
13 1 1
13 1 1
13 1 1
13 1 1
13 1 1
13 1 1
13 1 1
13 1 1
13 1 1
13 1 1
13 1 1
13 1 1
13 1 1
13 1 1
13 1 1
13 1 1
13 1 1
13 1 1
13 1 1
13 1 1
13 1 1
13 1 1
13 1 1
13 1 1
13 1 1
13 1 1
13 1 1
13 1 1
13 1 1
13 1 1
13 1 1
13 1 1
13 1 1
13 1 1
13 1 1
13 1 1
13 1 1
13 1 1
13 1 1
13 1 1
13 1 1
13 1 1
13 1 1
13 1 1
13 1 1
13 1 1
13 1 1
13 1 1
13 1 1
13 1 1
13 1 1
13 1 1
13 1 1
13 1 1
13 1 1
13 1 1
13 1 1
13 1 1
13 1 1
13 1 1
13 1 1
13 1 1
13 1 1
13 1 1
13 1 1
13 1 1
13 1 1
13 1 1
13 1 1
13 1 1
13 1 1
13 1 1
13 1 1
13 1 1
13 1 1
13 1 1
13 1 1
13 1 1
13 1 1
13 1 1
13 1 1
13 1 1
13 1 1
13 1 1
13 1 1
13 1 1
13 1 1
13 1 1
13 1 1
13 1 1
13 1 1
13 1 1
13 1 1
13 1 1
13 1 1
13 1 1
13 1 1
13 1 1
13 1 1
13 1 1
13 1 1
13 1 1
13 1 1
13 1 1
13 1 1
13 1 1
13 1 1
13 1 1
13 1 1
13 1 1
13 1 1
13 1 1
13 1 1
13 1 1
13 1 1
13 1 1
13 1 1
13 1 1
13 1 1
13 1 1
13 1 1
13 1 1
13 1 1
13 1 1
13 1 1
13 1 1
13 1 1
13 1 1
13 1 1
13 1 1
13 1 1
13 1 1
13 1 1
13 1 1
13 1 1
13 1 1
13 1 1
13 1 1
13 1 1
13 1 1
13 1 1
13 1 1
13 1 1
13 1 1
13 1 1
13 1 1
13 1 1
13 1 1
13 1 1
13 1 1
13 1 1
13 1 1
13 1 1
13 1 1
13 1 1
13 1 1
13 1 1
13 1 1
13 1 1
13 1 1
13 1 1
13 1 1
13 1 1
13 1 1
13 1 1
13 1 1
13 1 1
13 1 1
13 1 1
13 1 1
13 1 1
13 1 1
13 1 1
13 1 1
13 1 1
13 1 1
13 1 1
13 1 1
13 1 1
13 1 1
13 1 1
13 1 1
13 1 1
13 1 1
13 1 1
13 1 1
13 1 1
13 1 1
13 1 1
13 1 1
13 1 1
13 1 1
13 1 1
13 1 1
13 1 1
13 1 1
13 1 1
13 1 1
13 1 1
13 1 1
13 1 1
13 1 1
13 1 1
13 1 1
13 1 1
13 1 1
13 1 1
13 1 1
13 1 1
13 1 1
13 1 1
13 1 1
13 1 1
13 1 1
13 1 1
13 1 1
13 1 1
13 1 1
13 1 1
13 1 1
13 1 1
13 1 1
13 1 1
13 1 1
13 1 1
13 1 1
13 1 1
13 1 1
13 1 1
13 1 1
13 1 1
13 1 1
13 1 1
13 1 1
13 1 1
13 1 1
13 1 1
13 1 1
13 1 1
13 1 1
13 1 1
13 1 1
13 1 1
13 1 1
13 1 1
13 1 1
13 1 1
13 1 1
13 1 1
13 1 1
13 1 1
13 1 1
13 1 1
13 1 1
13 1 1
13 1 1
13 1 1
13 1 1
13 1 1
13 1 1
13 1 1
13 1 1
13 1 1
13 1 1
13 1 1
13 1 1
13 1 1
13 1 1
13 1 1
13 1 1
13 1 1
13 1 1
13 1 1
13 1 1
13 1 1
13 1 1
13 1 1
13 1 1
13 1 1
13 1 1
13 1 1
13 1 1
13 1 1
13 1 1
13 1 1
13 1 1
13 1 1
13 1 1
13 1 1
13 1 1
13 1 1
13 1 1
13 1 1
13 1 1
13 1 1
13 1 1
13 1 1
13 1 1
13 1 1
13 1 1
13 1 1
13 1 1
13 1 1
13 1 1
13 1 1
13 1 1
13 1 1
13 1 1
13 1 1
13 1 1
13 1 1
13 1 1
13 1 1
13 1 1
13 1 1
13 1 1
13 1 1
13 1 1
13 1 1
13 1 1
13 1 1
13 1 1
13 1 1
13 1 1
13 1 1
13 1 1
13 1 1
13 1 1
13 1 1
13 1 1
13 1 1
13 1 1
13 1 1
13 1 1
13 1 1
13 1 1
13 1 1
13 1 1
13 1 1
13 1 1
13 1 1
13 1 1
13 1 1
13 1 1
13 1 1
13 1 1
13 1 1
13 1 1
13 1 1
13 1 1
13 1 1
13 1 1
13 1 1
13 1 1
13 1 1
13 1 1
13 1 1
13 1 1
13 1 1
13 1 1
13 1 1
13 1 1
13 1 1
13 1 1
13 1 1
13 1 1
13 1 1
13 1 1
13 1 1
13 1 1
13 1 1
13 1 1
13 1 1
13 1 1
13 1 1
13 1 1
13 1 1
13 1 1
13 1 1
13 1 1
13 1 1
13 1 1
13 1 1
13 1 1
13 1 1
13 1 1
13 1 1
13 1 1
13 1 1
13 1 1
13 1 1
13 1 1
13 1 1
13 1 1
13 1 1
13 1 1
13 1 1
13 1 1
13 1 1
13 1 1
13 1 1
13 1 1
13 1 1
13 1 1
13 1 1
13 1 1
13 1 1
13 1 1
13 1 1
13 1 1
13 1 1
13 1 1
13 1 1
13 1 1
13 1 1
13 1 1
13 1 1
13 1 1
13 1 1
13 1 1
13 1 1
13 1 1
13 1 1
13 1 1
13 1 1
13 1 1
13 1 1
13 1 1
13 1 1
13 1 1
13 1 1
13 1 1
13 1 1
13 1 1
13 1 1
13 1 1
13 1 1
13 1 1
13 1 1
13 1 1
13 1 1
13 1 1
13 1 1
13 1 1
13 1 1
13 1 1
13 1 1
13 1 1
13 1 1
13 1 1
13 1 1
13 1 1
13 1 1
13 1 1
13 1 1
13 1 1
13 1 1
13 1 1
13 1 1
13 1 1
13 1 1
13 1 1
13 1 1
13 1 1
13 1 1
13 1 1
13 1 1
13 1 1
13 1 1
13 1 1
13 1 1
13 1 1
13 1 1
13 1 1
13 1 1
13 1 1
13 1 1
13 1 1
13 1 1
13 1 1
13 1 1
13 1 1
13 1 1
13 1 1
13 1 1
13 1 1
13 1 1
13 1 1
13 1 1
13 1 1
13 1 1
13 1 1
13 1 1
13 1 1
13 1 1
13 1 1
13 1 1
13 1 1
13 1 1
13 1 1
13 1 1
13 1 1
13 1 1
13 1 1
13 1 1
13 1 1
13 1 1
13 1 1
13 1 1
13 1 1
13 1 1
13 1 1
13 1 1
13 1 1
13 1 1
13 1 1
13 1 1
13 1 1
13 1 1
13 1 1
13 1 1
13 1 1
13 1 1
13 1 1
13 1 1
13 1 1
13 1 1
13 1 1
13 1 1
13 1 1
13 1 1
13 1 1
13 1 1
13 1 1
13 1 1
13 1 1
13 1 1
13 1 1
13 1 1
13 1 1
13 1 1
13 1 1
13 1 1
13 1 1
13 1 1
13 1 1
13 1 1
13 1 1
13 1 1
13 1 1
13 1 1
13 1 1
13 1 1
13 1 1
13 1 1
13 1 1
13 1 1
13 1 1
13 1 1
13 1 1
13 1 1
13 1 1
13 1 1
13 1 1
13 1 1
13 1 1
13 1 1
13 1 1
13 1 1
13 1 1
13 1 1
13 1 1
13 1 1
13 1 1
13 1 1
13 1 1
13 1 1
13 1 1
13 1 1
13 1 1
13 1 1
13 1 1
13 1 1
13 1 1
13 1 1
13 1 1
13 1 1
13 1 1
13 1 1
13 1 1
13 1 1
13 1 1
13 1 1
13 1 1
13 1 1
13 1 1
13 1 1
13 1 1
13 1 1
13 1 1
13 1 1
13 1 1
13 1 1
13 1 1
13 1 1
13 1 1
13 1 1
13 1 1
13 1 1
13 1 1
13 1 1
13 1 1
13 1 1
13 1 1
13 1 1
13 1 1
13 1 1
13 1 1
13 1 1
13 1 1
13 1 1
13 1 1
13 1 1
13 1 1
13 1 1
13 1 1
13 1 1
13 1 1
13 1 1
13 1 1
13 1 1
13 1 1
13 1 1
13 1 1
13 1 1
13 1 1
13 1 1
13 1 1
13 1 1
13 1 1
13 1 1
13 1 1
13 1 1
13 1 1
13 1 1
13 1 1
13 1 1
13 1 1
13 1 1
13 1 1
13 1 1
13 1 1
13 1 1
13 1 1
13 1 1
13 1 1
13 1 1
13 1 1
13 1 1
13 1 1
13 1 1
13 1 1
13 1 1
13 1 1
13 1 1
13 1 1
13 1 1
13 1 1
13 1 1
13 1 1
13 1 1
13 1 1
13 1 1
13 1 1
13 1 1
13 1 1
13 1 1
13 1 1
13 1 1
13 1 1
13 1 1
13 1 1
13 1 1
13 1 1
13 1 1
13 1 1
13 1 1
13 1 1
13 1 1
13 1 1
13 1 1
13 1 1
13 1 1
13 1 1
13 1 1
13 1 1
13 1 1
13 1 1
13 1 1
13 1 1
13 1 1
13 1 1
13 1 1
13 1 1
13 1 1
13 1 1
13 1 1
13 1 1
13 1 1
13 1 1
13 1 1
13 1 1
13 1 1
13 1 1
13 1 1
13 1 1
13 1 1
13 1 1
13 1 1
13 1 1
13 1 1
13 1 1
13 1 1
13 1 1
13 1 1
13 1 1
13 1 1
13 1 1
13 1 1
13 1 1
13 1 1
13 1 1
13 1 1
13 1 1
13 1 1
13 1 1
13 1 1
13 1 1
13 1 1
13 1 1
13 1 1
13 1 1
13 1 1
13 1 1
13 1 1
13 1 1
13 1 1
13 1 1
13 1 1
13 1 1
13 1 1
13 1 1
13 1 1
13 1 1
13 1 1
13 1 1
13 1 1
13 1 1
13 1 1
13 1 1
13 1 1
13 1 1
13 1 1
13 1 1
13 1 1
13 1 1
13 1 1
13 1 1
13 1 1
13 1 1
13 1 1
13 1 1
13 1 1
13 1 1
13 1 1
13 1 1
13 1 1
13 1 1
13 1 1
13 1 1
13 1 1
13 1 1
13 1 1
13 1 1
13 1 1
13 1 1
13 1 1
13 1 1
13 1 1
13 1 1
13 1 1
13 1 1
13 1 1
13 1 1
13 1 1
13 1 1
13 1 1
13 1 1
13 1 1
13 1 1
13 1 1
13 1 1
13 1 1
13 1 1
13 1 1
13 1 1
13 1 1
13 1 1
13 1 1
13 1 1
13 1 1
13 1 1
13 1 1
13 1 1
13 1 1
13 1 1
13 1 1
13 1 1
13 1 1
13 1 1
13 1 1
13 1 1
13 1 1
13 1 1
13 1 1
13 1 1
13 1 1
13 1 1
13 1 1
13 1 1
13 1 1
13 1 1
13 1 1
13 1 1
13 1 1
13 1 1
13 1 1
13 1 1
13 1 1
13 1 1
13 1 1
13 1 1
13 1 1
13 1 1
13 1 1
13 1 1
13 1 1
13 1 1
13 1 1
13 1 1
13 1 1
13 1 1
14 5654 25505
14 3509 6505
14 2791 3446
14 2083 2268
14 1796 1659
14 1580 1293
14 935 1050
14 882 879
14 821 752
14 728 655
14 728 578
14 682 517
14 643 466
14 599 423
14 573 387
14 570 356
14 564 330
14 478 306
14 422 286
14 414 268
14 367 252
14 363 237
14 361 224
14 348 212
14 343 202
14 325 192
14 313 183
14 305 175
14 302 167
14 300 160
14 279 154
14 277 148
14 274 142
14 271 137
14 260 132
14 252 127
14 251 123
14 250 119
14 250 115
14 233 111
14 223 108
14 222 105
14 213 102
14 198 99
14 197 96
14 188 93
14 184 91
14 178 89
14 175 86
14 170 84
14 152 82
14 152 80
14 150 78
14 149 76
14 146 75
14 144 73
14 143 71
14 138 70
14 136 68
14 135 67
14 134 66
14 129 64
14 126 63
14 124 62
14 122 60
14 120 59
14 115 58
14 110 57
14 109 56
14 109 55
14 108 54
14 107 53
14 107 52
14 106 51
14 104 51
14 101 50
14 99 49
14 89 48
14 89 47
14 88 47
14 86 46
14 86 45
14 80 45
14 79 44
14 77 43
14 76 43
14 75 42
14 73 41
14 71 41
14 70 40
14 70 40
14 69 39
14 68 39
14 67 38
14 67 38
14 64 37
14 64 37
14 64 36
14 63 36
14 62 35
14 61 35
14 59 34
14 59 34
14 56 34
14 56 33
14 55 33
14 54 32
14 53 32
14 53 32
14 52 31
14 52 31
14 51 31
14 50 30
14 49 30
14 49 30
14 49 29
14 48 29
14 48 29
14 48 28
14 47 28
14 47 28
14 47 28
14 45 27
14 45 27
14 45 27
14 45 26
14 45 26
14 43 26
14 42 26
14 41 25
14 41 25
14 41 25
14 40 25
14 40 24
14 39 24
14 38 24
14 37 24
14 37 24
14 36 23
14 36 23
14 36 23
14 36 23
14 35 23
14 35 22
14 34 22
14 34 22
14 33 22
14 33 22
14 33 21
14 33 21
14 33 21
14 33 21
14 32 21
14 32 21
14 32 20
14 31 20
14 30 20
14 30 20
14 30 20
14 29 20
14 29 19
14 29 19
14 28 19
14 28 19
14 27 19
14 27 19
14 26 19
14 26 18
14 26 18
14 26 18
14 26 18
14 26 18
14 26 18
14 25 18
14 25 18
14 25 17
14 25 17
14 25 17
14 24 17
14 24 17
14 24 17
14 24 17
14 24 17
14 24 16
14 24 16
14 23 16
14 23 16
14 23 16
14 22 16
14 22 16
14 22 16
14 22 16
14 21 16
14 21 15
14 21 15
14 21 15
14 21 15
14 20 15
14 19 15
14 19 15
14 19 15
14 19 15
14 18 15
14 18 14
14 18 14
14 18 14
14 18 14
14 18 14
14 18 14
14 17 14
14 17 14
14 17 14
14 17 14
14 17 14
14 17 14
14 17 13
14 17 13
14 17 13
14 17 13
14 16 13
14 16 13
14 16 13
14 16 13
14 16 13
14 16 13
14 15 13
14 15 13
14 15 13
14 15 13
14 15 12
14 15 12
14 15 12
14 15 12
14 15 12
14 15 12
14 15 12
14 15 12
14 14 12
14 14 12
14 14 12
14 14 12
14 14 12
14 14 12
14 14 12
14 14 12
14 14 11
14 13 11
14 13 11
14 13 11
14 13 11
14 13 11
14 13 11
14 13 11
14 13 11
14 13 11
14 13 11
14 13 11
14 13 11
14 13 11
14 13 11
14 13 11
14 12 11
14 12 11
14 12 11
14 12 10
14 12 10
14 12 10
14 12 10
14 12 10
14 12 10
14 12 10
14 12 10
14 12 10
14 12 10
14 12 10
14 12 10
14 11 10
14 11 10
14 11 10
14 11 10
14 11 10
14 11 10
14 11 10
14 11 10
14 11 10
14 11 10
14 11 9
14 11 9
14 10 9
14 10 9
14 10 9
14 10 9
14 10 9
14 10 9
14 10 9
14 10 9
14 10 9
14 10 9
14 10 9
14 10 9
14 10 9
14 10 9
14 10 9
14 10 9
14 10 9
14 10 9
14 10 9
14 10 9
14 10 9
14 9 9
14 9 9
14 9 9
14 9 8
14 9 8
14 9 8
14 9 8
14 9 8
14 9 8
14 9 8
14 9 8
14 9 8
14 9 8
14 9 8
14 9 8
14 9 8
14 9 8
14 9 8
14 9 8
14 9 8
14 9 8
14 9 8
14 8 8
14 8 8
14 8 8
14 8 8
14 8 8
14 8 8
14 8 8
14 8 8
14 8 8
14 8 8
14 8 8
14 8 8
14 8 8
14 8 8
14 8 7
14 8 7
14 8 7
14 8 7
14 8 7
14 8 7
14 8 7
14 8 7
14 8 7
14 8 7
14 8 7
14 8 7
14 8 7
14 8 7
14 8 7
14 8 7
14 8 7
14 8 7
14 8 7
14 8 7
14 8 7
14 8 7
14 8 7
14 8 7
14 8 7
14 8 7
14 8 7
14 8 7
14 7 7
14 7 7
14 7 7
14 7 7
14 7 7
14 7 7
14 7 7
14 7 7
14 7 7
14 7 7
14 7 7
14 7 7
14 7 7
14 7 7
14 7 6
14 7 6
14 7 6
14 7 6
14 7 6
14 7 6
14 7 6
14 7 6
14 7 6
14 7 6
14 7 6
14 7 6
14 7 6
14 6 6
14 6 6
14 6 6
14 6 6
14 6 6
14 6 6
14 6 6
14 6 6
14 6 6
14 6 6
14 6 6
14 6 6
14 6 6
14 6 6
14 6 6
14 6 6
14 6 6
14 6 6
14 6 6
14 6 6
14 6 6
14 6 6
14 6 6
14 6 6
14 6 6
14 6 6
14 6 6
14 6 6
14 6 6
14 6 6
14 6 6
14 6 6
14 6 6
14 6 6
14 6 6
14 6 6
14 6 6
14 6 6
14 6 6
14 6 6
14 6 6
14 6 6
14 6 6
14 6 5
14 6 5
14 5 5
14 5 5
14 5 5
14 5 5
14 5 5
14 5 5
14 5 5
14 5 5
14 5 5
14 5 5
14 5 5
14 5 5
14 5 5
14 5 5
14 5 5
14 5 5
14 5 5
14 5 5
14 5 5
14 5 5
14 5 5
14 5 5
14 5 5
14 5 5
14 5 5
14 5 5
14 5 5
14 5 5
14 5 5
14 5 5
14 5 5
14 5 5
14 5 5
14 5 5
14 5 5
14 5 5
14 5 5
14 5 5
14 5 5
14 5 5
14 5 5
14 5 5
14 5 5
14 5 5
14 5 5
14 5 5
14 5 5
14 5 5
14 5 5
14 5 5
14 5 5
14 5 5
14 5 5
14 5 5
14 5 5
14 5 5
14 5 5
14 5 5
14 5 5
14 4 5
14 4 5
14 4 5
14 4 5
14 4 5
14 4 5
14 4 5
14 4 5
14 4 5
14 4 5
14 4 5
14 4 5
14 4 5
14 4 5
14 4 5
14 4 5
14 4 4
14 4 4
14 4 4
14 4 4
14 4 4
14 4 4
14 4 4
14 4 4
14 4 4
14 4 4
14 4 4
14 4 4
14 4 4
14 4 4
14 4 4
14 4 4
14 4 4
14 4 4
14 4 4
14 4 4
14 4 4
14 4 4
14 4 4
14 4 4
14 4 4
14 4 4
14 4 4
14 4 4
14 4 4
14 4 4
14 4 4
14 4 4
14 4 4
14 4 4
14 4 4
14 4 4
14 4 4
14 4 4
14 4 4
14 4 4
14 4 4
14 4 4
14 4 4
14 4 4
14 4 4
14 4 4
14 4 4
14 4 4
14 4 4
14 4 4
14 4 4
14 4 4
14 4 4
14 4 4
14 4 4
14 4 4
14 4 4
14 4 4
14 4 4
14 4 4
14 4 4
14 4 4
14 4 4
14 4 4
14 4 4
14 4 4
14 4 4
14 4 4
14 4 4
14 4 4
14 4 4
14 4 4
14 4 4
14 4 4
14 4 4
14 4 4
14 4 4
14 4 4
14 4 4
14 4 4
14 4 4
14 4 4
14 4 4
14 4 4
14 4 4
14 4 4
14 4 4
14 4 4
14 4 4
14 4 4
14 3 4
14 3 4
14 3 4
14 3 4
14 3 4
14 3 4
14 3 4
14 3 4
14 3 4
14 3 4
14 3 4
14 3 4
14 3 4
14 3 4
14 3 4
14 3 4
14 3 4
14 3 4
14 3 4
14 3 4
14 3 4
14 3 4
14 3 4
14 3 4
14 3 4
14 3 3
14 3 3
14 3 3
14 3 3
14 3 3
14 3 3
14 3 3
14 3 3
14 3 3
14 3 3
14 3 3
14 3 3
14 3 3
14 3 3
14 3 3
14 3 3
14 3 3
14 3 3
14 3 3
14 3 3
14 3 3
14 3 3
14 3 3
14 3 3
14 3 3
14 3 3
14 3 3
14 3 3
14 3 3
14 3 3
14 3 3
14 3 3
14 3 3
14 3 3
14 3 3
14 3 3
14 3 3
14 3 3
14 3 3
14 3 3
14 3 3
14 3 3
14 3 3
14 3 3
14 3 3
14 3 3
14 3 3
14 3 3
14 3 3
14 3 3
14 3 3
14 3 3
14 3 3
14 3 3
14 3 3
14 3 3
14 3 3
14 3 3
14 3 3
14 3 3
14 3 3
14 3 3
14 3 3
14 3 3
14 3 3
14 3 3
14 3 3
14 3 3
14 3 3
14 3 3
14 3 3
14 3 3
14 3 3
14 3 3
14 3 3
14 3 3
14 3 3
14 3 3
14 3 3
14 3 3
14 3 3
14 3 3
14 3 3
14 3 3
14 3 3
14 3 3
14 3 3
14 3 3
14 3 3
14 3 3
14 3 3
14 3 3
14 3 3
14 3 3
14 3 3
14 3 3
14 3 3
14 3 3
14 3 3
14 3 3
14 3 3
14 3 3
14 3 3
14 3 3
14 3 3
14 3 3
14 3 3
14 3 3
14 3 3
14 3 3
14 3 3
14 3 3
14 3 3
14 3 3
14 3 3
14 3 3
14 3 3
14 3 3
14 3 3
14 2 3
14 2 3
14 2 3
14 2 3
14 2 3
14 2 3
14 2 3
14 2 3
14 2 3
14 2 3
14 2 3
14 2 3
14 2 3
14 2 3
14 2 3
14 2 3
14 2 3
14 2 3
14 2 3
14 2 3
14 2 3
14 2 3
14 2 3
14 2 3
14 2 3
14 2 3
14 2 3
14 2 3
14 2 3
14 2 3
14 2 3
14 2 3
14 2 3
14 2 3
14 2 3
14 2 3
14 2 3
14 2 3
14 2 3
14 2 3
14 2 3
14 2 3
14 2 3
14 2 3
14 2 3
14 2 3
14 2 3
14 2 3
14 2 3
14 2 3
14 2 3
14 2 3
14 2 3
14 2 3
14 2 3
14 2 3
14 2 3
14 2 3
14 2 3
14 2 3
14 2 3
14 2 3
14 2 3
14 2 3
14 2 3
14 2 3
14 2 3
14 2 3
14 2 3
14 2 3
14 2 3
14 2 3
14 2 3
14 2 3
14 2 2
14 2 2
14 2 2
14 2 2
14 2 2
14 2 2
14 2 2
14 2 2
14 2 2
14 2 2
14 2 2
14 2 2
14 2 2
14 2 2
14 2 2
14 2 2
14 2 2
14 2 2
14 2 2
14 2 2
14 2 2
14 2 2
14 2 2
14 2 2
14 2 2
14 2 2
14 2 2
14 2 2
14 2 2
14 2 2
14 2 2
14 2 2
14 2 2
14 2 2
14 2 2
14 2 2
14 2 2
14 2 2
14 2 2
14 2 2
14 2 2
14 2 2
14 2 2
14 2 2
14 2 2
14 2 2
14 2 2
14 2 2
14 2 2
14 2 2
14 2 2
14 2 2
14 2 2
14 2 2
14 2 2
14 2 2
14 2 2
14 2 2
14 2 2
14 2 2
14 2 2
14 2 2
14 2 2
14 2 2
14 2 2
14 2 2
14 2 2
14 2 2
14 2 2
14 2 2
14 2 2
14 2 2
14 2 2
14 2 2
14 2 2
14 2 2
14 2 2
14 2 2
14 2 2
14 2 2
14 2 2
14 2 2
14 2 2
14 2 2
14 2 2
14 2 2
14 2 2
14 2 2
14 2 2
14 2 2
14 2 2
14 2 2
14 2 2
14 2 2
14 2 2
14 2 2
14 2 2
14 2 2
14 2 2
14 2 2
14 2 2
14 2 2
14 2 2
14 2 2
14 2 2
14 2 2
14 2 2
14 2 2
14 2 2
14 2 2
14 2 2
14 2 2
14 2 2
14 2 2
14 2 2
14 2 2
14 2 2
14 2 2
14 2 2
14 2 2
14 2 2
14 2 2
14 2 2
14 2 2
14 2 2
14 2 2
14 2 2
14 2 2
14 2 2
14 2 2
14 2 2
14 2 2
14 2 2
14 2 2
14 2 2
14 2 2
14 2 2
14 2 2
14 2 2
14 2 2
14 2 2
14 2 2
14 2 2
14 2 2
14 2 2
14 2 2
14 2 2
14 2 2
14 2 2
14 2 2
14 2 2
14 2 2
14 2 2
14 2 2
14 2 2
14 2 2
14 2 2
14 2 2
14 2 2
14 2 2
14 2 2
14 2 2
14 2 2
14 2 2
14 2 2
14 2 2
14 2 2
14 2 2
14 2 2
14 2 2
14 2 2
14 2 2
14 2 2
14 2 2
14 2 2
14 2 2
14 2 2
14 2 2
14 2 2
14 2 2
14 2 2
14 2 2
14 2 2
14 2 2
14 2 2
14 2 2
14 2 2
14 2 2
14 2 2
14 2 2
14 2 2
14 2 2
14 2 2
14 2 2
14 2 2
14 2 2
14 2 2
14 2 2
14 2 2
14 2 2
14 2 2
14 2 2
14 2 2
14 2 2
14 2 2
14 2 2
14 2 2
14 2 2
14 2 2
14 2 2
14 2 2
14 2 2
14 2 2
14 2 2
14 2 2
14 2 2
14 2 2
14 2 2
14 2 2
14 2 2
14 2 2
14 2 2
14 2 2
14 2 2
14 2 2
14 2 2
14 2 2
14 2 2
14 2 2
14 2 2
14 2 2
14 2 2
14 2 2
14 2 2
14 2 2
14 2 2
14 2 2
14 2 2
14 2 2
14 2 2
14 2 2
14 2 2
14 2 2
14 2 2
14 2 2
14 2 2
14 2 2
14 2 2
14 2 2
14 2 2
14 2 2
14 2 2
14 2 2
14 2 2
14 2 2
14 2 2
14 2 2
14 2 2
14 2 2
14 2 2
14 2 2
14 2 2
14 2 2
14 2 2
14 2 2
14 2 2
14 2 2
14 2 2
14 2 2
14 2 2
14 2 2
14 2 2
14 2 2
14 2 2
14 2 2
14 2 2
14 2 2
14 2 2
14 2 2
14 2 2
14 2 2
14 2 2
14 2 2
14 2 2
14 2 2
14 2 2
14 1 2
14 1 2
14 1 2
14 1 2
14 1 2
14 1 2
14 1 2
14 1 2
14 1 2
14 1 2
14 1 2
14 1 2
14 1 2
14 1 2
14 1 2
14 1 2
14 1 2
14 1 2
14 1 2
14 1 2
14 1 2
14 1 2
14 1 2
14 1 2
14 1 2
14 1 2
14 1 2
14 1 2
14 1 2
14 1 2
14 1 2
14 1 2
14 1 2
14 1 2
14 1 2
14 1 2
14 1 2
14 1 2
14 1 2
14 1 2
14 1 2
14 1 2
14 1 2
14 1 2
14 1 2
14 1 2
14 1 2
14 1 2
14 1 2
14 1 2
14 1 2
14 1 2
14 1 2
14 1 2
14 1 2
14 1 2
14 1 2
14 1 2
14 1 2
14 1 2
14 1 2
14 1 2
14 1 2
14 1 2
14 1 2
14 1 2
14 1 2
14 1 2
14 1 2
14 1 2
14 1 2
14 1 2
14 1 2
14 1 2
14 1 2
14 1 2
14 1 2
14 1 2
14 1 2
14 1 2
14 1 2
14 1 2
14 1 2
14 1 2
14 1 2
14 1 2
14 1 2
14 1 2
14 1 2
14 1 2
14 1 2
14 1 2
14 1 2
14 1 2
14 1 2
14 1 2
14 1 2
14 1 2
14 1 2
14 1 2
14 1 2
14 1 2
14 1 2
14 1 2
14 1 2
14 1 2
14 1 2
14 1 2
14 1 2
14 1 2
14 1 2
14 1 2
14 1 2
14 1 2
14 1 2
14 1 2
14 1 2
14 1 1
14 1 1
14 1 1
14 1 1
14 1 1
14 1 1
14 1 1
14 1 1
14 1 1
14 1 1
14 1 1
14 1 1
14 1 1
14 1 1
14 1 1
14 1 1
14 1 1
14 1 1
14 1 1
14 1 1
14 1 1
14 1 1
14 1 1
14 1 1
14 1 1
14 1 1
14 1 1
14 1 1
14 1 1
14 1 1
14 1 1
14 1 1
14 1 1
14 1 1
14 1 1
14 1 1
14 1 1
14 1 1
14 1 1
14 1 1
14 1 1
14 1 1
14 1 1
14 1 1
14 1 1
14 1 1
14 1 1
14 1 1
14 1 1
14 1 1
14 1 1
14 1 1
14 1 1
14 1 1
14 1 1
14 1 1
14 1 1
14 1 1
14 1 1
14 1 1
14 1 1
14 1 1
14 1 1
14 1 1
14 1 1
14 1 1
14 1 1
14 1 1
14 1 1
14 1 1
14 1 1
14 1 1
14 1 1
14 1 1
14 1 1
14 1 1
14 1 1
14 1 1
14 1 1
14 1 1
14 1 1
14 1 1
14 1 1
14 1 1
14 1 1
14 1 1
14 1 1
14 1 1
14 1 1
14 1 1
14 1 1
14 1 1
14 1 1
14 1 1
14 1 1
14 1 1
14 1 1
14 1 1
14 1 1
14 1 1
14 1 1
14 1 1
14 1 1
14 1 1
14 1 1
14 1 1
14 1 1
14 1 1
14 1 1
14 1 1
14 1 1
14 1 1
14 1 1
14 1 1
14 1 1
14 1 1
14 1 1
14 1 1
14 1 1
14 1 1
14 1 1
14 1 1
14 1 1
14 1 1
14 1 1
14 1 1
14 1 1
14 1 1
14 1 1
14 1 1
14 1 1
14 1 1
14 1 1
14 1 1
14 1 1
14 1 1
14 1 1
14 1 1
14 1 1
14 1 1
14 1 1
14 1 1
14 1 1
14 1 1
14 1 1
14 1 1
14 1 1
14 1 1
14 1 1
14 1 1
14 1 1
14 1 1
14 1 1
14 1 1
14 1 1
14 1 1
14 1 1
14 1 1
14 1 1
14 1 1
14 1 1
14 1 1
14 1 1
14 1 1
14 1 1
14 1 1
14 1 1
14 1 1
14 1 1
14 1 1
14 1 1
14 1 1
14 1 1
14 1 1
14 1 1
14 1 1
14 1 1
14 1 1
14 1 1
14 1 1
14 1 1
14 1 1
14 1 1
14 1 1
14 1 1
14 1 1
14 1 1
14 1 1
14 1 1
14 1 1
14 1 1
14 1 1
14 1 1
14 1 1
14 1 1
14 1 1
14 1 1
14 1 1
14 1 1
14 1 1
14 1 1
14 1 1
14 1 1
14 1 1
14 1 1
14 1 1
14 1 1
14 1 1
14 1 1
14 1 1
14 1 1
14 1 1
14 1 1
14 1 1
14 1 1
14 1 1
14 1 1
14 1 1
14 1 1
14 1 1
14 1 1
14 1 1
14 1 1
14 1 1
14 1 1
14 1 1
14 1 1
14 1 1
14 1 1
14 1 1
14 1 1
14 1 1
14 1 1
14 1 1
14 1 1
14 1 1
14 1 1
14 1 1
14 1 1
14 1 1
14 1 1
14 1 1
14 1 1
14 1 1
14 1 1
14 1 1
14 1 1
14 1 1
14 1 1
14 1 1
14 1 1
14 1 1
14 1 1
14 1 1
14 1 1
14 1 1
14 1 1
14 1 1
14 1 1
14 1 1
14 1 1
14 1 1
14 1 1
14 1 1
14 1 1
14 1 1
14 1 1
14 1 1
14 1 1
14 1 1
14 1 1
14 1 1
14 1 1
14 1 1
14 1 1
14 1 1
14 1 1
14 1 1
14 1 1
14 1 1
14 1 1
14 1 1
14 1 1
14 1 1
14 1 1
14 1 1
14 1 1
14 1 1
14 1 1
14 1 1
14 1 1
14 1 1
14 1 1
14 1 1
14 1 1
14 1 1
14 1 1
14 1 1
14 1 1
14 1 1
14 1 1
14 1 1
14 1 1
14 1 1
14 1 1
14 1 1
14 1 1
14 1 1
14 1 1
14 1 1
14 1 1
14 1 1
14 1 1
14 1 1
14 1 1
14 1 1
14 1 1
14 1 1
14 1 1
14 1 1
14 1 1
14 1 1
14 1 1
14 1 1
14 1 1
14 1 1
14 1 1
14 1 1
14 1 1
14 1 1
14 1 1
14 1 1
14 1 1
14 1 1
14 1 1
14 1 1
14 1 1
14 1 1
14 1 1
14 1 1
14 1 1
14 1 1
14 1 1
14 1 1
14 1 1
14 1 1
14 1 1
14 1 1
14 1 1
14 1 1
14 1 1
14 1 1
14 1 1
14 1 1
14 1 1
14 1 1
14 1 1
14 1 1
14 1 1
14 1 1
14 1 1
14 1 1
14 1 1
14 1 1
14 1 1
14 1 1
14 1 1
14 1 1
14 1 1
14 1 1
14 1 1
14 1 1
14 1 1
14 1 1
14 1 1
14 1 1
14 1 1
14 1 1
14 1 1
14 1 1
14 1 1
14 1 1
14 1 1
14 1 1
14 1 1
14 1 1
14 1 1
14 1 1
14 1 1
14 1 1
14 1 1
14 1 1
14 1 1
14 1 1
14 1 1
14 1 1
14 1 1
14 1 1
14 1 1
14 1 1
14 1 1
14 1 1
14 1 1
14 1 1
14 1 1
14 1 1
14 1 1
14 1 1
14 1 1
14 1 1
14 1 1
14 1 1
14 1 1
14 1 1
14 1 1
14 1 1
14 1 1
14 1 1
14 1 1
14 1 1
14 1 1
14 1 1
14 1 1
14 1 1
14 1 1
14 1 1
14 1 1
14 1 1
14 1 1
14 1 1
14 1 1
14 1 1
14 1 1
14 1 1
14 1 1
14 1 1
14 1 1
14 1 1
14 1 1
14 1 1
14 1 1
14 1 1
14 1 1
14 1 1
14 1 1
14 1 1
14 1 1
14 1 1
14 1 1
14 1 1
14 1 1
14 1 1
14 1 1
14 1 1
14 1 1
14 1 1
14 1 1
14 1 1
14 1 1
14 1 1
14 1 1
14 1 1
14 1 1
14 1 1
14 1 1
14 1 1
14 1 1
14 1 1
14 1 1
14 1 1
14 1 1
14 1 1
14 1 1
14 1 1
14 1 1
14 1 1
14 1 1
14 1 1
14 1 1
14 1 1
14 1 1
14 1 1
14 1 1
14 1 1
14 1 1
14 1 1
14 1 1
14 1 1
14 1 1
14 1 1
14 1 1
14 1 1
14 1 1
14 1 1
14 1 1
14 1 1
14 1 1
14 1 1
14 1 1
14 1 1
14 1 1
14 1 1
14 1 1
14 1 1
14 1 1
14 1 1
14 1 1
14 1 1
14 1 1
14 1 1
14 1 1
14 1 1
14 1 1
14 1 1
14 1 1
14 1 1
14 1 1
14 1 1
14 1 1
14 1 1
14 1 1
14 1 1
14 1 1
14 1 1
14 1 1
14 1 1
14 1 1
14 1 1
14 1 1
14 1 1
14 1 1
14 1 1
14 1 1
14 1 1
14 1 1
14 1 1
14 1 1
14 1 1
14 1 1
14 1 1
14 1 1
14 1 1
14 1 1
14 1 1
14 1 1
14 1 1
14 1 1
14 1 1
14 1 1
14 1 1
14 1 1
14 1 1
14 1 1
14 1 1
14 1 1
14 1 1
14 1 1
14 1 1
14 1 1
14 1 1
14 1 1
14 1 1
14 1 1
14 1 1
14 1 1
14 1 1
14 1 1
14 1 1
14 1 1
14 1 1
14 1 1
14 1 1
14 1 1
14 1 1
14 1 1
14 1 1
14 1 1
14 1 1
14 1 1
14 1 1
14 1 1
14 1 1
14 1 1
14 1 1
14 1 1
14 1 1
14 1 1
14 1 1
14 1 1
14 1 1
14 1 1
14 1 1
14 1 1
14 1 1
14 1 1
14 1 1
14 1 1
14 1 1
14 1 1
14 1 1
14 1 1
14 1 1
14 1 1
14 1 1
14 1 1
14 1 1
14 1 1
14 1 1
14 1 1
14 1 1
14 1 1
14 1 1
14 1 1
14 1 1
14 1 1
14 1 1
14 1 1
14 1 1
14 1 1
14 1 1
14 1 1
14 1 1
14 1 1
14 1 1
14 1 1
14 1 1
14 1 1
14 1 1
14 1 1
14 1 1
14 1 1
14 1 1
14 1 1
14 1 1
14 1 1
14 1 1
14 1 1
14 1 1
14 1 1
14 1 1
14 1 1
14 1 1
14 1 1
14 1 1
14 1 1
14 1 1
14 1 1
14 1 1
14 1 1
14 1 1
14 1 1
14 1 1
14 1 1
14 1 1
14 1 1
14 1 1
14 1 1
14 1 1
14 1 1
14 1 1
14 1 1
14 1 1
14 1 1
14 1 1
14 1 1
14 1 1
14 1 1
14 1 1
14 1 1
14 1 1
14 1 1
14 1 1
14 1 1
14 1 1
14 1 1
14 1 1
14 1 1
14 1 1
14 1 1
14 1 1
14 1 1
14 1 1
14 1 1
14 1 1
14 1 1
14 1 1
14 1 1
14 1 1
14 1 1
14 1 1
14 1 1
14 1 1
14 1 1
14 1 1
14 1 1
14 1 1
14 1 1
14 1 1
14 1 1
14 1 1
14 1 1
14 1 1
14 1 1
14 1 1
14 1 1
14 1 1
14 1 1
14 1 1
14 1 1
14 1 1
14 1 1
14 1 1
14 1 1
14 1 1
14 1 1
14 1 1
14 1 1
14 1 1
14 1 1
14 1 1
14 1 1
14 1 1
14 1 1
14 1 1
14 1 1
14 1 1
14 1 1
14 1 1
14 1 1
14 1 1
14 1 1
14 1 1
14 1 1
14 1 1
14 1 1
14 1 1
14 1 1
14 1 1
14 1 1
14 1 1
14 1 1
14 1 1
14 1 1
14 1 1
14 1 1
14 1 1
14 1 1
14 1 1
14 1 1
14 1 1
14 1 1
14 1 1
14 1 1
14 1 1
14 1 1
14 1 1
14 1 1
14 1 1
14 1 1
14 1 1
14 1 1
14 1 1
14 1 1
14 1 1
14 1 1
14 1 1
14 1 1
14 1 1
14 1 1
14 1 1
14 1 1
14 1 1
14 1 1
14 1 1
14 1 1
14 1 1
14 1 1
14 1 1
14 1 1
14 1 1
14 1 1
14 1 1
14 1 1
14 1 1
14 1 1
14 1 1
14 1 1
14 1 1
14 1 1
14 1 1
14 1 1
14 1 1
14 1 1
14 1 1
14 1 1
14 1 1
14 1 1
14 1 1
14 1 1
14 1 1
14 1 1
14 1 1
14 1 1
14 1 1
14 1 1
14 1 1
14 1 1
14 1 1
14 1 1
14 1 1
14 1 1
14 1 1
14 1 1
14 1 1
14 1 1
14 1 1
14 1 1
14 1 1
14 1 1
14 1 1
14 1 1
14 1 1
14 1 1
14 1 1
14 1 1
14 1 1
14 1 1
14 1 1
14 1 1
14 1 1
14 1 1
14 1 1
14 1 1
14 1 1
14 1 1
14 1 1
14 1 1
14 1 1
14 1 1
14 1 1
14 1 1
14 1 1
14 1 1
14 1 1
14 1 1
14 1 1
14 1 1
14 1 1
14 1 1
14 1 1
14 1 1
14 1 1
14 1 1
14 1 1
14 1 1
14 1 1
14 1 1
14 1 1
14 1 1
14 1 1
14 1 1
14 1 1
14 1 1
14 1 1
14 1 1
14 1 1
14 1 1
14 1 1
14 1 1
14 1 1
14 1 1
14 1 1
14 1 1
14 1 1
14 1 1
14 1 1
14 1 1
14 1 1
14 1 1
14 1 1
14 1 1
14 1 1
14 1 1
14 1 1
14 1 1
14 1 1
14 1 1
14 1 1
14 1 1
14 1 1
14 1 1
14 1 1
14 1 1
14 1 1
14 1 1
14 1 1
14 1 1
14 1 1
14 1 1
14 1 1
14 1 1
14 1 1
14 1 1
14 1 1
14 1 1
14 1 1
14 1 1
14 1 1
14 1 1
14 1 1
14 1 1
14 1 1
14 1 1
14 1 1
14 1 1
14 1 1
14 1 1
14 1 1
14 1 1
14 1 1
14 1 1
14 1 1
14 1 1
14 1 1
14 1 1
14 1 1
14 1 1
14 1 1
14 1 1
14 1 1
14 1 1
14 1 1
14 1 1
14 1 1
14 1 1
14 1 1
14 1 1
14 1 1
14 1 1
14 1 1
14 1 1
14 1 1
14 1 1
14 1 1
14 1 1
14 1 1
14 1 1
14 1 1
14 1 1
14 1 1
14 1 1
14 1 1
14 1 1
14 1 1
14 1 1
14 1 1
14 1 1
14 1 1
14 1 1
14 1 1
14 1 1
14 1 1
14 1 1
14 1 1
14 1 1
14 1 1
14 1 1
14 1 1
14 1 1
14 1 1
14 1 1
14 1 1
14 1 1
14 1 1
14 1 1
14 1 1
14 1 1
14 1 1
14 1 1
14 1 1
14 1 1
14 1 1
14 1 1
14 1 1
14 1 1
14 1 1
14 1 1
14 1 1
14 1 1
14 1 1
14 1 1
14 1 1
14 1 1
14 1 1
14 1 1
14 1 1
14 1 1
14 1 1
14 1 1
14 1 1
14 1 1
14 1 1
14 1 1
14 1 1
14 1 1
14 1 1
14 1 1
14 1 1
14 1 1
14 1 1
14 1 1
14 1 1
14 1 1
14 1 1
14 1 1
14 1 1
14 1 1
14 1 1
14 1 1
14 1 1
14 1 1
14 1 1
14 1 1
14 1 1
14 1 1
14 1 1
14 1 1
14 1 1
14 1 1
14 1 1
14 1 1
14 1 1
14 1 1
14 1 1
14 1 1
14 1 1
14 1 1
14 1 1
14 1 1
14 1 1
14 1 1
14 1 1
14 1 1
14 1 1
14 1 1
14 1 1
14 1 1
14 1 1
14 1 1
14 1 1
14 1 1
14 1 1
14 1 1
14 1 1
14 1 1
14 1 1
14 1 1
14 1 1
14 1 1
14 1 1
14 1 1
14 1 1
14 1 1
14 1 1
14 1 1
14 1 1
14 1 1
14 1 1
14 1 1
14 1 1
14 1 1
14 1 1
14 1 1
14 1 1
14 1 1
14 1 1
14 1 1
14 1 1
14 1 1
14 1 1
14 1 1
14 1 1
14 1 1
14 1 1
14 1 1
14 1 1
14 1 1
14 1 1
14 1 1
14 1 1
14 1 1
14 1 1
14 1 1
14 1 1
14 1 1
14 1 1
14 1 1
14 1 1
14 1 1
14 1 1
14 1 1
14 1 1
14 1 1
14 1 1
14 1 1
14 1 1
14 1 1
14 1 1
14 1 1
14 1 1
14 1 1
14 1 1
14 1 1
14 1 1
14 1 1
14 1 1
14 1 1
14 1 1
14 1 1
14 1 1
14 1 1
14 1 1
14 1 1
14 1 1
14 1 1
14 1 1
14 1 1
14 1 1
14 1 1
14 1 1
14 1 1
14 1 1
14 1 1
14 1 1
14 1 1
14 1 1
14 1 1
14 1 1
14 1 1
14 1 1
14 1 1
14 1 1
14 1 1
14 1 1
14 1 1
14 1 1
14 1 1
14 1 1
14 1 1
14 1 1
14 1 1
14 1 1
14 1 1
14 1 1
14 1 1
14 1 1
14 1 1
14 1 1
14 1 1
14 1 1
14 1 1
14 1 1
14 1 1
14 1 1
14 1 1
14 1 1
14 1 1
14 1 1
14 1 1
14 1 1
14 1 1
14 1 1
14 1 1
14 1 1
14 1 1
14 1 1
14 1 1
14 1 1
14 1 1
14 1 1
14 1 1
14 1 1
14 1 1
14 1 1
14 1 1
14 1 1
14 1 1
14 1 1
14 1 1
14 1 1
14 1 1
14 1 1
14 1 1
14 1 1
14 1 1
14 1 1
14 1 1
14 1 1
14 1 1
14 1 1
14 1 1
14 1 1
14 1 1
14 1 1
14 1 1
14 1 1
14 1 1
14 1 1
14 1 1
14 1 1
14 1 1
14 1 1
14 1 1
14 1 1
14 1 1
14 1 1
14 1 1
14 1 1
14 1 1
14 1 1
14 1 1
14 1 1
14 1 1
14 1 1
14 1 1
14 1 1
14 1 1
14 1 1
14 1 1
14 1 1
14 1 1
14 1 1
14 1 1
14 1 1
14 1 1
14 1 1
14 1 1
14 1 1
14 1 1
14 1 1
14 1 1
14 1 1
14 1 1
14 1 1
14 1 1
14 1 1
14 1 1
14 1 1
14 1 1
14 1 1
14 1 1
14 1 1
14 1 1
14 1 1
14 1 1
14 1 1
14 1 1
14 1 1
14 1 1
14 1 1
14 1 1
14 1 1
14 1 1
14 1 1
14 1 1
14 1 1
14 1 1
14 1 1
14 1 1
14 1 1
14 1 1
14 1 1
14 1 1
14 1 1
14 1 1
14 1 1
14 1 1
14 1 1
14 1 1
14 1 1
14 1 1
14 1 1
14 1 1
14 1 1
14 1 1
14 1 1
14 1 1
14 1 1
14 1 1
14 1 1
14 1 1
14 1 1
14 1 1
14 1 1
14 1 1
14 1 1
14 1 1
14 1 1
14 1 1
14 1 1
14 1 1
14 1 1
14 1 1
14 1 1
14 1 1
14 1 1
14 1 1
14 1 1
14 1 1
14 1 1
14 1 1
14 1 1
14 1 1
14 1 1
14 1 1
14 1 1
14 1 1
14 1 1
14 1 1
14 1 1
14 1 1
14 1 1
14 1 1
14 1 1
14 1 1
14 1 1
14 1 1
14 1 1
14 1 1
14 1 1
14 1 1
14 1 1
14 1 1
14 1 1
14 1 1
14 1 1
14 1 1
14 1 1
14 1 1
14 1 1
14 1 1
14 1 1
14 1 1
14 1 1
14 1 1
14 1 1
14 1 1
14 1 1
14 1 1
14 1 1
14 1 1
14 1 1
14 1 1
14 1 1
14 1 1
14 1 1
14 1 1
14 1 1
14 1 1
14 1 1
14 1 1
14 1 1
14 1 1
14 1 1
14 1 1
14 1 1
14 1 1
14 1 1
14 1 1
14 1 1
14 1 1
14 1 1
14 1 1
14 1 1
14 1 1
14 1 1
14 1 1
14 1 1
14 1 1
14 1 1
14 1 1
14 1 1
14 1 1
14 1 1
14 1 1
14 1 1
14 1 1
14 1 1
14 1 1
14 1 1
14 1 1
14 1 1
14 1 1
14 1 1
14 1 1
14 1 1
14 1 1
14 1 1
14 1 1
14 1 1
14 1 1
14 1 1
14 1 1
14 1 1
15 1391 3960
15 1002 1135
15 850 634
15 834 433
15 553 325
15 322 259
15 282 214
15 272 182
15 221 158
15 174 139
15 159 124
15 143 112
15 126 102
15 100 93
15 99 86
15 89 80
15 85 74
15 80 69
15 78 65
15 77 61
15 76 58
15 71 55
15 68 52
15 68 50
15 64 47
15 62 45
15 59 43
15 54 41
15 47 40
15 47 38
15 45 37
15 45 36
15 43 34
15 42 33
15 41 32
15 40 31
15 40 30
15 38 29
15 36 28
15 35 27
15 33 27
15 32 26
15 31 25
15 30 25
15 30 24
15 29 23
15 29 23
15 28 22
15 27 22
15 27 21
15 27 21
15 26 20
15 26 20
15 25 19
15 25 19
15 25 19
15 25 18
15 24 18
15 24 18
15 24 17
15 24 17
15 24 17
15 24 16
15 23 16
15 23 16
15 22 15
15 22 15
15 22 15
15 22 15
15 21 14
15 21 14
15 20 14
15 18 14
15 18 14
15 18 13
15 18 13
15 17 13
15 17 13
15 16 13
15 15 12
15 15 12
15 15 12
15 15 12
15 15 12
15 15 12
15 15 11
15 14 11
15 14 11
15 14 11
15 14 11
15 14 11
15 13 11
15 13 10
15 13 10
15 13 10
15 13 10
15 13 10
15 13 10
15 12 10
15 12 10
15 11 9
15 11 9
15 11 9
15 11 9
15 11 9
15 11 9
15 10 9
15 10 9
15 10 9
15 10 9
15 10 9
15 10 8
15 10 8
15 10 8
15 10 8
15 9 8
15 9 8
15 9 8
15 9 8
15 9 8
15 9 8
15 9 8
15 9 8
15 9 7
15 9 7
15 8 7
15 8 7
15 8 7
15 8 7
15 8 7
15 8 7
15 8 7
15 8 7
15 8 7
15 8 7
15 8 7
15 7 7
15 7 7
15 7 7
15 7 7
15 7 6
15 7 6
15 7 6
15 7 6
15 7 6
15 7 6
15 7 6
15 7 6
15 7 6
15 7 6
15 7 6
15 7 6
15 7 6
15 7 6
15 6 6
15 6 6
15 6 6
15 6 6
15 6 6
15 6 6
15 6 6
15 6 6
15 6 5
15 6 5
15 6 5
15 6 5
15 6 5
15 6 5
15 6 5
15 6 5
15 5 5
15 5 5
15 5 5
15 5 5
15 5 5
15 5 5
15 5 5
15 5 5
15 5 5
15 5 5
15 5 5
15 5 5
15 5 5
15 5 5
15 5 5
15 5 5
15 5 5
15 5 5
15 5 5
15 5 5
15 5 5
15 5 5
15 5 5
15 5 4
15 5 4
15 5 4
15 5 4
15 4 4
15 4 4
15 4 4
15 4 4
15 4 4
15 4 4
15 4 4
15 4 4
15 4 4
15 4 4
15 4 4
15 4 4
15 4 4
15 4 4
15 4 4
15 4 4
15 4 4
15 4 4
15 4 4
15 4 4
15 4 4
15 4 4
15 4 4
15 4 4
15 4 4
15 4 4
15 4 4
15 4 4
15 4 4
15 4 4
15 4 4
15 4 4
15 4 4
15 4 4
15 4 4
15 4 4
15 4 4
15 4 4
15 4 4
15 4 4
15 4 4
15 4 4
15 4 4
15 3 3
15 3 3
15 3 3
15 3 3
15 3 3
15 3 3
15 3 3
15 3 3
15 3 3
15 3 3
15 3 3
15 3 3
15 3 3
15 3 3
15 3 3
15 3 3
15 3 3
15 3 3
15 3 3
15 3 3
15 3 3
15 3 3
15 3 3
15 3 3
15 3 3
15 3 3
15 3 3
15 3 3
15 3 3
15 3 3
15 3 3
15 3 3
15 3 3
15 3 3
15 3 3
15 3 3
15 3 3
15 3 3
15 3 3
15 3 3
15 3 3
15 3 3
15 3 3
15 3 3
15 3 3
15 3 3
15 3 3
15 3 3
15 3 3
15 3 3
15 3 3
15 3 3
15 3 3
15 3 3
15 3 3
15 3 3
15 3 3
15 3 3
15 3 3
15 3 3
15 2 3
15 2 3
15 2 3
15 2 3
15 2 3
15 2 3
15 2 3
15 2 3
15 2 3
15 2 3
15 2 3
15 2 3
15 2 3
15 2 3
15 2 3
15 2 3
15 2 3
15 2 3
15 2 3
15 2 3
15 2 3
15 2 2
15 2 2
15 2 2
15 2 2
15 2 2
15 2 2
15 2 2
15 2 2
15 2 2
15 2 2
15 2 2
15 2 2
15 2 2
15 2 2
15 2 2
15 2 2
15 2 2
15 2 2
15 2 2
15 2 2
15 2 2
15 2 2
15 2 2
15 2 2
15 2 2
15 2 2
15 2 2
15 2 2
15 2 2
15 2 2
15 2 2
15 2 2
15 2 2
15 2 2
15 2 2
15 2 2
15 2 2
15 2 2
15 2 2
15 2 2
15 2 2
15 2 2
15 2 2
15 2 2
15 2 2
15 2 2
15 2 2
15 2 2
15 2 2
15 2 2
15 2 2
15 2 2
15 2 2
15 2 2
15 2 2
15 2 2
15 2 2
15 2 2
15 2 2
15 2 2
15 2 2
15 2 2
15 2 2
15 2 2
15 2 2
15 2 2
15 2 2
15 2 2
15 2 2
15 2 2
15 2 2
15 2 2
15 2 2
15 2 2
15 2 2
15 2 2
15 2 2
15 2 2
15 2 2
15 2 2
15 2 2
15 2 2
15 2 2
15 2 2
15 2 2
15 2 2
15 2 2
15 2 2
15 2 2
15 2 2
15 2 2
15 2 2
15 2 2
15 2 2
15 2 2
15 2 2
15 2 2
15 2 2
15 2 2
15 2 2
15 2 2
15 2 2
15 2 2
15 2 2
15 2 2
15 2 2
15 2 2
15 2 2
15 2 2
15 2 2
15 2 2
15 2 2
15 2 2
15 2 2
15 2 2
15 2 2
15 2 2
15 2 2
15 2 2
15 2 2
15 2 2
15 2 2
15 2 2
15 2 2
15 2 2
15 2 2
15 2 2
15 2 2
15 2 2
15 2 2
15 2 2
15 2 2
15 2 2
15 2 2
15 2 2
15 2 2
15 1 2
15 1 2
15 1 2
15 1 2
15 1 2
15 1 2
15 1 2
15 1 2
15 1 2
15 1 2
15 1 2
15 1 2
15 1 2
15 1 2
15 1 2
15 1 2
15 1 2
15 1 2
15 1 2
15 1 2
15 1 2
15 1 2
15 1 2
15 1 2
15 1 2
15 1 2
15 1 2
15 1 2
15 1 2
15 1 2
15 1 2
15 1 2
15 1 2
15 1 2
15 1 2
15 1 2
15 1 2
15 1 2
15 1 1
15 1 1
15 1 1
15 1 1
15 1 1
15 1 1
15 1 1
15 1 1
15 1 1
15 1 1
15 1 1
15 1 1
15 1 1
15 1 1
15 1 1
15 1 1
15 1 1
15 1 1
15 1 1
15 1 1
15 1 1
15 1 1
15 1 1
15 1 1
15 1 1
15 1 1
15 1 1
15 1 1
15 1 1
15 1 1
15 1 1
15 1 1
15 1 1
15 1 1
15 1 1
15 1 1
15 1 1
15 1 1
15 1 1
15 1 1
15 1 1
15 1 1
15 1 1
15 1 1
15 1 1
15 1 1
15 1 1
15 1 1
15 1 1
15 1 1
15 1 1
15 1 1
15 1 1
15 1 1
15 1 1
15 1 1
15 1 1
15 1 1
15 1 1
15 1 1
15 1 1
15 1 1
15 1 1
15 1 1
15 1 1
15 1 1
15 1 1
15 1 1
15 1 1
15 1 1
15 1 1
15 1 1
15 1 1
15 1 1
15 1 1
15 1 1
15 1 1
15 1 1
15 1 1
15 1 1
15 1 1
15 1 1
15 1 1
15 1 1
15 1 1
15 1 1
15 1 1
15 1 1
15 1 1
15 1 1
15 1 1
15 1 1
15 1 1
15 1 1
15 1 1
15 1 1
15 1 1
15 1 1
15 1 1
15 1 1
15 1 1
15 1 1
15 1 1
15 1 1
15 1 1
15 1 1
15 1 1
15 1 1
15 1 1
15 1 1
15 1 1
15 1 1
15 1 1
15 1 1
15 1 1
15 1 1
15 1 1
15 1 1
15 1 1
15 1 1
15 1 1
15 1 1
15 1 1
15 1 1
15 1 1
15 1 1
15 1 1
15 1 1
15 1 1
15 1 1
15 1 1
15 1 1
15 1 1
15 1 1
15 1 1
15 1 1
15 1 1
15 1 1
15 1 1
15 1 1
15 1 1
15 1 1
15 1 1
15 1 1
15 1 1
15 1 1
15 1 1
15 1 1
15 1 1
15 1 1
15 1 1
15 1 1
15 1 1
15 1 1
15 1 1
15 1 1
15 1 1
15 1 1
15 1 1
15 1 1
15 1 1
15 1 1
15 1 1
15 1 1
15 1 1
15 1 1
15 1 1
15 1 1
15 1 1
15 1 1
15 1 1
15 1 1
15 1 1
15 1 1
15 1 1
15 1 1
15 1 1
15 1 1
15 1 1
15 1 1
15 1 1
15 1 1
15 1 1
15 1 1
15 1 1
15 1 1
15 1 1
15 1 1
15 1 1
15 1 1
15 1 1
15 1 1
15 1 1
15 1 1
15 1 1
15 1 1
15 1 1
15 1 1
15 1 1
15 1 1
15 1 1
15 1 1
15 1 1
15 1 1
15 1 1
15 1 1
15 1 1
15 1 1
15 1 1
15 1 1
15 1 1
15 1 1
15 1 1
15 1 1
15 1 1
15 1 1
15 1 1
15 1 1
15 1 1
15 1 1
15 1 1
15 1 1
15 1 1
15 1 1
15 1 1
15 1 1
15 1 1
15 1 1
15 1 1
15 1 1
15 1 1
15 1 1
15 1 1
15 1 1
15 1 1
15 1 1
15 1 1
15 1 1
15 1 1
15 1 1
15 1 1
15 1 1
15 1 1
15 1 1
15 1 1
15 1 1
15 1 1
15 1 1
15 1 1
15 1 1
15 1 1
15 1 1
15 1 1
15 1 1
15 1 1
15 1 1
15 1 1
15 1 1
15 1 1
15 1 1
15 1 1
15 1 1
15 1 1
15 1 1
15 1 1
15 1 1
15 1 1
15 1 1
15 1 1
15 1 1
15 1 1
15 1 1
15 1 1
15 1 1
15 1 1
15 1 1
15 1 1
15 1 1
15 1 1
15 1 1
15 1 1
15 1 1
15 1 1
15 1 1
15 1 1
15 1 1
15 1 1
15 1 1
15 1 1
15 1 1
15 1 1
15 1 1
15 1 1
15 1 1
15 1 1
15 1 1
15 1 1
15 1 1
15 1 1
15 1 1
15 1 1
15 1 1
15 1 1
15 1 1
15 1 1
15 1 1
15 1 1
15 1 1
15 1 1
15 1 1
15 1 1
15 1 1
15 1 1
15 1 1
15 1 1
15 1 1
15 1 1
15 1 1
15 1 1
15 1 1
15 1 1
15 1 1
15 1 1
15 1 1
15 1 1
15 1 1
15 1 1
15 1 1
15 1 1
15 1 1
15 1 1
15 1 1
15 1 1
15 1 1
15 1 1
15 1 1
15 1 1
15 1 1
15 1 1
15 1 1
15 1 1
15 1 1
15 1 1
15 1 1
15 1 1
15 1 1
15 1 1
15 1 1
15 1 1
15 1 1
15 1 1
15 1 1
15 1 1
15 1 1
15 1 1
15 1 1
15 1 1
15 1 1
15 1 1
15 1 1
15 1 1
15 1 1
15 1 1
15 1 1
15 1 1
15 1 1
15 1 1
15 1 1
15 1 1
15 1 1
15 1 1
15 1 1
15 1 1
15 1 1
15 1 1
15 1 1
15 1 1
15 1 1
15 1 1
15 1 1
15 1 1
15 1 1
15 1 1
15 1 1
15 1 1
15 1 1
15 1 1
15 1 1
15 1 1
15 1 1
15 1 1
15 1 1
15 1 1
15 1 1
15 1 1
15 1 1
15 1 1
15 1 1
15 1 1
15 1 1
15 1 1
15 1 1
15 1 1
15 1 1
15 1 1
15 1 1
15 1 1
15 1 1
15 1 1
15 1 1
15 1 1
15 1 1
15 1 1
15 1 1
15 1 1
15 1 1
15 1 1
15 1 1
15 1 1
15 1 1
15 1 1
15 1 1
15 1 1
15 1 1
15 1 1
15 1 1
15 1 1
15 1 1
15 1 1
15 1 1
15 1 1
15 1 1
15 1 1
15 1 1
15 1 1
15 1 1
15 1 1
15 1 1
15 1 1
15 1 1
15 1 1
15 1 1
15 1 1
15 1 1
15 1 1
15 1 1
15 1 1
15 1 1
15 1 1
15 1 1
15 1 1
15 1 1
15 1 1
15 1 1
15 1 1
15 1 1
15 1 1
15 1 1
15 1 1
15 1 1
15 1 1
15 1 1
15 1 1
15 1 1
15 1 1
15 1 1
15 1 1
15 1 1
15 1 1
15 1 1
15 1 1
15 1 1
15 1 1
15 1 1
15 1 1
15 1 1
15 1 1
15 1 1
15 1 1
15 1 1
15 1 1
15 1 1
15 1 1
15 1 1
15 1 1
15 1 1
15 1 1
15 1 1
15 1 1
15 1 1
15 1 1
15 1 1
15 1 1
15 1 1
15 1 1
15 1 1
15 1 1
15 1 1
15 1 1
15 1 1
15 1 1
15 1 1
15 1 1
15 1 1
15 1 1
15 1 1
15 1 1
15 1 1
15 1 1
15 1 1
15 1 1
15 1 1
15 1 1
15 1 1
15 1 1
15 1 1
15 1 1
15 1 1
15 1 1
15 1 1
15 1 1
15 1 1
15 1 1
15 1 1
15 1 1
15 1 1
15 1 1
15 1 1
15 1 1
15 1 1
15 1 1
15 1 1
15 1 1
15 1 1
15 1 1
15 1 1
15 1 1
15 1 1
15 1 1
15 1 1
15 1 1
15 1 1
15 1 1
15 1 1
15 1 1
15 1 1
15 1 1
15 1 1
15 1 1
15 1 1
15 1 1
15 1 1
15 1 1
15 1 1
15 1 1
15 1 1
15 1 1
15 1 1
15 1 1
15 1 1
15 1 1
15 1 1
15 1 1
15 1 1
15 1 1
15 1 1
15 1 1
15 1 1
15 1 1
15 1 1
15 1 1
15 1 1
15 1 1
15 1 1
15 1 1
15 1 1
15 1 1
15 1 1
15 1 1
15 1 1
15 1 1
15 1 1
15 1 1
15 1 1
15 1 1
15 1 1
15 1 1
15 1 1
15 1 1
15 1 1
15 1 1
15 1 1
15 1 1
15 1 1
15 1 1
15 1 1
15 1 1
15 1 1
15 1 1
15 1 1
15 1 1
15 1 1
15 1 1
15 1 1
15 1 1
15 1 1
15 1 1
15 1 1
15 1 1
15 1 1
15 1 1
15 1 1
15 1 1
15 1 1
15 1 1
15 1 1
15 1 1
15 1 1
15 1 1
15 1 1
15 1 1
15 1 1
15 1 1
15 1 1
15 1 1
15 1 1
15 1 1
15 1 1
15 1 1
15 1 1
15 1 1
15 1 1
15 1 1
15 1 1
15 1 1
15 1 1
15 1 1
15 1 1
16 11492 9027
16 10694 2530
16 2071 1401
16 1963 949
16 1816 709
16 1335 562
16 1212 463
16 1080 393
16 1026 340
16 845 299
16 741 266
16 555 239
16 545 217
16 403 199
16 307 183
16 252 169
16 252 158
16 226 147
16 219 138
16 216 130
16 215 123
16 210 116
16 193 110
16 188 105
16 179 100
16 174 95
16 169 91
16 164 87
16 162 84
16 158 80
16 139 77
16 137 75
16 137 72
16 135 69
16 133 67
16 132 65
16 122 63
16 120 61
16 118 59
16 105 57
16 104 56
16 102 54
16 102 53
16 101 51
16 97 50
16 95 49
16 89 47
16 88 46
16 84 45
16 78 44
16 78 43
16 77 42
16 72 41
16 68 40
16 67 40
16 60 39
16 56 38
16 56 37
16 55 36
16 54 36
16 53 35
16 52 34
16 50 34
16 49 33
16 47 33
16 45 32
16 45 31
16 43 31
16 42 30
16 42 30
16 41 29
16 40 29
16 39 28
16 39 28
16 38 28
16 38 27
16 38 27
16 38 26
16 37 26
16 37 26
16 36 25
16 36 25
16 36 24
16 35 24
16 34 24
16 34 23
16 34 23
16 33 23
16 33 23
16 32 22
16 32 22
16 31 22
16 31 21
16 30 21
16 29 21
16 29 21
16 29 20
16 28 20
16 28 20
16 28 20
16 28 19
16 27 19
16 27 19
16 27 19
16 27 19
16 26 18
16 26 18
16 26 18
16 25 18
16 25 18
16 25 17
16 25 17
16 25 17
16 25 17
16 24 17
16 24 17
16 24 16
16 24 16
16 23 16
16 23 16
16 22 16
16 22 16
16 22 15
16 22 15
16 22 15
16 21 15
16 20 15
16 20 15
16 20 15
16 19 15
16 19 14
16 19 14
16 19 14
16 19 14
16 18 14
16 18 14
16 18 14
16 18 14
16 18 13
16 18 13
16 18 13
16 17 13
16 17 13
16 17 13
16 17 13
16 17 13
16 16 13
16 16 12
16 16 12
16 16 12
16 16 12
16 16 12
16 16 12
16 15 12
16 15 12
16 15 12
16 15 12
16 15 12
16 15 11
16 15 11
16 15 11
16 15 11
16 15 11
16 14 11
16 14 11
16 14 11
16 14 11
16 14 11
16 14 11
16 13 11
16 13 11
16 13 10
16 13 10
16 13 10
16 13 10
16 13 10
16 13 10
16 13 10
16 13 10
16 12 10
16 12 10
16 12 10
16 12 10
16 12 10
16 12 10
16 12 10
16 12 10
16 12 9
16 12 9
16 12 9
16 12 9
16 12 9
16 12 9
16 12 9
16 11 9
16 11 9
16 11 9
16 11 9
16 11 9
16 11 9
16 11 9
16 11 9
16 11 9
16 11 9
16 10 9
16 10 8
16 10 8
16 10 8
16 10 8
16 10 8
16 10 8
16 10 8
16 10 8
16 10 8
16 10 8
16 9 8
16 9 8
16 9 8
16 9 8
16 9 8
16 9 8
16 9 8
16 9 8
16 9 8
16 9 8
16 9 8
16 9 8
16 9 8
16 9 8
16 9 7
16 8 7
16 8 7
16 8 7
16 8 7
16 8 7
16 8 7
16 8 7
16 8 7
16 8 7
16 8 7
16 8 7
16 8 7
16 8 7
16 8 7
16 7 7
16 7 7
16 7 7
16 7 7
16 7 7
16 7 7
16 7 7
16 7 7
16 7 7
16 7 7
16 7 7
16 7 7
16 7 7
16 7 7
16 7 7
16 7 6
16 7 6
16 7 6
16 7 6
16 7 6
16 7 6
16 7 6
16 7 6
16 7 6
16 7 6
16 7 6
16 6 6
16 6 6
16 6 6
16 6 6
16 6 6
16 6 6
16 6 6
16 6 6
16 6 6
16 6 6
16 6 6
16 6 6
16 6 6
16 6 6
16 6 6
16 6 6
16 6 6
16 6 6
16 6 6
16 6 6
16 6 6
16 6 6
16 6 6
16 6 6
16 6 6
16 6 6
16 6 6
16 6 6
16 6 6
16 6 5
16 6 5
16 6 5
16 6 5
16 6 5
16 6 5
16 6 5
16 6 5
16 6 5
16 6 5
16 6 5
16 6 5
16 5 5
16 5 5
16 5 5
16 5 5
16 5 5
16 5 5
16 5 5
16 5 5
16 5 5
16 5 5
16 5 5
16 5 5
16 5 5
16 5 5
16 5 5
16 5 5
16 5 5
16 5 5
16 5 5
16 5 5
16 5 5
16 5 5
16 5 5
16 5 5
16 5 5
16 5 5
16 5 5
16 5 5
16 5 5
16 5 5
16 5 5
16 5 5
16 5 5
16 5 5
16 5 5
16 5 5
16 5 5
16 5 5
16 5 5
16 5 5
16 5 5
16 5 5
16 5 5
16 5 5
16 5 4
16 5 4
16 4 4
16 4 4
16 4 4
16 4 4
16 4 4
16 4 4
16 4 4
16 4 4
16 4 4
16 4 4
16 4 4
16 4 4
16 4 4
16 4 4
16 4 4
16 4 4
16 4 4
16 4 4
16 4 4
16 4 4
16 4 4
16 4 4
16 4 4
16 4 4
16 4 4
16 4 4
16 4 4
16 4 4
16 4 4
16 4 4
16 4 4
16 4 4
16 4 4
16 4 4
16 4 4
16 4 4
16 4 4
16 4 4
16 4 4
16 4 4
16 4 4
16 4 4
16 4 4
16 4 4
16 4 4
16 4 4
16 4 4
16 4 4
16 4 4
16 4 4
16 4 4
16 4 4
16 4 4
16 4 4
16 4 4
16 4 4
16 4 4
16 4 4
16 4 4
16 4 4
16 4 4
16 4 4
16 4 4
16 4 4
16 4 4
16 4 4
16 4 4
16 4 4
16 3 4
16 3 4
16 3 4
16 3 4
16 3 4
16 3 4
16 3 4
16 3 4
16 3 4
16 3 4
16 3 4
16 3 4
16 3 4
16 3 4
16 3 4
16 3 3
16 3 3
16 3 3
16 3 3
16 3 3
16 3 3
16 3 3
16 3 3
16 3 3
16 3 3
16 3 3
16 3 3
16 3 3
16 3 3
16 3 3
16 3 3
16 3 3
16 3 3
16 3 3
16 3 3
16 3 3
16 3 3
16 3 3
16 3 3
16 3 3
16 3 3
16 3 3
16 3 3
16 3 3
16 3 3
16 3 3
16 3 3
16 3 3
16 3 3
16 3 3
16 3 3
16 3 3
16 3 3
16 3 3
16 3 3
16 3 3
16 3 3
16 3 3
16 3 3
16 3 3
16 3 3
16 3 3
16 3 3
16 3 3
16 3 3
16 3 3
16 3 3
16 3 3
16 3 3
16 3 3
16 3 3
16 3 3
16 3 3
16 3 3
16 3 3
16 3 3
16 3 3
16 3 3
16 3 3
16 3 3
16 3 3
16 3 3
16 3 3
16 3 3
16 3 3
16 3 3
16 3 3
16 3 3
16 3 3
16 3 3
16 3 3
16 3 3
16 3 3
16 3 3
16 3 3
16 3 3
16 3 3
16 3 3
16 3 3
16 3 3
16 3 3
16 3 3
16 3 3
16 3 3
16 3 3
16 3 3
16 3 3
16 3 3
16 3 3
16 3 3
16 2 3
16 2 3
16 2 3
16 2 3
16 2 3
16 2 3
16 2 3
16 2 3
16 2 3
16 2 3
16 2 3
16 2 3
16 2 3
16 2 3
16 2 3
16 2 3
16 2 3
16 2 3
16 2 3
16 2 3
16 2 3
16 2 3
16 2 3
16 2 3
16 2 3
16 2 3
16 2 3
16 2 3
16 2 3
16 2 3
16 2 3
16 2 3
16 2 3
16 2 3
16 2 3
16 2 3
16 2 3
16 2 3
16 2 3
16 2 3
16 2 3
16 2 3
16 2 3
16 2 3
16 2 3
16 2 3
16 2 3
16 2 3
16 2 3
16 2 3
16 2 2
16 2 2
16 2 2
16 2 2
16 2 2
16 2 2
16 2 2
16 2 2
16 2 2
16 2 2
16 2 2
16 2 2
16 2 2
16 2 2
16 2 2
16 2 2
16 2 2
16 2 2
16 2 2
16 2 2
16 2 2
16 2 2
16 2 2
16 2 2
16 2 2
16 2 2
16 2 2
16 2 2
16 2 2
16 2 2
16 2 2
16 2 2
16 2 2
16 2 2
16 2 2
16 2 2
16 2 2
16 2 2
16 2 2
16 2 2
16 2 2
16 2 2
16 2 2
16 2 2
16 2 2
16 2 2
16 2 2
16 2 2
16 2 2
16 2 2
16 2 2
16 2 2
16 2 2
16 2 2
16 2 2
16 2 2
16 2 2
16 2 2
16 2 2
16 2 2
16 2 2
16 2 2
16 2 2
16 2 2
16 2 2
16 2 2
16 2 2
16 2 2
16 2 2
16 2 2
16 2 2
16 2 2
16 2 2
16 2 2
16 2 2
16 2 2
16 2 2
16 2 2
16 2 2
16 2 2
16 2 2
16 2 2
16 2 2
16 2 2
16 2 2
16 2 2
16 2 2
16 2 2
16 2 2
16 2 2
16 2 2
16 2 2
16 2 2
16 2 2
16 2 2
16 2 2
16 2 2
16 2 2
16 2 2
16 2 2
16 2 2
16 2 2
16 2 2
16 2 2
16 2 2
16 2 2
16 2 2
16 2 2
16 2 2
16 2 2
16 2 2
16 2 2
16 2 2
16 2 2
16 2 2
16 2 2
16 2 2
16 2 2
16 2 2
16 2 2
16 2 2
16 2 2
16 2 2
16 2 2
16 2 2
16 2 2
16 2 2
16 2 2
16 2 2
16 2 2
16 2 2
16 2 2
16 2 2
16 2 2
16 2 2
16 2 2
16 2 2
16 2 2
16 2 2
16 2 2
16 2 2
16 2 2
16 2 2
16 2 2
16 2 2
16 2 2
16 2 2
16 2 2
16 2 2
16 2 2
16 2 2
16 2 2
16 2 2
16 2 2
16 2 2
16 2 2
16 2 2
16 2 2
16 2 2
16 2 2
16 2 2
16 2 2
16 2 2
16 2 2
16 2 2
16 2 2
16 2 2
16 2 2
16 2 2
16 2 2
16 2 2
16 2 2
16 2 2
16 2 2
16 2 2
16 2 2
16 2 2
16 2 2
16 2 2
16 2 2
16 2 2
16 2 2
16 2 2
16 2 2
16 2 2
16 2 2
16 2 2
16 2 2
16 2 2
16 2 2
16 2 2
16 2 2
16 2 2
16 2 2
16 2 2
16 2 2
16 2 2
16 2 2
16 2 2
16 2 2
16 2 2
16 2 2
16 2 2
16 2 2
16 2 2
16 2 2
16 2 2
16 2 2
16 2 2
16 2 2
16 2 2
16 2 2
16 1 2
16 1 2
16 1 2
16 1 2
16 1 2
16 1 2
16 1 2
16 1 2
16 1 2
16 1 2
16 1 2
16 1 2
16 1 2
16 1 2
16 1 2
16 1 2
16 1 2
16 1 2
16 1 2
16 1 2
16 1 2
16 1 2
16 1 2
16 1 2
16 1 2
16 1 2
16 1 2
16 1 2
16 1 2
16 1 2
16 1 2
16 1 2
16 1 2
16 1 2
16 1 2
16 1 2
16 1 2
16 1 2
16 1 2
16 1 2
16 1 2
16 1 2
16 1 2
16 1 2
16 1 2
16 1 2
16 1 2
16 1 2
16 1 2
16 1 2
16 1 2
16 1 2
16 1 2
16 1 2
16 1 2
16 1 2
16 1 2
16 1 2
16 1 2
16 1 2
16 1 2
16 1 2
16 1 2
16 1 2
16 1 2
16 1 2
16 1 2
16 1 2
16 1 2
16 1 2
16 1 2
16 1 2
16 1 2
16 1 2
16 1 2
16 1 2
16 1 2
16 1 2
16 1 2
16 1 2
16 1 2
16 1 2
16 1 2
16 1 2
16 1 2
16 1 2
16 1 2
16 1 2
16 1 2
16 1 2
16 1 2
16 1 2
16 1 2
16 1 2
16 1 2
16 1 2
16 1 2
16 1 2
16 1 1
16 1 1
16 1 1
16 1 1
16 1 1
16 1 1
16 1 1
16 1 1
16 1 1
16 1 1
16 1 1
16 1 1
16 1 1
16 1 1
16 1 1
16 1 1
16 1 1
16 1 1
16 1 1
16 1 1
16 1 1
16 1 1
16 1 1
16 1 1
16 1 1
16 1 1
16 1 1
16 1 1
16 1 1
16 1 1
16 1 1
16 1 1
16 1 1
16 1 1
16 1 1
16 1 1
16 1 1
16 1 1
16 1 1
16 1 1
16 1 1
16 1 1
16 1 1
16 1 1
16 1 1
16 1 1
16 1 1
16 1 1
16 1 1
16 1 1
16 1 1
16 1 1
16 1 1
16 1 1
16 1 1
16 1 1
16 1 1
16 1 1
16 1 1
16 1 1
16 1 1
16 1 1
16 1 1
16 1 1
16 1 1
16 1 1
16 1 1
16 1 1
16 1 1
16 1 1
16 1 1
16 1 1
16 1 1
16 1 1
16 1 1
16 1 1
16 1 1
16 1 1
16 1 1
16 1 1
16 1 1
16 1 1
16 1 1
16 1 1
16 1 1
16 1 1
16 1 1
16 1 1
16 1 1
16 1 1
16 1 1
16 1 1
16 1 1
16 1 1
16 1 1
16 1 1
16 1 1
16 1 1
16 1 1
16 1 1
16 1 1
16 1 1
16 1 1
16 1 1
16 1 1
16 1 1
16 1 1
16 1 1
16 1 1
16 1 1
16 1 1
16 1 1
16 1 1
16 1 1
16 1 1
16 1 1
16 1 1
16 1 1
16 1 1
16 1 1
16 1 1
16 1 1
16 1 1
16 1 1
16 1 1
16 1 1
16 1 1
16 1 1
16 1 1
16 1 1
16 1 1
16 1 1
16 1 1
16 1 1
16 1 1
16 1 1
16 1 1
16 1 1
16 1 1
16 1 1
16 1 1
16 1 1
16 1 1
16 1 1
16 1 1
16 1 1
16 1 1
16 1 1
16 1 1
16 1 1
16 1 1
16 1 1
16 1 1
16 1 1
16 1 1
16 1 1
16 1 1
16 1 1
16 1 1
16 1 1
16 1 1
16 1 1
16 1 1
16 1 1
16 1 1
16 1 1
16 1 1
16 1 1
16 1 1
16 1 1
16 1 1
16 1 1
16 1 1
16 1 1
16 1 1
16 1 1
16 1 1
16 1 1
16 1 1
16 1 1
16 1 1
16 1 1
16 1 1
16 1 1
16 1 1
16 1 1
16 1 1
16 1 1
16 1 1
16 1 1
16 1 1
16 1 1
16 1 1
16 1 1
16 1 1
16 1 1
16 1 1
16 1 1
16 1 1
16 1 1
16 1 1
16 1 1
16 1 1
16 1 1
16 1 1
16 1 1
16 1 1
16 1 1
16 1 1
16 1 1
16 1 1
16 1 1
16 1 1
16 1 1
16 1 1
16 1 1
16 1 1
16 1 1
16 1 1
16 1 1
16 1 1
16 1 1
16 1 1
16 1 1
16 1 1
16 1 1
16 1 1
16 1 1
16 1 1
16 1 1
16 1 1
16 1 1
16 1 1
16 1 1
16 1 1
16 1 1
16 1 1
16 1 1
16 1 1
16 1 1
16 1 1
16 1 1
16 1 1
16 1 1
16 1 1
16 1 1
16 1 1
16 1 1
16 1 1
16 1 1
16 1 1
16 1 1
16 1 1
16 1 1
16 1 1
16 1 1
16 1 1
16 1 1
16 1 1
16 1 1
16 1 1
16 1 1
16 1 1
16 1 1
16 1 1
16 1 1
16 1 1
16 1 1
16 1 1
16 1 1
16 1 1
16 1 1
16 1 1
16 1 1
16 1 1
16 1 1
16 1 1
16 1 1
16 1 1
16 1 1
16 1 1
16 1 1
16 1 1
16 1 1
16 1 1
16 1 1
16 1 1
16 1 1
16 1 1
16 1 1
16 1 1
16 1 1
16 1 1
16 1 1
16 1 1
16 1 1
16 1 1
16 1 1
16 1 1
16 1 1
16 1 1
16 1 1
16 1 1
16 1 1
16 1 1
16 1 1
16 1 1
16 1 1
16 1 1
16 1 1
16 1 1
16 1 1
16 1 1
16 1 1
16 1 1
16 1 1
16 1 1
16 1 1
16 1 1
16 1 1
16 1 1
16 1 1
16 1 1
16 1 1
16 1 1
16 1 1
16 1 1
16 1 1
16 1 1
16 1 1
16 1 1
16 1 1
16 1 1
16 1 1
16 1 1
16 1 1
16 1 1
16 1 1
16 1 1
16 1 1
16 1 1
16 1 1
16 1 1
16 1 1
16 1 1
16 1 1
16 1 1
16 1 1
16 1 1
16 1 1
16 1 1
16 1 1
16 1 1
16 1 1
16 1 1
16 1 1
16 1 1
16 1 1
16 1 1
16 1 1
16 1 1
16 1 1
16 1 1
16 1 1
16 1 1
16 1 1
16 1 1
16 1 1
16 1 1
16 1 1
16 1 1
16 1 1
16 1 1
16 1 1
16 1 1
16 1 1
16 1 1
16 1 1
16 1 1
16 1 1
16 1 1
16 1 1
16 1 1
16 1 1
16 1 1
16 1 1
16 1 1
16 1 1
16 1 1
16 1 1
16 1 1
16 1 1
16 1 1
16 1 1
16 1 1
16 1 1
16 1 1
16 1 1
16 1 1
16 1 1
16 1 1
16 1 1
16 1 1
16 1 1
16 1 1
16 1 1
16 1 1
16 1 1
16 1 1
16 1 1
16 1 1
16 1 1
16 1 1
16 1 1
16 1 1
16 1 1
16 1 1
16 1 1
16 1 1
16 1 1
16 1 1
16 1 1
16 1 1
16 1 1
16 1 1
16 1 1
16 1 1
16 1 1
16 1 1
16 1 1
16 1 1
16 1 1
16 1 1
16 1 1
16 1 1
16 1 1
16 1 1
16 1 1
16 1 1
16 1 1
16 1 1
16 1 1
16 1 1
16 1 1
16 1 1
16 1 1
16 1 1
16 1 1
16 1 1
16 1 1
16 1 1
16 1 1
16 1 1
16 1 1
16 1 1
16 1 1
16 1 1
16 1 1
16 1 1
16 1 1
16 1 1
16 1 1
16 1 1
16 1 1
16 1 1
16 1 1
16 1 1
16 1 1
16 1 1
16 1 1
16 1 1
16 1 1
16 1 1
16 1 1
16 1 1
16 1 1
16 1 1
16 1 1
16 1 1
16 1 1
16 1 1
16 1 1
16 1 1
16 1 1
16 1 1
16 1 1
16 1 1
16 1 1
16 1 1
16 1 1
16 1 1
16 1 1
16 1 1
16 1 1
16 1 1
16 1 1
16 1 1
16 1 1
16 1 1
16 1 1
16 1 1
16 1 1
16 1 1
16 1 1
16 1 1
16 1 1
16 1 1
16 1 1
16 1 1
16 1 1
16 1 1
16 1 1
16 1 1
16 1 1
16 1 1
16 1 1
16 1 1
16 1 1
16 1 1
16 1 1
16 1 1
16 1 1
16 1 1
16 1 1
16 1 1
16 1 1
16 1 1
16 1 1
16 1 1
16 1 1
16 1 1
16 1 1
16 1 1
16 1 1
16 1 1
16 1 1
16 1 1
16 1 1
16 1 1
16 1 1
16 1 1
16 1 1
16 1 1
16 1 1
16 1 1
16 1 1
16 1 1
16 1 1
16 1 1
16 1 1
16 1 1
16 1 1
16 1 1
16 1 1
16 1 1
16 1 1
16 1 1
16 1 1
16 1 1
16 1 1
16 1 1
16 1 1
16 1 1
16 1 1
16 1 1
16 1 1
16 1 1
16 1 1
16 1 1
16 1 1
16 1 1
16 1 1
16 1 1
16 1 1
16 1 1
16 1 1
16 1 1
16 1 1
16 1 1
16 1 1
16 1 1
16 1 1
16 1 1
16 1 1
16 1 1
16 1 1
16 1 1
16 1 1
16 1 1
16 1 1
16 1 1
16 1 1
16 1 1
16 1 1
16 1 1
16 1 1
16 1 1
16 1 1
16 1 1
16 1 1
16 1 1
16 1 1
16 1 1
16 1 1
16 1 1
16 1 1
16 1 1
16 1 1
16 1 1
16 1 1
16 1 1
16 1 1
16 1 1
16 1 1
16 1 1
16 1 1
16 1 1
16 1 1
16 1 1
16 1 1
16 1 1
16 1 1
16 1 1
16 1 1
16 1 1
16 1 1
16 1 1
16 1 1
16 1 1
16 1 1
16 1 1
16 1 1
16 1 1
16 1 1
16 1 1
16 1 1
16 1 1
16 1 1
16 1 1
16 1 1
16 1 1
16 1 1
16 1 1
16 1 1
16 1 1
16 1 1
16 1 1
16 1 1
16 1 1
16 1 1
16 1 1
16 1 1
16 1 1
16 1 1
16 1 1
16 1 1
16 1 1
16 1 1
16 1 1
16 1 1
16 1 1
16 1 1
16 1 1
16 1 1
16 1 1
16 1 1
16 1 1
16 1 1
16 1 1
16 1 1
16 1 1
16 1 1
16 1 1
16 1 1
16 1 1
16 1 1
16 1 1
16 1 1
16 1 1
16 1 1
16 1 1
16 1 1
16 1 1
16 1 1
16 1 1
16 1 1
16 1 1
16 1 1
16 1 1
16 1 1
16 1 1
16 1 1
16 1 1
16 1 1
16 1 1
16 1 1
16 1 1
16 1 1
16 1 1
16 1 1
16 1 1
16 1 1
16 1 1
16 1 1
16 1 1
16 1 1
16 1 1
16 1 1
16 1 1
16 1 1
16 1 1
16 1 1
16 1 1
16 1 1
16 1 1
16 1 1
16 1 1
16 1 1
16 1 1
16 1 1
16 1 1
16 1 1
16 1 1
16 1 1
16 1 1
16 1 1
16 1 1
16 1 1
16 1 1
16 1 1
16 1 1
16 1 1
16 1 1
16 1 1
16 1 1
16 1 1
16 1 1
16 1 1
16 1 1
16 1 1
16 1 1
16 1 1
16 1 1
16 1 1
16 1 1
16 1 1
16 1 1
16 1 1
16 1 1
16 1 1
16 1 1
16 1 1
16 1 1
16 1 1
16 1 1
16 1 1
16 1 1
16 1 1
16 1 1
16 1 1
16 1 1
16 1 1
16 1 1
16 1 1
16 1 1
16 1 1
16 1 1
16 1 1
16 1 1
16 1 1
16 1 1
16 1 1
16 1 1
16 1 1
16 1 1
16 1 1
16 1 1
16 1 1
16 1 1
16 1 1
16 1 1
16 1 1
16 1 1
16 1 1
16 1 1
16 1 1
16 1 1
16 1 1
16 1 1
16 1 1
16 1 1
16 1 1
16 1 1
16 1 1
16 1 1
16 1 1
16 1 1
16 1 1
16 1 1
16 1 1
16 1 1
16 1 1
16 1 1
16 1 1
16 1 1
16 1 1
16 1 1
16 1 1
16 1 1
16 1 1
16 1 1
16 1 1
16 1 1
16 1 1
16 1 1
16 1 1
16 1 1
16 1 1
16 1 1
16 1 1
16 1 1
16 1 1
16 1 1
16 1 1
16 1 1
16 1 1
16 1 1
16 1 1
16 1 1
16 1 1
16 1 1
16 1 1
16 1 1
16 1 1
16 1 1
16 1 1
16 1 1
16 1 1
16 1 1
16 1 1
16 1 1
16 1 1
16 1 1
16 1 1
16 1 1
16 1 1
16 1 1
16 1 1
16 1 1
16 1 1
16 1 1
16 1 1
16 1 1
16 1 1
16 1 1
16 1 1
16 1 1
16 1 1
16 1 1
16 1 1
16 1 1
16 1 1
16 1 1
16 1 1
16 1 1
16 1 1
16 1 1
16 1 1
16 1 1
16 1 1
16 1 1
16 1 1
16 1 1
16 1 1
16 1 1
16 1 1
16 1 1
16 1 1
16 1 1
16 1 1
16 1 1
16 1 1
16 1 1
16 1 1
16 1 1
16 1 1
16 1 1
16 1 1
16 1 1
16 1 1
16 1 1
16 1 1
16 1 1
16 1 1
16 1 1
16 1 1
16 1 1
16 1 1
16 1 1
16 1 1
16 1 1
16 1 1
16 1 1
16 1 1
16 1 1
16 1 1
16 1 1
16 1 1
16 1 1
16 1 1
16 1 1
16 1 1
16 1 1
16 1 1
16 1 1
16 1 1
16 1 1
16 1 1
16 1 1
16 1 1
16 1 1
16 1 1
16 1 1
16 1 1
16 1 1
16 1 1
16 1 1
16 1 1
16 1 1
16 1 1
16 1 1
16 1 1
16 1 1
16 1 1
16 1 1
16 1 1
16 1 1
16 1 1
16 1 1
16 1 1
16 1 1
16 1 1
16 1 1
16 1 1
16 1 1
16 1 1
16 1 1
16 1 1
16 1 1
16 1 1
16 1 1
16 1 1
16 1 1
16 1 1
16 1 1
16 1 1
16 1 1
16 1 1
16 1 1
16 1 1
16 1 1
16 1 1
16 1 1
16 1 1
16 1 1
16 1 1
16 1 1
16 1 1
16 1 1
16 1 1
16 1 1
16 1 1
16 1 1
16 1 1
16 1 1
16 1 1
16 1 1
16 1 1
16 1 1
16 1 1
16 1 1
16 1 1
16 1 1
16 1 1
16 1 1
16 1 1
16 1 1
16 1 1
16 1 1
16 1 1
16 1 1
16 1 1
16 1 1
16 1 1
16 1 1
16 1 1
16 1 1
16 1 1
16 1 1
16 1 1
16 1 1
16 1 1
16 1 1
16 1 1
16 1 1
16 1 1
16 1 1
16 1 1
16 1 1
16 1 1
16 1 1
16 1 1
16 1 1
16 1 1
16 1 1
16 1 1
16 1 1
16 1 1
16 1 1
16 1 1
16 1 1
16 1 1
16 1 1
16 1 1
16 1 1
16 1 1
16 1 1
16 1 1
16 1 1
16 1 1
16 1 1
16 1 1
16 1 1
16 1 1
16 1 1
16 1 1
16 1 1
16 1 1
16 1 1
16 1 1
16 1 1
16 1 1
16 1 1
16 1 1
16 1 1
16 1 1
16 1 1
16 1 1
16 1 1
16 1 1
16 1 1
16 1 1
16 1 1
16 1 1
16 1 1
16 1 1
16 1 1
16 1 1
16 1 1
16 1 1
16 1 1
16 1 1
16 1 1
16 1 1
16 1 1
16 1 1
16 1 1
16 1 1
16 1 1
16 1 1
16 1 1
16 1 1
16 1 1
16 1 1
16 1 1
16 1 1
16 1 1
16 1 1
16 1 1
16 1 1
16 1 1
16 1 1
16 1 1
16 1 1
16 1 1
16 1 1
16 1 1
16 1 1
16 1 1
16 1 1
16 1 1
16 1 1
16 1 1
16 1 1
16 1 1
16 1 1
16 1 1
16 1 1
16 1 1
16 1 1
16 1 1
16 1 1
16 1 1
16 1 1
16 1 1
16 1 1
16 1 1
16 1 1
16 1 1
16 1 1
16 1 1
16 1 1
16 1 1
16 1 1
16 1 1
16 1 1
16 1 1
16 1 1
16 1 1
16 1 1
16 1 1
16 1 1
16 1 1
16 1 1
16 1 1
16 1 1
16 1 1
18 3 3
18 2 2
18 1 1
18 1 1
18 1 1
18 1 1
18 1 1
18 1 1
18 1 1
18 1 1
18 1 1
18 1 1
18 1 1
18 1 1
18 1 1
18 1 1
18 1 1
18 1 1
18 1 1
18 1 1
18 1 1
18 1 1
18 1 1
18 1 1
18 1 1
18 1 1
18 1 1
18 1 1
19 17 15
19 14 8
19 8 6
19 6 5
19 4 4
19 4 4
19 4 3
19 4 3
19 2 3
19 2 3
19 2 2
19 2 2
19 2 2
19 2 2
19 2 2
19 2 2
19 2 2
19 2 2
19 2 2
19 2 2
19 2 2
19 2 2
19 2 2
19 1 2
19 1 1
19 1 1
19 1 1
19 1 1
19 1 1
19 1 1
19 1 1
19 1 1
19 1 1
19 1 1
19 1 1
19 1 1
19 1 1
19 1 1
19 1 1
19 1 1
19 1 1
19 1 1
19 1 1
19 1 1
19 1 1
19 1 1
19 1 1
19 1 1
19 1 1
19 1 1
19 1 1
19 1 1
19 1 1
19 1 1
19 1 1
19 1 1
19 1 1
19 1 1
19 1 1
19 1 1
19 1 1
19 1 1
19 1 1
19 1 1
19 1 1
19 1 1
19 1 1
19 1 1
19 1 1
19 1 1
19 1 1
19 1 1
19 1 1
19 1 1
19 1 1
19 1 1
19 1 1
19 1 1
19 1 1
19 1 1
19 1 1
19 1 1
19 1 1
19 1 1
19 1 1
19 1 1
19 1 1
19 1 1
19 1 1
19 1 1
19 1 1
19 1 1
19 1 1
19 1 1
19 1 1
19 1 1
19 1 1
19 1 1
19 1 1
19 1 1
19 1 1
19 1 1
19 1 1
19 1 1
19 1 1
19 1 1
19 1 1
19 1 1
19 1 1
19 1 1
19 1 1
19 1 1
19 1 1
19 1 1
19 1 1
23 5 6
23 4 4
23 3 3
23 3 3
23 3 2
23 3 2
23 2 2
23 2 2
23 2 2
23 2 2
23 2 2
23 1 2
23 1 1
23 1 1
23 1 1
23 1 1
23 1 1
23 1 1
23 1 1
23 1 1
23 1 1
23 1 1
23 1 1
23 1 1
23 1 1
23 1 1
23 1 1
23 1 1
23 1 1
23 1 1
23 1 1
23 1 1
23 1 1
23 1 1
23 1 1
23 1 1
23 1 1
23 1 1
23 1 1
23 1 1
23 1 1
23 1 1
23 1 1
23 1 1
23 1 1
23 1 1
23 1 1
23 1 1
23 1 1
23 1 1
23 1 1
23 1 1
23 1 1
23 1 1
23 1 1
23 1 1
23 1 1
23 1 1
23 1 1
23 1 1
23 1 1
23 1 1
23 1 1
23 1 1
23 1 1
23 1 1
23 1 1
23 1 1
23 1 1
23 1 1
23 1 1
23 1 1
23 1 1
23 1 1
23 1 1
23 1 1
23 1 1
23 1 1
23 1 1
23 1 1
23 1 1
23 1 1
23 1 1
23 1 1
23 1 1
23 1 1
23 1 1
23 1 1
23 1 1
23 1 1
23 1 1
24 7 12
24 7 6
24 6 5
24 4 4
24 4 4
24 3 3
24 3 3
24 3 3
24 3 3
24 3 2
24 2 2
24 2 2
24 2 2
24 2 2
24 2 2
24 2 2
24 2 2
24 2 2
24 2 2
24 2 2
24 2 2
24 2 2
24 2 2
24 1 1
24 1 1
24 1 1
24 1 1
24 1 1
24 1 1
24 1 1
24 1 1
24 1 1
24 1 1
24 1 1
24 1 1
24 1 1
24 1 1
24 1 1
24 1 1
24 1 1
24 1 1
24 1 1
24 1 1
24 1 1
24 1 1
24 1 1
24 1 1
24 1 1
24 1 1
24 1 1
24 1 1
24 1 1
24 1 1
24 1 1
24 1 1
24 1 1
24 1 1
24 1 1
24 1 1
24 1 1
24 1 1
24 1 1
24 1 1
24 1 1
24 1 1
24 1 1
24 1 1
24 1 1
24 1 1
24 1 1
24 1 1
24 1 1
24 1 1
24 1 1
24 1 1
24 1 1
24 1 1
24 1 1
24 1 1
24 1 1
24 1 1
24 1 1
24 1 1
24 1 1
24 1 1
24 1 1
24 1 1
24 1 1
24 1 1
24 1 1
24 1 1
24 1 1
24 1 1
24 1 1
24 1 1
24 1 1
24 1 1
24 1 1
24 1 1
24 1 1
24 1 1
24 1 1
24 1 1
24 1 1
24 1 1
24 1 1
24 1 1
24 1 1
24 1 1
24 1 1
24 1 1
24 1 1
24 1 1
24 1 1
24 1 1
24 1 1
24 1 1
24 1 1
24 1 1
24 1 1
24 1 1
24 1 1
24 1 1
24 1 1
24 1 1
24 1 1
24 1 1
24 1 1
25 3 2
25 1 1
25 1 1
25 1 1
25 1 1
25 1 1
25 1 1
25 1 1
25 1 1
25 1 1
25 1 1
25 1 1
25 1 1
25 1 1
25 1 1
25 1 1
25 1 1
25 1 1
25 1 1
25 1 1
25 1 1
25 1 1
25 1 1
25 1 1
25 1 1
25 1 1
25 1 1
25 1 1
25 1 1
25 1 1
25 1 1
26 4445 28304
26 1921 6291
26 1781 3126
26 1704 1972
26 1548 1398
26 1350 1062
26 1244 845
26 1130 695
26 1125 585
26 830 503
26 785 438
26 732 387
26 637 345
26 626 311
26 621 282
26 591 257
26 487 236
26 485 218
26 481 202
26 476 188
26 472 175
26 423 164
26 406 154
26 403 145
26 379 137
26 375 130
26 365 123
26 358 117
26 356 112
26 343 107
26 340 102
26 337 97
26 335 93
26 330 90
26 306 86
26 299 83
26 289 80
26 285 77
26 276 74
26 271 71
26 252 69
26 247 67
26 241 65
26 238 63
26 224 61
26 219 59
26 218 57
26 215 56
26 210 54
26 206 52
26 201 51
26 199 50
26 189 48
26 178 47
26 175 46
26 175 45
26 172 44
26 165 43
26 162 42
26 153 41
26 147 40
26 145 39
26 143 38
26 139 37
26 131 37
26 124 36
26 121 35
26 110 34
26 106 34
26 104 33
26 92 32
26 87 32
26 86 31
26 84 31
26 83 30
26 82 29
26 79 29
26 74 28
26 68 28
26 61 27
26 55 27
26 52 27
26 48 26
26 48 26
26 48 25
26 48 25
26 48 24
26 41 24
26 40 24
26 39 23
26 39 23
26 38 23
26 38 22
26 35 22
26 32 22
26 31 21
26 31 21
26 30 21
26 30 20
26 28 20
26 26 20
26 25 20
26 25 19
26 24 19
26 24 19
26 23 19
26 22 18
26 22 18
26 22 18
26 21 18
26 21 17
26 21 17
26 21 17
26 20 17
26 20 17
26 19 16
26 19 16
26 19 16
26 19 16
26 19 16
26 18 16
26 17 15
26 17 15
26 17 15
26 17 15
26 17 15
26 16 15
26 16 14
26 16 14
26 16 14
26 15 14
26 15 14
26 15 14
26 15 13
26 15 13
26 15 13
26 15 13
26 15 13
26 15 13
26 14 13
26 14 13
26 14 12
26 14 12
26 14 12
26 14 12
26 14 12
26 13 12
26 13 12
26 13 12
26 13 12
26 13 11
26 13 11
26 12 11
26 12 11
26 12 11
26 11 11
26 11 11
26 11 11
26 11 11
26 11 11
26 11 10
26 11 10
26 11 10
26 11 10
26 10 10
26 10 10
26 10 10
26 10 10
26 10 10
26 10 10
26 10 10
26 9 10
26 9 9
26 9 9
26 9 9
26 9 9
26 9 9
26 9 9
26 9 9
26 8 9
26 8 9
26 8 9
26 8 9
26 8 9
26 8 9
26 8 9
26 7 9
26 7 8
26 7 8
26 7 8
26 7 8
26 7 8
26 7 8
26 7 8
26 7 8
26 7 8
26 7 8
26 7 8
26 7 8
26 6 8
26 6 8
26 6 8
26 6 8
26 6 8
26 6 8
26 6 7
26 6 7
26 6 7
26 6 7
26 6 7
26 6 7
26 6 7
26 6 7
26 6 7
26 6 7
26 6 7
26 6 7
26 6 7
26 6 7
26 6 7
26 6 7
26 5 7
26 5 7
26 5 7
26 5 7
26 5 7
26 5 7
26 5 6
26 5 6
26 5 6
26 5 6
26 5 6
26 5 6
26 5 6
26 5 6
26 5 6
26 5 6
26 5 6
26 5 6
26 5 6
26 5 6
26 5 6
26 5 6
26 5 6
26 5 6
26 5 6
26 5 6
26 5 6
26 5 6
26 5 6
26 5 6
26 4 6
26 4 6
26 4 6
26 4 6
26 4 6
26 4 6
26 4 5
26 4 5
26 4 5
26 4 5
26 4 5
26 4 5
26 4 5
26 4 5
26 4 5
26 4 5
26 4 5
26 4 5
26 4 5
26 4 5
26 4 5
26 4 5
26 4 5
26 4 5
26 4 5
26 4 5
26 4 5
26 4 5
26 4 5
26 4 5
26 4 5
26 4 5
26 4 5
26 4 5
26 4 5
26 4 5
26 4 5
26 4 5
26 4 5
26 4 5
26 4 5
26 4 5
26 4 5
26 4 5
26 4 5
26 4 5
26 4 4
26 4 4
26 4 4
26 4 4
26 4 4
26 4 4
26 4 4
26 4 4
26 3 4
26 3 4
26 3 4
26 3 4
26 3 4
26 3 4
26 3 4
26 3 4
26 3 4
26 3 4
26 3 4
26 3 4
26 3 4
26 3 4
26 3 4
26 3 4
26 3 4
26 3 4
26 3 4
26 3 4
26 3 4
26 3 4
26 3 4
26 3 4
26 3 4
26 3 4
26 3 4
26 3 4
26 3 4
26 3 4
26 3 4
26 3 4
26 3 4
26 3 4
26 3 4
26 3 4
26 3 4
26 3 4
26 3 4
26 3 4
26 3 4
26 3 4
26 3 4
26 3 4
26 3 4
26 3 4
26 3 4
26 3 4
26 3 4
26 3 4
26 3 4
26 3 3
26 3 3
26 3 3
26 3 3
26 3 3
26 3 3
26 3 3
26 3 3
26 3 3
26 3 3
26 3 3
26 3 3
26 3 3
26 3 3
26 3 3
26 3 3
26 3 3
26 3 3
26 3 3
26 3 3
26 3 3
26 3 3
26 3 3
26 3 3
26 3 3
26 3 3
26 3 3
26 3 3
26 3 3
26 3 3
26 3 3
26 3 3
26 3 3
26 3 3
26 3 3
26 3 3
26 3 3
26 3 3
26 3 3
26 3 3
26 3 3
26 3 3
26 2 3
26 2 3
26 2 3
26 2 3
26 2 3
26 2 3
26 2 3
26 2 3
26 2 3
26 2 3
26 2 3
26 2 3
26 2 3
26 2 3
26 2 3
26 2 3
26 2 3
26 2 3
26 2 3
26 2 3
26 2 3
26 2 3
26 2 3
26 2 3
26 2 3
26 2 3
26 2 3
26 2 3
26 2 3
26 2 3
26 2 3
26 2 3
26 2 3
26 2 3
26 2 3
26 2 3
26 2 3
26 2 3
26 2 3
26 2 3
26 2 3
26 2 3
26 2 3
26 2 3
26 2 3
26 2 3
26 2 3
26 2 3
26 2 3
26 2 3
26 2 3
26 2 3
26 2 3
26 2 3
26 2 3
26 2 3
26 2 2
26 2 2
26 2 2
26 2 2
26 2 2
26 2 2
26 2 2
26 2 2
26 2 2
26 2 2
26 2 2
26 2 2
26 2 2
26 2 2
26 2 2
26 2 2
26 2 2
26 2 2
26 2 2
26 2 2
26 2 2
26 2 2
26 2 2
26 2 2
26 2 2
26 2 2
26 2 2
26 2 2
26 2 2
26 2 2
26 2 2
26 2 2
26 2 2
26 2 2
26 2 2
26 2 2
26 2 2
26 2 2
26 2 2
26 2 2
26 2 2
26 2 2
26 2 2
26 2 2
26 2 2
26 2 2
26 2 2
26 2 2
26 2 2
26 2 2
26 2 2
26 2 2
26 2 2
26 2 2
26 2 2
26 2 2
26 2 2
26 2 2
26 2 2
26 2 2
26 2 2
26 2 2
26 2 2
26 2 2
26 2 2
26 2 2
26 2 2
26 2 2
26 2 2
26 2 2
26 2 2
26 2 2
26 2 2
26 2 2
26 2 2
26 2 2
26 2 2
26 2 2
26 2 2
26 2 2
26 2 2
26 2 2
26 2 2
26 2 2
26 2 2
26 2 2
26 2 2
26 2 2
26 2 2
26 2 2
26 2 2
26 2 2
26 2 2
26 2 2
26 2 2
26 2 2
26 2 2
26 2 2
26 2 2
26 2 2
26 2 2
26 2 2
26 2 2
26 2 2
26 2 2
26 2 2
26 2 2
26 2 2
26 2 2
26 2 2
26 2 2
26 2 2
26 2 2
26 2 2
26 2 2
26 2 2
26 2 2
26 2 2
26 2 2
26 2 2
26 2 2
26 2 2
26 2 2
26 2 2
26 2 2
26 2 2
26 2 2
26 2 2
26 2 2
26 2 2
26 2 2
26 2 2
26 2 2
26 2 2
26 2 2
26 2 2
26 2 2
26 2 2
26 2 2
26 2 2
26 2 2
26 2 2
26 2 2
26 2 2
26 2 2
26 2 2
26 1 2
26 1 2
26 1 2
26 1 2
26 1 2
26 1 2
26 1 2
26 1 2
26 1 2
26 1 2
26 1 2
26 1 2
26 1 2
26 1 2
26 1 2
26 1 2
26 1 2
26 1 2
26 1 2
26 1 2
26 1 2
26 1 2
26 1 2
26 1 2
26 1 2
26 1 2
26 1 2
26 1 2
26 1 2
26 1 2
26 1 2
26 1 2
26 1 2
26 1 2
26 1 2
26 1 2
26 1 2
26 1 2
26 1 2
26 1 2
26 1 2
26 1 2
26 1 2
26 1 2
26 1 2
26 1 2
26 1 2
26 1 2
26 1 2
26 1 2
26 1 1
26 1 1
26 1 1
26 1 1
26 1 1
26 1 1
26 1 1
26 1 1
26 1 1
26 1 1
26 1 1
26 1 1
26 1 1
26 1 1
26 1 1
26 1 1
26 1 1
26 1 1
26 1 1
26 1 1
26 1 1
26 1 1
26 1 1
26 1 1
26 1 1
26 1 1
26 1 1
26 1 1
26 1 1
26 1 1
26 1 1
26 1 1
26 1 1
26 1 1
26 1 1
26 1 1
26 1 1
26 1 1
26 1 1
26 1 1
26 1 1
26 1 1
26 1 1
26 1 1
26 1 1
26 1 1
26 1 1
26 1 1
26 1 1
26 1 1
26 1 1
26 1 1
26 1 1
26 1 1
26 1 1
26 1 1
26 1 1
26 1 1
26 1 1
26 1 1
26 1 1
26 1 1
26 1 1
26 1 1
26 1 1
26 1 1
26 1 1
26 1 1
26 1 1
26 1 1
26 1 1
26 1 1
26 1 1
26 1 1
26 1 1
26 1 1
26 1 1
26 1 1
26 1 1
26 1 1
26 1 1
26 1 1
26 1 1
26 1 1
26 1 1
26 1 1
26 1 1
26 1 1
26 1 1
26 1 1
26 1 1
26 1 1
26 1 1
26 1 1
26 1 1
26 1 1
26 1 1
26 1 1
26 1 1
26 1 1
26 1 1
26 1 1
26 1 1
26 1 1
26 1 1
26 1 1
26 1 1
26 1 1
26 1 1
26 1 1
26 1 1
26 1 1
26 1 1
26 1 1
26 1 1
26 1 1
26 1 1
26 1 1
26 1 1
26 1 1
26 1 1
26 1 1
26 1 1
26 1 1
26 1 1
26 1 1
26 1 1
26 1 1
26 1 1
26 1 1
26 1 1
26 1 1
26 1 1
26 1 1
26 1 1
26 1 1
26 1 1
26 1 1
26 1 1
26 1 1
26 1 1
26 1 1
26 1 1
26 1 1
26 1 1
26 1 1
26 1 1
26 1 1
26 1 1
26 1 1
26 1 1
26 1 1
26 1 1
26 1 1
26 1 1
26 1 1
26 1 1
26 1 1
26 1 1
26 1 1
26 1 1
26 1 1
26 1 1
26 1 1
26 1 1
26 1 1
26 1 1
26 1 1
26 1 1
26 1 1
26 1 1
26 1 1
26 1 1
26 1 1
26 1 1
26 1 1
26 1 1
26 1 1
26 1 1
26 1 1
26 1 1
26 1 1
26 1 1
26 1 1
26 1 1
26 1 1
26 1 1
26 1 1
26 1 1
26 1 1
26 1 1
26 1 1
26 1 1
26 1 1
26 1 1
26 1 1
26 1 1
26 1 1
26 1 1
26 1 1
26 1 1
26 1 1
26 1 1
26 1 1
26 1 1
26 1 1
26 1 1
26 1 1
26 1 1
26 1 1
26 1 1
26 1 1
26 1 1
26 1 1
26 1 1
26 1 1
26 1 1
26 1 1
26 1 1
26 1 1
26 1 1
26 1 1
26 1 1
26 1 1
26 1 1
26 1 1
26 1 1
26 1 1
26 1 1
26 1 1
26 1 1
26 1 1
26 1 1
26 1 1
26 1 1
26 1 1
26 1 1
26 1 1
26 1 1
26 1 1
26 1 1
26 1 1
26 1 1
26 1 1
26 1 1
26 1 1
26 1 1
26 1 1
26 1 1
26 1 1
26 1 1
26 1 1
26 1 1
26 1 1
26 1 1
26 1 1
26 1 1
26 1 1
26 1 1
26 1 1
26 1 1
26 1 1
26 1 1
26 1 1
26 1 1
26 1 1
26 1 1
26 1 1
26 1 1
26 1 1
26 1 1
26 1 1
26 1 1
26 1 1
26 1 1
26 1 1
26 1 1
26 1 1
26 1 1
26 1 1
26 1 1
26 1 1
26 1 1
26 1 1
26 1 1
26 1 1
26 1 1
26 1 1
26 1 1
26 1 1
26 1 1
26 1 1
26 1 1
26 1 1
26 1 1
26 1 1
26 1 1
26 1 1
26 1 1
26 1 1
26 1 1
26 1 1
26 1 1
26 1 1
26 1 1
26 1 1
26 1 1
26 1 1
26 1 1
26 1 1
26 1 1
26 1 1
26 1 1
26 1 1
26 1 1
26 1 1
26 1 1
26 1 1
26 1 1
26 1 1
26 1 1
26 1 1
26 1 1
26 1 1
26 1 1
26 1 1
26 1 1
26 1 1
26 1 1
26 1 1
26 1 1
26 1 1
26 1 1
26 1 1
26 1 1
26 1 1
26 1 1
26 1 1
26 1 1
26 1 1
26 1 1
26 1 1
26 1 1
26 1 1
26 1 1
26 1 1
26 1 1
26 1 1
26 1 1
26 1 1
26 1 1
26 1 1
26 1 1
26 1 1
26 1 1
26 1 1
26 1 1
26 1 1
26 1 1
26 1 1
26 1 1
26 1 1
26 1 1
26 1 1
26 1 1
26 1 1
26 1 1
26 1 1
26 1 1
26 1 1
26 1 1
26 1 1
26 1 1
26 1 1
26 1 1
26 1 1
26 1 1
26 1 1
26 1 1
26 1 1
26 1 1
26 1 1
26 1 1
26 1 1
26 1 1
26 1 1
26 1 1
26 1 1
26 1 1
26 1 1
26 1 1
26 1 1
26 1 1
26 1 1
26 1 1
26 1 1
26 1 1
26 1 1
26 1 1
26 1 1
26 1 1
26 1 1
26 1 1
26 1 1
26 1 1
26 1 1
26 1 1
26 1 1
26 1 1
26 1 1
26 1 1
26 1 1
26 1 1
26 1 1
26 1 1
26 1 1
26 1 1
26 1 1
26 1 1
26 1 1
26 1 1
26 1 1
26 1 1
26 1 1
26 1 1
26 1 1
26 1 1
26 1 1
26 1 1
26 1 1
26 1 1
26 1 1
26 1 1
26 1 1
26 1 1
26 1 1
26 1 1
26 1 1
26 1 1
26 1 1
26 1 1
26 1 1
26 1 1
26 1 1
26 1 1
26 1 1
26 1 1
26 1 1
26 1 1
26 1 1
26 1 1
26 1 1
26 1 1
26 1 1
26 1 1
26 1 1
26 1 1
26 1 1
26 1 1
26 1 1
26 1 1
26 1 1
26 1 1
26 1 1
26 1 1
26 1 1
26 1 1
26 1 1
26 1 1
26 1 1
26 1 1
26 1 1
26 1 1
26 1 1
26 1 1
26 1 1
26 1 1
26 1 1
26 1 1
26 1 1
26 1 1
26 1 1
26 1 1
26 1 1
26 1 1
26 1 1
26 1 1
26 1 1
26 1 1
26 1 1
26 1 1
26 1 1
26 1 1
26 1 1
26 1 1
26 1 1
26 1 1
26 1 1
26 1 1
26 1 1
26 1 1
26 1 1
26 1 1
26 1 1
26 1 1
26 1 1
26 1 1
26 1 1
26 1 1
26 1 1
26 1 1
26 1 1
26 1 1
26 1 1
26 1 1
26 1 1
26 1 1
26 1 1
26 1 1
26 1 1
26 1 1
26 1 1
26 1 1
26 1 1
26 1 1
26 1 1
26 1 1
26 1 1
26 1 1
26 1 1
26 1 1
26 1 1
26 1 1
26 1 1
26 1 1
26 1 1
26 1 1
26 1 1
26 1 1
26 1 1
26 1 1
26 1 1
26 1 1
26 1 1
26 1 1
26 1 1
26 1 1
26 1 1
26 1 1
26 1 1
26 1 1
26 1 1
26 1 1
26 1 1
26 1 1
26 1 1
26 1 1
26 1 1
26 1 1
26 1 1
26 1 1
26 1 1
26 1 1
26 1 1
26 1 1
26 1 1
26 1 1
26 1 1
26 1 1
26 1 1
26 1 1
26 1 1
26 1 1
26 1 1
26 1 1
26 1 1
26 1 1
26 1 1
26 1 1
26 1 1
26 1 1
26 1 1
26 1 1
26 1 1
26 1 1
26 1 1
26 1 1
26 1 1
26 1 1
26 1 1
26 1 1
26 1 1
26 1 1
26 1 1
26 1 1
26 1 1
26 1 1
26 1 1
26 1 1
26 1 1