0.5 314496.5 1095.0 86906.2 3173.2 -0.0733654009378
0.25 157248.2 894.2 43426.4 1798.8 0.0516285567589
0.125 78624.2 700.2 21783.6 1013.7 0.171848538339
0.0625 39312.1 526.8 10875.2 575.0 0.284279468195
0.03125 19655.9 380.3 5454.9 364.3 0.419308028077
0.015625 9828.0 261.4 2707.1 211.5 0.518011692562
0.5 28969.5 1275.2 4299.2 190.3 -0.0435411610717
0.25 14484.8 1016.3 2160.1 115.3 0.0743724696826
0.125 7242.3 776.4 1080.1 71.7 0.206180797596
0.0625 3621.2 561.4 519.5 46.4 0.311738539982
0.03125 1810.7 392.9 264.2 30.4 0.452023419477
0.015625 905.4 259.7 134.7 20.1 0.515642374345
0.5 66133.2 1290.9 13984.9 535.9 0.150293616985
0.25 33066.7 1014.5 7021.6 308.2 0.244292692126
0.125 16533.3 777.2 3499.2 176.6 0.332109877481
0.0625 8266.5 570.1 1748.9 103.0 0.415267148626
0.03125 4133.3 392.6 871.3 62.6 0.516754247158
0.015625 2066.7 266.6 448.6 39.5 0.593477361118
0.5 690981.1 1391.6 119820.2 3890.9 -0.135956691007
0.25 345490.5 1144.5 59919.3 2224.6 -0.027009849687
0.125 172745.4 904.4 29949.9 1261.3 0.101135630229
0.0625 86372.5 697.7 14984.9 742.4 0.238132960582
0.03125 43186.4 529.5 7458.6 429.8 0.313918596574
0.015625 21593.1 401.8 3763.6 251.8 0.398303544514
0.5 27445.9 1655.4 4050.9 146.1 0.183961470198
0.25 13723.0 1311.8 2038.4 87.2 0.228106706172
0.125 6861.5 975.0 1004.0 55.5 0.319735814097
0.0625 3430.6 681.4 499.8 36.3 0.374196955174
0.03125 1715.4 461.6 249.9 24.0 0.453586059959
0.015625 857.6 295.3 128.8 16.8 0.507858412071
0.5 23045.4 913.4 3221.9 217.0 0.0893789784057
0.25 11522.7 726.6 1598.8 129.4 0.205248130233
0.125 5761.3 551.3 795.2 78.5 0.33380860472
0.0625 2880.8 407.7 401.4 49.3 0.42302153795
0.03125 1440.3 286.2 199.9 31.0 0.535802385117
0.015625 720.2 194.7 103.3 20.1 0.615510868694
0.5 57911.5 975.4 13884.7 500.8 0.115082363424
0.25 28955.9 763.6 6952.7 287.2 0.222128786939
0.125 14477.8 570.2 3457.6 165.8 0.318539780679
0.0625 7238.9 415.3 1756.9 97.0 0.405400231046
0.03125 3619.5 283.2 857.3 61.2 0.508475530172
0.015625 1809.7 196.3 435.1 38.2 0.553842800665
0.5 22220.2 1326.9 2869.8 151.5 0.200065075547
0.25 11110.2 1055.4 1441.6 91.6 0.280506138422
0.125 5555.0 800.5 726.3 56.3 0.331666492275
0.0625 2777.4 575.2 348.0 36.4 0.436632409307
0.03125 1388.8 393.3 178.1 23.5 0.49657212506
0.015625 694.4 259.6 83.1 15.5 0.517158873471
0.5 33196.3 1142.2 4032.2 214.6 0.00828629258301
0.25 16598.1 910.8 2004.0 129.0 0.0969713509783
0.125 8299.0 679.0 997.7 81.6 0.191919813706
0.0625 4149.6 493.8 494.4 51.8 0.318481415533
0.03125 2074.7 336.3 251.2 34.6 0.405088820689
0.015625 1037.5 219.6 129.4 23.3 0.466296424299
0.5 18037.5 1055.8 2146.5 133.3 0.261620790943
0.25 9018.8 829.6 1067.3 80.8 0.341186777408
0.125 4509.4 623.2 538.5 50.2 0.406773496852
0.0625 2254.7 455.5 271.4 31.8 0.487966070891
0.03125 1127.3 311.5 134.4 20.2 0.553741244009
0.015625 563.6 200.2 68.4 13.9 0.596573761571
0.5 16980.3 921.0 2735.2 159.2 0.19922755649
0.25 8490.4 720.6 1366.5 95.3 0.291071066619
0.125 4245.2 539.6 691.4 60.6 0.399928254607
0.0625 2122.7 377.5 336.6 38.7 0.497484546472
0.03125 1061.2 260.7 171.3 24.2 0.575949905034
0.015625 530.6 171.6 89.7 16.4 0.616546356755
0.5 405012.2 1285.0 44767.9 4041.8 -0.162299149876
0.25 202506.2 1025.7 22369.0 2247.5 -0.0620754403512
0.125 101253.2 786.1 11214.4 1292.3 0.0536276498941
0.0625 50626.7 562.0 5596.6 758.8 0.185501473423
0.03125 25313.3 396.9 2802.5 444.0 0.290960099507
0.015625 12656.7 270.4 1396.1 275.0 0.413603049355
0.5 21469.7 1260.8 2236.0 161.6 0.13305604035
0.25 10734.9 976.9 1097.4 97.6 0.231640728284
0.125 5367.4 712.1 550.6 62.2 0.362495486694
0.0625 2683.8 503.4 279.7 39.5 0.44200903023
0.03125 1341.9 342.2 133.8 25.1 0.544577962333
0.015625 671.0 227.1 73.5 16.7 0.616837709784
0.5 33312.0 1060.1 4733.1 280.3 -0.0466691759354
0.25 16655.8 845.5 2332.5 167.4 0.0807492546475
0.125 8328.0 648.0 1184.2 100.8 0.180144249828
0.0625 4164.0 485.8 597.2 62.7 0.326278403363
0.03125 2082.1 336.9 296.5 41.0 0.444699119183
0.015625 1041.0 226.7 147.9 26.6 0.521769811215
0.5 25217.6 731.0 4079.4 277.2 0.0662063510211
0.25 12608.8 570.4 2058.3 166.4 0.187266628398
0.125 6304.4 426.0 1026.9 102.7 0.280935639915
0.0625 3152.1 310.3 502.5 62.8 0.399768994005
0.03125 1576.2 208.7 256.9 41.9 0.51216075589
0.015625 788.1 140.4 121.2 26.9 0.563717895791
0.5 21717.1 1280.0 1715.3 143.5 0.340649434829
0.25 10858.6 1000.5 862.2 87.0 0.428937818699
0.125 5429.3 739.8 433.3 53.7 0.517421762057
0.0625 2714.7 529.9 214.4 33.5 0.595476856675
0.03125 1357.5 362.9 104.9 21.2 0.649663995126
0.015625 678.7 241.5 56.0 13.7 0.673144255159
0.5 288263.7 1167.5 25666.8 2354.6 0.0421195671064
0.25 144131.8 931.1 12863.5 1311.5 0.147997569934
0.125 72065.9 709.0 6452.7 730.9 0.248082875002
0.0625 36032.8 515.6 3203.3 426.9 0.339428024278
0.03125 18016.5 362.7 1610.4 244.3 0.405193065622
0.015625 9008.3 243.8 810.6 147.0 0.515092653098
0.5 486900.7 1532.5 50100.5 1960.9 -0.0392912486273
0.25 243450.3 1259.9 25078.0 1085.3 0.0687887743031
0.125 121725.0 993.6 12540.1 617.9 0.189585395588
0.0625 60862.5 760.7 6273.4 362.3 0.305709861553
0.03125 30431.4 576.7 3124.0 208.1 0.416671807722
0.015625 15215.6 435.3 1556.6 123.3 0.507008031218
0.5 165522.5 1118.5 36909.8 1889.4 -0.390429841337
0.25 82761.3 897.6 18414.9 1051.5 -0.305689725417
0.125 41380.6 691.6 9181.5 607.2 -0.230023220295
0.0625 20690.3 510.1 4586.4 358.2 -0.125943318413
0.03125 10345.2 361.8 2297.3 217.0 0.0397281218155
0.015625 5172.7 241.1 1139.6 128.3 0.189981705171
0.5 29716.3 1197.8 2760.0 193.7 0.22886846801
0.25 14858.2 964.0 1379.6 114.3 0.332320489857
0.125 7429.0 738.8 681.3 70.3 0.453518362861
0.0625 3714.7 552.5 341.5 43.3 0.542204186407
0.03125 1857.3 393.7 175.3 27.6 0.620069948492
0.015625 928.6 278.9 87.4 17.4 0.687491592761
0.5 43784.7 1776.8 3575.8 215.0 0.10368178298
0.25 21892.5 1409.8 1788.6 129.2 0.195761209098
0.125 10946.2 1066.5 894.0 80.5 0.289472913965
0.0625 5473.0 767.1 441.8 52.3 0.401718536029
0.03125 2736.6 520.1 228.5 35.7 0.491702899555
0.015625 1368.4 349.6 112.2 23.1 0.554559041303
0.5 482110.3 1200.8 50433.9 1979.8 -0.156417310772
0.25 241055.3 985.6 25175.8 1104.5 -0.0514201521964
0.125 120527.6 788.5 12594.5 635.4 0.0772990580312
0.0625 60263.7 618.1 6270.3 354.9 0.171733619539
0.03125 30132.1 478.7 3159.3 211.8 0.277166697089
0.015625 15066.0 363.2 1571.2 124.4 0.414002352834
0.5 317954.5 823.1 88727.5 3145.1 -0.418838778448
0.25 158977.2 665.5 44427.3 1825.5 -0.309388971112
0.125 79488.8 510.8 22204.0 1057.1 -0.165553553636
0.0625 39744.4 386.1 11083.1 598.4 -0.0408321684355
0.03125 19872.1 278.1 5567.4 362.4 0.154212592975
0.015625 9936.2 202.4 2786.5 211.9 0.289593149712
0.5 53800.8 1382.7 10528.8 438.7 0.264132856125
0.25 26900.6 1095.7 5273.0 247.2 0.34576756896
0.125 13450.1 834.0 2649.1 145.5 0.423905958581
0.0625 6725.2 603.4 1318.0 86.0 0.50161242403
0.03125 3362.5 414.8 654.4 53.7 0.580613133803
0.015625 1681.2 276.8 327.7 32.8 0.613197681506
0.5 145932.5 1300.5 38774.3 1771.4 -0.261967629423
0.25 72966.5 1001.6 19369.6 983.5 -0.205382800999
0.125 36483.1 726.7 9707.8 586.4 -0.0983417897993
0.0625 18241.7 512.0 4851.9 360.7 0.0400340201646
0.03125 9120.8 346.8 2429.5 225.4 0.129873842551
0.015625 4560.3 216.1 1217.7 144.4 0.248723329636
0.5 25029.3 1327.5 2951.8 154.9 0.273334725627
0.25 12514.7 1062.8 1483.3 92.6 0.366075200519
0.125 6257.3 812.8 729.9 57.8 0.471390588221
0.0625 3128.7 586.1 370.6 36.8 0.552896972546
0.03125 1564.3 415.9 181.0 22.7 0.610679460804
0.015625 782.2 274.1 96.4 15.1 0.650470342865
0.5 28529.6 1433.3 2505.6 166.7 0.225071660792
0.25 14264.8 1132.5 1249.2 99.7 0.32176753928
0.125 7132.3 850.5 633.6 61.4 0.414380636589
0.0625 3566.2 615.8 311.4 38.7 0.527931656209
0.03125 1783.0 421.1 160.3 25.1 0.591306348752
0.015625 891.6 282.3 79.3 16.6 0.660559539299
0.5 18244.4 1359.4 1609.6 111.9 0.352211871891
0.25 9122.4 1074.2 801.6 67.2 0.416223261357
0.125 4561.1 793.1 406.6 42.4 0.496468521255
0.0625 2280.7 562.6 202.9 27.8 0.550054824752
0.03125 1140.3 385.4 103.6 17.4 0.620815820948
0.015625 570.1 244.8 49.7 12.0 0.669292320187
0.5 21678.0 1090.7 4378.2 163.5 -0.0671496789481
0.25 10839.1 836.5 2184.3 98.8 -0.00654351129361
0.125 5419.5 585.2 1092.4 64.2 0.117722956463
0.0625 2709.9 408.4 538.9 41.9 0.216321410076
0.03125 1354.9 274.9 278.9 27.7 0.32986129838
0.015625 677.4 177.4 136.6 18.9 0.434189245083
0.5 68735.2 1181.8 14160.4 553.7 -0.0407379153469
0.25 34367.5 927.8 7093.7 315.1 0.0514155187108
0.125 17183.8 705.1 3550.9 187.0 0.145165753293
0.0625 8592.0 516.6 1745.3 110.8 0.257149282354
0.03125 4296.0 359.7 875.3 68.5 0.372668601744
0.015625 2147.8 249.4 439.6 43.2 0.465993450918
0.5 407513.0 1260.2 36642.1 1059.0 -0.113401552233
0.25 203756.7 1030.9 18319.4 595.0 0.0197018258647
0.125 101878.2 824.7 9200.3 341.2 0.156232376972
0.0625 50939.1 641.5 4553.8 198.7 0.304720612022
0.03125 25469.7 487.7 2306.2 118.0 0.421183489598
0.015625 12734.6 372.2 1163.8 70.1 0.515841068138
0.5 303355.6 1068.4 86175.9 2996.9 0.0291496191571
0.25 151677.7 834.1 43055.2 1694.0 0.128678060751
0.125 75838.9 605.7 21486.2 983.9 0.239184762392
0.0625 37919.7 439.6 10776.8 590.1 0.339690653763
0.03125 18959.9 301.9 5409.6 339.4 0.427611782732
0.015625 9479.7 198.2 2701.6 205.5 0.49527052791
0.5 18770.4 1029.7 1773.0 134.8 0.298117378928
0.25 9385.3 802.3 899.2 81.1 0.373658999137
0.125 4692.7 587.6 448.9 50.7 0.438372418033
0.0625 2346.2 429.0 216.3 31.4 0.514404065053
0.03125 1173.2 286.6 111.4 21.0 0.609833322431
0.015625 586.6 192.0 57.2 13.6 0.675639533295
0.5 149789.8 768.1 27287.5 1637.9 -0.274010675621
0.25 74895.0 608.8 13668.5 923.8 -0.146544492442
0.125 37447.6 467.0 6847.8 523.7 -0.0265406980057
0.0625 18723.7 348.9 3417.9 301.7 0.107846335427
0.03125 9361.9 257.0 1706.1 176.7 0.231622908371
0.015625 4680.9 184.9 854.2 106.8 0.3594859449
0.5 285768.8 868.7 25477.1 2357.8 -0.0453698895712
0.25 142884.4 698.7 12701.1 1306.1 0.0548802785187
0.125 71442.2 533.6 6393.6 736.0 0.158658707279
0.0625 35721.2 388.1 3177.0 428.4 0.260868406667
0.03125 17860.6 278.7 1614.5 244.2 0.349481833258
0.015625 8930.2 190.3 798.7 149.3 0.441544358257
0.5 21858.4 1202.7 2161.9 133.6 0.328492896681
0.25 10929.1 959.3 1059.6 80.0 0.395736227394
0.125 5464.4 724.8 539.0 49.6 0.48748381092
0.0625 2732.5 530.9 266.7 31.3 0.560306431812
0.03125 1366.1 364.9 133.7 20.5 0.594655747613
0.015625 683.1 248.9 71.5 13.3 0.681310103558
0.5 903059.8 682.6 163901.5 9110.1 -0.636750400704
0.25 451530.0 563.2 82015.1 5121.3 -0.491313127231
0.125 225765.1 445.3 41003.2 2928.1 -0.320749693116
0.0625 112882.5 353.4 20530.7 1698.7 -0.137592933198
0.03125 56441.2 276.4 10293.8 980.2 -0.00976004514772
0.015625 28220.6 214.6 5115.1 575.7 0.165433598104
0.5 543549.5 1169.6 72931.5 2735.0 -0.465215332058
0.25 271774.8 981.4 36546.2 1532.6 -0.342191701506
0.125 135887.3 790.9 18152.3 904.4 -0.175369426227
0.0625 67943.6 634.9 9101.7 522.3 -0.0486255268671
0.03125 33971.9 488.0 4572.0 306.1 0.0689878860635
0.015625 16986.0 377.1 2277.9 189.7 0.21053554958
0.5 322676.0 839.3 89314.8 3274.8 -0.212867831696
0.25 161337.9 670.8 44517.7 1815.6 -0.0915934950465
0.125 80669.1 508.1 22226.9 1063.9 0.0408694330096
0.0625 40334.4 376.6 11135.7 614.2 0.191374543946
0.03125 20167.3 270.3 5580.1 368.6 0.302211549629
0.015625 10083.8 192.8 2790.6 218.6 0.399792777702
0.5 411634.8 1728.2 36155.0 1003.8 0.0766708226014
0.25 205817.5 1425.9 18082.8 557.9 0.171360721538
0.125 102908.9 1127.3 8909.1 318.5 0.312064080766
0.0625 51454.2 863.7 4507.9 185.4 0.398162473189
0.03125 25727.2 644.7 2272.2 109.1 0.499982847485
0.015625 12863.5 467.3 1131.7 66.0 0.565149826444
0.5 32881.0 814.1 3593.2 249.2 -0.0374569793387
0.25 16440.5 651.9 1792.9 151.0 0.103468736588
0.125 8220.3 508.3 893.7 93.3 0.248867008524
0.0625 4110.1 381.3 448.0 58.9 0.374901496647
0.03125 2055.0 272.9 228.0 38.5 0.51344016763
0.015625 1027.5 190.2 110.3 25.2 0.598567146316
0.5 538635.4 1271.7 65561.8 2655.8 -0.15682397215
0.25 269317.7 1046.3 32668.8 1456.1 -0.0628110331805
0.125 134659.0 835.9 16391.2 838.0 0.0623346518974
0.0625 67329.4 661.0 8145.6 482.6 0.174043305835
0.03125 33664.8 510.1 4099.9 277.6 0.276207087499
0.015625 16832.4 386.7 2051.0 168.2 0.387505377929
0.5 18994.4 1306.1 3236.7 118.4 0.060759432404
0.25 9497.3 1021.6 1625.9 72.2 0.104532461778
0.125 4748.6 746.2 816.1 46.6 0.177783597351
0.0625 2374.3 525.1 403.1 30.5 0.294855318773
0.03125 1187.1 356.3 200.1 20.6 0.377935703741
0.015625 593.7 232.6 101.5 14.1 0.418753196742
0.5 208958.8 1397.6 18250.1 1832.3 0.0901530368415
0.25 104479.7 1122.9 9184.6 982.3 0.169501848103
0.125 52239.7 850.7 4570.7 578.4 0.276876102084
0.0625 26119.9 630.0 2283.7 331.8 0.37705820812
0.03125 13059.9 434.6 1131.4 201.0 0.465337871681
0.015625 6530.0 300.5 573.8 117.8 0.533788144203
0.5 16619.9 1351.0 1295.1 104.9 0.384698792233
0.25 8310.1 1067.8 655.8 64.2 0.472479424406
0.125 4155.1 782.3 328.1 39.8 0.53280702587
0.0625 2077.5 558.7 164.6 25.9 0.613988449381
0.03125 1038.8 379.5 79.6 16.5 0.654328405018
0.015625 519.3 238.8 43.8 11.5 0.696274255254
0.5 19234.9 1471.6 1278.1 103.1 0.490133579276
0.25 9617.6 1176.0 639.3 61.3 0.568914029557
0.125 4808.7 892.7 327.8 37.3 0.620390958761
0.0625 2404.4 646.4 163.3 23.5 0.689723289387
0.03125 1202.3 446.8 80.8 15.1 0.7009657058
0.015625 601.0 284.2 41.3 10.5 0.7354915055
0.5 18964.3 1132.8 1109.0 115.0 0.394236827942
0.25 9482.0 891.5 559.7 68.5 0.475131758481
0.125 4741.0 670.4 272.2 42.3 0.556305424702
0.0625 2370.6 484.0 137.3 26.8 0.641668670065
0.03125 1185.4 330.7 68.8 17.5 0.684799662204
0.015625 592.6 222.5 36.6 11.4 0.712342691714
0.5 22076.4 1020.5 2017.1 172.7 0.191395591683
0.25 11038.4 808.2 1013.0 103.9 0.299973006766
0.125 5519.2 612.1 505.8 63.9 0.40659536772
0.0625 2759.6 444.4 256.1 40.2 0.515115642151
0.03125 1379.9 308.0 129.6 25.8 0.616110682348
0.015625 689.9 214.2 61.5 16.7 0.689461228612
0.5 37997.5 1164.6 5123.6 270.0 0.137037729262
0.25 18998.7 945.2 2552.0 161.6 0.251560500298
0.125 9499.4 722.3 1298.4 97.5 0.34792595663
0.0625 4749.5 543.6 640.0 60.3 0.432252432425
0.03125 2375.0 383.4 317.7 37.7 0.517830965539
0.015625 1187.4 263.4 163.8 24.0 0.58533519798
0.5 24430.8 1348.2 2710.0 150.5 0.19770615813
0.25 12215.6 1062.7 1341.6 90.0 0.281353670458
0.125 6107.6 779.2 691.1 56.5 0.379148427952
0.0625 3053.9 553.8 343.2 36.4 0.484828731801
0.03125 1526.9 375.1 169.3 24.2 0.558198539347
0.015625 763.4 254.7 86.7 15.5 0.623367748371
0.5 25703.6 927.2 3408.9 241.2 0.250122307326
0.25 12851.7 743.7 1706.4 141.1 0.321274574332
0.125 6425.7 563.1 855.7 86.1 0.423015503297
0.0625 3212.9 409.9 429.6 52.0 0.46056451838
0.03125 1606.5 287.4 208.9 32.3 0.548532727089
0.015625 803.3 192.7 105.4 20.8 0.562847421911
0.5 40628.5 1473.1 3992.7 235.8 0.123681971581
0.25 20314.3 1180.7 2005.3 140.1 0.219454069045
0.125 10157.2 899.0 997.8 86.9 0.339699290069
0.0625 5078.6 650.1 505.1 55.8 0.442693094283
0.03125 2539.2 469.4 251.5 35.5 0.516157980153
0.015625 1269.6 315.6 125.0 23.5 0.586206053357
0.5 279340.4 1133.6 22338.9 2276.4 0.143219103012
0.25 139670.1 883.9 11186.8 1259.4 0.218463465894
0.125 69835.1 645.2 5573.7 700.9 0.304239797351
0.0625 34917.5 459.3 2799.7 410.4 0.397394002568
0.03125 17459.0 317.1 1399.5 233.3 0.437199160342
0.015625 8729.5 205.8 701.3 140.8 0.507388366757
0.5 52445.2 1075.8 11691.0 449.7 0.152452752487
0.25 26222.6 849.0 5854.3 253.0 0.219849928924
0.125 13111.4 630.9 2946.3 148.2 0.317587127056
0.0625 6555.7 459.3 1469.1 88.8 0.388521379881
0.03125 3277.8 316.8 728.9 53.9 0.455069828277
0.015625 1638.8 217.7 363.1 33.0 0.498502472803
0.5 15668.2 938.4 1817.6 146.6 0.22677896645
0.25 7834.0 734.9 916.3 88.5 0.32223037217
0.125 3917.1 541.2 467.0 54.7 0.418528250498
0.0625 1958.5 384.0 227.6 34.9 0.517380176001
0.03125 979.4 264.1 113.8 22.8 0.625060727834
0.015625 489.5 172.4 61.4 14.8 0.636990201411
0.5 69204.0 1495.6 10541.7 560.2 0.0972691871948
0.25 34602.1 1175.0 5271.9 315.2 0.190248490131
0.125 17300.9 895.8 2669.0 184.0 0.303423432425
0.0625 8650.5 639.6 1318.3 108.9 0.398844165861
0.03125 4325.3 443.7 657.9 67.3 0.502158294158
0.015625 2162.6 289.9 333.1 42.2 0.552599644067
0.5 25849.0 760.2 5211.4 267.2 -0.271622076916
0.25 12924.5 589.4 2630.2 161.8 -0.19473368894
0.125 6462.3 434.4 1315.2 100.5 -0.0531410677902
0.0625 3231.1 306.5 653.7 64.0 0.0704609215695
0.03125 1615.6 207.9 331.6 42.6 0.211291709096
0.015625 807.8 141.2 168.6 27.7 0.357128267214
0.5 16939.9 993.1 1644.9 129.3 0.288544292747
0.25 8470.1 779.5 797.2 77.6 0.377250650495
0.125 4235.0 575.3 414.3 48.8 0.464904670062
0.0625 2117.5 414.2 206.9 30.7 0.541097545548
0.03125 1058.8 285.5 105.8 19.8 0.58375278328
0.015625 529.4 190.7 54.7 13.2 0.643693725098
0.5 22321.6 1200.2 2042.7 186.1 0.0824975204026
0.25 11160.8 945.4 1024.3 111.5 0.188640973223
0.125 5580.3 697.6 505.4 70.6 0.339329434145
0.0625 2790.2 496.3 258.3 45.6 0.453663302991
0.03125 1395.1 348.5 125.4 29.1 0.569656673653
0.015625 697.6 227.3 65.0 19.3 0.619200319016
0.5 534293.8 1166.4 76066.5 2744.1 -0.59624235851
0.25 267147.0 920.0 38070.6 1579.5 -0.478134428834
0.125 133573.5 693.7 19012.1 937.6 -0.318526306169
0.0625 66786.7 508.9 9520.2 565.8 -0.163488010851
0.03125 33393.3 357.1 4773.9 341.2 -0.00787476722383
0.015625 16696.7 242.1 2360.4 224.6 0.168006822844
0.5 18056.0 1127.4 2440.8 142.3 0.275610193521
0.25 9028.1 872.2 1234.1 86.4 0.357070574753
0.125 4514.1 653.5 608.6 52.9 0.450573832762
0.0625 2257.1 461.8 306.7 34.3 0.527990514363
0.03125 1128.4 318.4 154.2 21.7 0.594291621534
0.015625 564.1 202.7 76.4 14.4 0.627746873077
0.5 152307.7 1221.7 31860.1 1789.1 0.0990761288935
0.25 76154.0 967.5 15911.7 1021.4 0.204291747772
0.125 38077.1 737.1 7951.4 560.8 0.280539805284
0.0625 19038.4 532.8 3979.7 319.2 0.379565270371
0.03125 9519.3 367.0 1990.9 190.7 0.433560556815
0.015625 4759.5 242.7 1004.7 117.0 0.548042845064
0.5 20031.4 814.0 2318.7 194.3 0.171139900061
0.25 10015.6 644.1 1160.8 115.3 0.26891645465
0.125 5007.7 494.5 582.9 70.2 0.353939029416
0.0625 2503.9 359.9 293.0 44.6 0.47507269838
0.03125 1252.0 253.0 154.9 28.4 0.518025451368
0.015625 626.1 173.6 73.3 18.1 0.617982526934
0.5 67246.9 742.3 11792.5 643.2 -0.0899543750649
0.25 33623.5 587.9 5927.2 362.8 0.0172754789598
0.125 16811.7 455.0 2937.6 211.5 0.153266177284
0.0625 8406.1 339.7 1472.6 123.5 0.2459590093
0.03125 4202.9 240.5 733.4 75.9 0.370884547002
0.015625 2101.4 171.9 374.4 47.0 0.48607093529
0.5 26640.6 1158.2 2475.0 188.9 0.1153447335
0.25 13320.4 905.9 1259.2 115.5 0.23841254635
0.125 6660.1 691.9 637.3 71.2 0.357169774558
0.0625 3330.2 497.9 308.1 46.0 0.464907728627
0.03125 1665.0 346.5 156.2 30.2 0.578736143919
0.015625 832.4 235.6 86.1 19.1 0.655872863896
0.5 67668.0 1011.7 10953.4 604.6 0.0217696063732
0.25 33834.0 807.1 5464.7 341.0 0.112109942024
0.125 16917.1 617.2 2735.1 197.5 0.244140078613
0.0625 8458.4 455.7 1368.2 115.4 0.344198777604
0.03125 4229.1 324.3 688.3 70.8 0.443110387126
0.015625 2114.7 221.0 348.0 43.7 0.540828586146
0.5 39488.7 1351.0 5033.0 208.7 -0.087644570782
0.25 19744.4 1067.6 2513.3 126.3 0.00175342377835
0.125 9872.2 782.9 1262.1 81.2 0.121347272773
0.0625 4936.2 566.1 623.7 52.6 0.211909114941
0.03125 2468.1 393.1 313.6 34.9 0.328445010123
0.015625 1234.0 260.3 156.2 23.9 0.447267599203
0.5 38724.2 1258.2 4660.6 256.7 0.155298100327
0.25 19361.9 995.8 2370.6 152.7 0.247259957826
0.125 9681.2 747.3 1175.8 94.2 0.358769991115
0.0625 4840.5 542.5 579.4 57.2 0.446375697482
0.03125 2420.3 372.5 287.9 36.7 0.526798209676
0.015625 1210.2 253.6 148.0 23.6 0.591264311355
0.5 31433.1 943.6 4468.9 269.4 -0.0876083122552
0.25 15716.4 752.5 2234.9 159.6 0.0376979749771
0.125 7858.4 580.4 1123.2 97.4 0.164913449425
0.0625 3929.1 428.5 575.5 60.0 0.276768162279
0.03125 1964.6 305.3 281.1 39.0 0.421824269919
0.015625 982.3 212.7 142.5 25.0 0.460916605725
0.5 67604.9 1424.9 11619.4 521.7 0.0432190675382
0.25 33802.5 1134.0 5849.9 309.4 0.177673076313
0.125 16901.2 878.4 2902.0 177.8 0.294853197022
0.0625 8450.5 666.4 1471.8 104.7 0.416199580541
0.03125 4225.3 476.1 732.3 63.6 0.493496088458
0.015625 2112.8 336.6 365.8 39.4 0.576386136057
0.5 22957.9 1326.7 1791.3 128.4 0.404083270431
0.25 11479.1 1061.4 888.7 76.4 0.476387430011
0.125 5739.4 804.6 442.8 47.1 0.562133776863
0.0625 2869.7 592.3 223.3 29.4 0.619511712424
0.03125 1435.0 409.7 110.7 19.3 0.679442836362
0.015625 717.3 276.4 56.0 12.3 0.714748527118
0.5 24756.9 1103.9 2886.9 188.6 0.211817451923
0.25 12378.4 876.3 1427.9 111.9 0.314039724682
0.125 6189.4 660.0 725.6 68.3 0.390383586334
0.0625 3094.6 470.9 375.1 43.9 0.503237909676
0.03125 1547.4 335.4 179.6 27.1 0.564823467223
0.015625 773.5 220.1 94.1 17.9 0.608425470872
0.5 311747.2 945.1 87571.8 3174.3 -0.0181527285664
0.25 155873.6 759.4 43835.3 1791.2 0.0626324488231
0.125 77936.9 572.2 21892.4 1034.9 0.191910858253
0.0625 38968.5 409.6 10959.0 634.0 0.302388797691
0.03125 19484.2 292.9 5465.9 362.2 0.382368621353
0.015625 9742.1 196.8 2746.5 209.6 0.504772590231
0.5 34022.7 1144.7 3236.9 208.3 0.0280414797327
0.25 17011.5 901.5 1599.9 128.3 0.138492823267
0.125 8505.7 671.3 811.7 80.5 0.257261833787
0.0625 4252.7 479.9 406.6 52.3 0.389492381433
0.03125 2126.4 325.6 206.7 35.2 0.518849571927
0.015625 1063.3 225.6 102.7 22.2 0.589083473027
0.5 145051.5 1018.9 36579.4 1742.6 -0.150214631715
0.25 72525.8 797.6 18302.1 1030.9 -0.0233006068567
0.125 36262.9 606.3 9125.4 598.2 0.113108372744
0.0625 18131.5 441.7 4579.1 358.0 0.231535109819
0.03125 9065.7 313.4 2281.5 213.7 0.360686487374
0.015625 4532.8 213.9 1150.3 134.9 0.467311776828
0.5 308516.5 1111.3 86505.1 3050.5 -0.057725852683
0.25 154258.4 873.9 43168.5 1733.5 0.0518904820763
0.125 77129.1 654.2 21611.5 1017.6 0.170105250042
0.0625 38564.6 474.5 10813.9 586.7 0.285452958141
0.03125 19282.4 331.1 5410.8 342.2 0.375279581369
0.015625 9641.2 224.2 2694.1 201.3 0.453836634696
0.5 19572.0 1126.4 1847.7 146.4 0.12452773855
0.25 9786.0 870.9 915.3 89.3 0.236244221959
0.125 4893.1 651.6 459.8 55.9 0.361525259401
0.0625 2446.4 468.9 230.7 35.6 0.460654627602
0.03125 1223.3 315.9 114.8 23.3 0.535078692237
0.015625 611.7 210.5 59.8 15.4 0.612143137228
0.5 26909.4 1511.3 3925.2 189.6 0.280653597598
0.25 13454.6 1202.0 1986.2 112.2 0.376929791903
0.125 6727.5 904.1 992.4 70.0 0.466502193746
0.0625 3363.5 641.7 502.9 44.8 0.547523341353
0.03125 1681.8 446.5 243.4 27.0 0.604561346147
0.015625 840.9 293.3 123.1 17.7 0.660986552394
0.5 33175.2 1470.0 3541.0 189.7 0.0275009686026
0.25 16587.6 1177.1 1785.3 113.9 0.130090533914
0.125 8293.7 906.9 877.0 71.3 0.27143173523
0.0625 4146.8 660.6 446.7 45.7 0.391952415812
0.03125 2073.4 463.0 219.1 29.7 0.521523196368
0.015625 1036.9 313.2 111.7 19.7 0.598776478283
0.5 22454.1 1291.7 2340.2 141.3 0.284014174821
0.25 11227.1 1031.8 1156.7 84.7 0.389205403619
0.125 5613.5 769.9 573.7 53.0 0.511838890254
0.0625 2806.8 557.2 287.9 33.8 0.600228722282
0.03125 1403.4 382.7 149.2 21.6 0.654207915789
0.015625 701.7 253.4 73.0 14.4 0.69185745681
0.5 356433.7 880.0 95255.5 3473.6 -0.294810385388
0.25 178216.8 719.3 47519.4 1948.2 -0.154457535469
0.125 89108.8 548.2 23849.0 1159.5 0.033494976644
0.0625 44554.2 417.5 11950.4 670.8 0.174531494911
0.03125 22277.0 303.5 5979.4 400.0 0.304092058608
0.015625 11138.6 224.7 2976.2 242.2 0.385555660068
0.5 25679.9 1251.9 3835.3 191.4 0.307164694869
0.25 12839.8 1005.8 1914.8 112.4 0.375087549085
0.125 6419.9 754.4 971.2 69.3 0.464862503506
0.0625 3209.9 552.3 477.2 42.8 0.532567986261
0.03125 1605.1 382.6 242.3 27.8 0.583890280424
0.015625 802.5 256.6 120.4 17.8 0.65938941954
0.5 35066.1 1342.7 4957.7 293.6 0.0474144375053
0.25 17533.1 1053.1 2469.1 172.1 0.140976512319
0.125 8766.7 798.7 1238.5 103.0 0.237061756293
0.0625 4383.1 576.3 618.2 64.0 0.318764977394
0.03125 2191.8 398.6 313.4 41.0 0.415537168872
0.015625 1096.0 269.3 160.6 25.8 0.468752128591
0.5 24190.2 1374.7 2803.5 183.1 0.161054067148
0.25 12095.1 1081.4 1408.7 111.1 0.266384940649
0.125 6047.6 804.5 693.7 68.7 0.379234150959
0.0625 3023.9 588.5 355.0 43.1 0.479612672151
0.03125 1511.9 407.0 169.3 27.5 0.566001153712
0.015625 755.9 265.4 84.3 18.3 0.636633680642
0.5 30946.8 1253.1 5143.4 236.8 -0.0438257940644
0.25 15473.5 1009.3 2539.5 140.4 0.0647513836309
0.125 7736.7 763.2 1267.0 88.2 0.203554324445
0.0625 3868.5 544.9 640.2 57.1 0.335378422022
0.03125 1934.2 389.1 315.4 36.4 0.446770160653
0.015625 967.1 258.5 153.9 23.9 0.547782260612
0.5 53953.5 919.9 11578.0 484.3 0.108447746772
0.25 26976.7 738.4 5799.5 274.4 0.20484525244
0.125 13488.1 566.8 2895.2 158.0 0.307872001625
0.0625 6744.1 420.0 1464.6 94.2 0.371242190729
0.03125 3372.2 296.1 735.7 58.4 0.497257238467
0.015625 1686.0 202.2 368.0 36.8 0.537809990254
0.5 17339.2 1098.7 1711.9 123.4 0.187623292519
0.25 8669.7 864.6 849.0 75.5 0.283019897662
0.125 4334.8 634.8 430.4 48.6 0.400529206953
0.0625 2167.5 450.6 219.2 31.6 0.491311439959
0.03125 1083.6 306.6 110.8 21.1 0.617635270174
0.015625 541.8 199.0 58.6 14.2 0.589897878173
0.5 30064.3 1373.4 3705.5 229.1 0.243496212516
0.25 15032.3 1068.0 1847.1 139.1 0.339530399567
0.125 7516.1 820.2 921.8 86.0 0.432114809541
0.0625 3758.1 589.0 468.7 53.0 0.520375266472
0.03125 1879.1 395.0 232.3 33.6 0.566546549098
0.015625 939.4 267.3 113.9 20.9 0.648799085708
0.5 24657.5 1202.3 2144.3 187.2 0.1030914626
0.25 12328.7 939.6 1077.6 114.1 0.211258597635
0.125 6164.3 702.4 534.8 70.8 0.353055048511
0.0625 3082.2 513.3 268.0 44.2 0.444708087991
0.03125 1541.1 347.3 141.7 29.4 0.554149599627
0.015625 770.4 237.9 71.7 19.2 0.625246863731
0.5 20999.3 1414.0 1533.3 129.8 0.276551309814
0.25 10499.8 1106.2 770.6 79.6 0.383909656381
0.125 5249.7 829.4 387.5 50.2 0.488215846
0.0625 2624.9 594.4 194.9 31.9 0.580446172707
0.03125 1312.6 410.2 97.6 20.5 0.649093871372
0.015625 656.3 268.2 48.4 13.9 0.693818421069
0.5 20110.3 984.3 1790.6 150.4 0.221329667005
0.25 10055.1 762.9 902.6 91.2 0.327141115092
0.125 5027.6 572.6 455.6 56.8 0.425177378202
0.0625 2513.9 414.6 229.6 35.5 0.510180871071
0.03125 1256.9 287.7 114.9 23.3 0.599970355647
0.015625 628.3 192.2 55.4 15.4 0.65117330215
0.5 31264.0 1859.0 3974.7 135.7 0.146182499995
0.25 15632.0 1466.3 2007.9 82.8 0.220631241457
0.125 7816.1 1092.2 999.1 52.7 0.31414461285
0.0625 3908.1 775.1 503.2 34.7 0.385898243412
0.03125 1953.9 523.8 251.1 23.4 0.487467853208
0.015625 976.9 344.9 129.0 15.9 0.530788388894
0.5 418175.4 1177.6 53330.0 3932.1 -0.24604393157
0.25 209087.8 945.3 26669.4 2186.8 -0.147041004115
0.125 104543.9 729.7 13397.9 1258.8 -0.0442069658908
0.0625 52272.0 539.3 6691.5 714.7 0.0620426620586
0.03125 26136.0 384.6 3337.8 407.9 0.175801605582
0.015625 13068.0 269.5 1665.2 244.7 0.283514508225
0.5 20645.9 1090.9 2707.3 141.6 0.264564680555
0.25 10323.0 873.7 1340.1 84.3 0.358202405112
0.125 5161.4 655.1 665.4 52.9 0.443988495763
0.0625 2580.9 477.7 335.0 33.3 0.521781917365
0.03125 1290.5 329.1 163.8 21.4 0.588322247032
0.015625 645.0 216.5 86.1 14.5 0.645309976549
0.5 22154.1 1083.0 2261.0 181.4 0.108731022074
0.25 11077.1 849.3 1126.0 109.8 0.220248860946
0.125 5538.6 631.0 562.5 67.9 0.309803704436
0.0625 2769.2 456.0 278.3 43.5 0.444692171543
0.03125 1384.7 320.0 141.5 27.8 0.535235226064
0.015625 692.2 213.3 71.1 18.3 0.591154667336
0.5 54465.8 843.3 12382.4 502.0 -0.212763280166
0.25 27233.0 656.0 6158.4 287.5 -0.111165952135
0.125 13616.3 503.8 3087.6 164.7 0.00119159227582
0.0625 6808.2 362.3 1530.7 101.4 0.136644869557
0.03125 3404.1 251.1 774.1 63.6 0.233774613524
0.015625 1702.2 172.9 396.2 40.0 0.363322814048
0.5 531446.6 1224.1 78524.2 2795.6 -0.524781250026
0.25 265723.2 983.6 39266.2 1615.5 -0.39285363906
0.125 132861.6 759.1 19634.8 941.5 -0.259237662195
0.0625 66430.7 569.3 9796.5 569.8 -0.144358011555
0.03125 33215.4 401.3 4927.5 348.6 0.00148889206059
0.015625 16607.7 282.0 2476.3 221.5 0.110898130743
0.5 231926.6 991.6 30877.1 2534.0 -0.268491028822
0.25 115963.3 776.7 15462.4 1412.8 -0.146783032697
0.125 57981.8 587.2 7723.0 819.8 0.00215483570976
0.0625 28990.8 432.5 3855.0 475.6 0.136088487724
0.03125 14495.4 309.3 1947.5 286.6 0.285607979073
0.015625 7247.7 215.2 979.5 173.3 0.423353192771
0.5 82497.9 1114.1 13480.0 685.0 -0.145897582164
0.25 41248.9 899.0 6767.3 382.6 -0.0250033254061
0.125 20624.6 694.9 3409.1 225.1 0.100390083031
0.0625 10312.3 515.9 1712.2 131.9 0.235035129469
0.03125 5156.0 367.8 837.5 84.4 0.394764826862
0.015625 2578.0 260.2 425.4 50.7 0.441686151547
0.5 34954.7 1071.8 4524.5 262.0 0.117886937961
0.25 17477.3 853.8 2247.6 155.1 0.205706861696
0.125 8738.5 656.4 1133.8 93.6 0.320663474806
0.0625 4369.4 481.5 570.3 58.8 0.427683959011
0.03125 2184.7 342.2 284.9 37.4 0.533458029916
0.015625 1092.3 228.4 141.4 24.2 0.628352424072
