0.5 10678.4 826.0 1723.5 902.3 0.985021743411
0.25 5339.2 636.0 842.6 562.9 0.986320849641
0.125 2669.6 458.6 438.2 310.1 0.983970837631
0.0625 1334.9 308.6 207.2 174.4 0.981683491988
0.03125 667.4 201.4 111.6 105.9 0.97172241106
0.015625 333.6 126.1 53.6 52.1 0.962234899662
0.5 10198.0 1015.6 895.0 946.1 0.987460038968
0.25 5099.0 763.1 445.8 729.4 0.98698503703
0.125 2549.6 551.1 224.9 333.8 0.99015093403
0.0625 1274.8 371.6 112.8 207.0 0.987599830446
0.03125 637.4 245.2 56.7 101.7 0.978814803852
0.015625 318.8 148.3 30.8 46.1 0.978651912575
0.5 12674.2 954.5 959.2 1513.9 0.992107519734
0.25 6337.3 750.1 477.2 778.0 0.992168929968
0.125 3168.5 558.3 240.4 416.2 0.98995998434
0.0625 1584.4 391.5 125.8 271.8 0.987145066676
0.03125 792.1 266.8 59.1 122.4 0.987731782141
0.015625 396.1 165.6 33.7 367.2 0.713165990288
0.5 9083.3 893.1 785.9 1136.9 0.993099860413
0.25 4541.5 666.1 376.2 727.7 0.99101288767
0.125 2270.9 467.6 190.1 484.7 0.988907456718
0.0625 1135.6 322.1 98.4 193.9 0.990960175683
0.03125 567.7 209.5 48.9 82.8 0.985099344794
0.015625 283.9 136.8 24.7 35.7 0.972804421568
0.5 12164.8 914.9 3253.1 675.0 0.983468686248
0.25 6082.3 666.1 1614.7 488.1 0.98381861154
0.125 3041.4 459.4 834.0 359.8 0.986758902747
0.0625 1520.5 297.1 405.8 283.5 0.920765716894
0.03125 760.3 188.8 205.4 195.5 0.98181964289
0.015625 380.2 111.0 101.8 88.1 0.959048653537
0.5 11300.3 868.7 2148.0 839.5 0.984565392508
0.25 5650.2 667.7 1081.1 563.7 0.983476238199
0.125 2825.1 499.0 533.2 359.4 0.983961646425
0.0625 1412.6 345.9 275.2 200.0 0.983139166216
0.03125 706.4 221.9 139.2 118.3 0.97898974018
0.015625 353.0 146.7 66.5 51.4 0.970797045962
0.5 7277.0 838.9 549.7 567.5 0.984685006075
0.25 3638.4 638.6 269.1 372.6 0.986604339821
0.125 1819.3 454.0 134.9 189.9 0.988588870353
0.0625 909.6 302.9 71.2 93.1 0.984807564329
0.03125 454.7 194.4 32.4 43.0 0.979473366483
0.015625 227.5 121.9 17.9 29.2 0.955196250066
0.5 12118.8 1018.0 1761.7 984.7 0.986323694066
0.25 6059.3 778.3 878.6 605.5 0.986621265568
0.125 3029.8 548.1 450.6 365.6 0.983835203568
0.0625 1515.0 382.8 224.7 226.2 0.977098042631
0.03125 757.4 252.0 110.1 120.2 0.975955904823
0.015625 378.5 152.9 53.3 139.9 0.883214755155
0.5 16480.1 972.0 4781.8 897.3 0.983295882066
0.25 8240.1 759.5 2366.2 607.2 0.985626345254
0.125 4120.1 557.4 1174.2 463.8 0.988645718954
0.0625 2059.9 384.7 594.7 283.5 0.981910175418
0.03125 1030.1 250.8 293.4 188.6 0.979745609789
0.015625 515.1 155.5 146.7 94.3 0.97560532411
0.5 12071.5 1274.5 1465.3 736.1 0.987925072411
0.25 6035.7 985.9 708.1 445.9 0.988049596116
0.125 3018.0 714.3 355.0 206.7 0.985422916286
0.0625 1509.0 498.9 175.7 111.8 0.983100816065
0.03125 754.4 328.8 88.8 53.6 0.981109594766
0.015625 377.3 199.8 44.8 30.2 0.974715091908
0.5 10553.0 1126.6 1079.7 738.7 0.992210869823
0.25 5276.4 864.6 521.1 411.2 0.991875322326
0.125 2638.2 626.1 261.4 246.5 0.991300485054
0.0625 1319.1 434.8 136.5 115.9 0.98617434852
0.03125 659.6 283.2 67.3 60.0 0.98064391371
0.015625 329.7 176.5 34.1 29.7 0.976393482022
0.5 17074.6 1157.6 4520.3 1003.5 0.981697855096
0.25 8537.3 869.8 2253.6 660.4 0.98153062161
0.125 4268.6 637.5 1141.7 447.2 0.980767321363
0.0625 2134.3 431.6 561.5 316.8 0.982571159625
0.03125 1067.3 280.8 278.0 208.0 0.979646971339
0.015625 533.5 175.6 139.7 110.7 0.887264500921
0.5 16147.8 1269.6 2762.2 1206.3 0.988929777128
0.25 8073.7 968.1 1387.7 660.3 0.988061567836
0.125 4037.0 710.8 699.3 412.1 0.987623022072
0.0625 2018.6 487.3 349.1 256.5 0.985844464117
0.03125 1009.3 322.6 169.2 124.1 0.979742060759
0.015625 504.6 194.7 87.0 116.6 0.92941348618
0.5 11253.4 913.6 1648.8 1028.3 0.991478650999
0.25 5626.8 704.5 817.0 604.6 0.992139744384
0.125 2813.4 513.6 407.9 275.7 0.988430959432
0.0625 1406.7 351.9 211.2 170.0 0.98652632825
0.03125 703.3 236.7 102.0 94.0 0.980995844698
0.015625 351.8 149.0 51.7 58.0 0.98217259132
0.5 12578.1 1212.6 1655.1 881.2 0.991204713718
0.25 6289.0 947.1 835.5 484.1 0.990974328489
0.125 3144.6 696.6 406.6 238.0 0.984482932559
0.0625 1572.3 480.5 209.6 117.6 0.984279901365
0.03125 786.2 319.4 106.1 55.9 0.973161921613
0.015625 393.1 201.2 50.6 26.9 0.965144476969
0.5 13830.9 1121.5 2236.9 1064.9 0.989782642737
0.25 6915.5 872.1 1104.4 679.7 0.991131306539
0.125 3457.8 624.9 556.9 373.5 0.985246623824
0.0625 1728.9 437.5 282.8 210.7 0.984077800105
0.03125 864.5 280.7 141.3 116.7 0.981317661859
0.015625 432.2 179.2 73.9 59.3 0.972127456522
0.5 10136.5 852.9 1235.3 1105.2 0.988174201238
0.25 5068.3 653.8 624.0 728.1 0.991428628994
0.125 2534.2 475.4 322.7 381.0 0.986019827026
0.0625 1267.2 322.8 156.0 191.2 0.986172753759
0.03125 633.6 215.3 84.3 112.3 0.977205335958
0.015625 316.8 134.6 40.0 54.7 0.890155685585
0.5 14203.5 1211.3 2070.8 887.1 0.985837872577
0.25 7101.8 943.6 1037.6 534.0 0.986163518662
0.125 3551.0 683.3 514.5 340.5 0.987688501458
0.0625 1775.5 482.8 259.6 175.4 0.981376675543
0.03125 887.7 314.5 133.2 102.5 0.979090718317
0.015625 443.8 196.0 67.7 50.6 0.972674187285
0.5 6324.7 759.4 1208.0 445.5 0.981920927026
0.25 3162.2 560.5 601.7 308.4 0.983946506848
0.125 1581.2 385.6 299.0 171.9 0.975788565655
0.0625 790.6 254.9 147.0 133.8 0.902276028488
0.03125 395.3 158.5 81.4 65.2 0.966612421904
0.015625 197.7 98.1 36.1 32.1 0.961478325228
0.5 11986.4 950.6 1985.8 1020.4 0.991582161053
0.25 5993.3 746.5 984.1 617.3 0.989219144397
0.125 2996.7 541.5 498.2 340.3 0.988392146464
0.0625 1498.4 377.4 252.8 167.2 0.984296770601
0.03125 749.2 252.1 122.0 96.0 0.975710812354
0.015625 374.6 156.7 67.2 46.1 0.97347741694
0.5 12189.4 946.3 1615.3 978.0 0.98929916975
0.25 6094.7 721.4 795.4 580.3 0.989167290645
0.125 3047.4 541.6 400.7 355.8 0.987618778995
0.0625 1523.6 377.0 197.0 158.3 0.984302796169
0.03125 761.9 248.6 101.9 94.9 0.9753598568
0.015625 380.8 158.1 47.7 49.4 0.981204607203
0.5 12348.6 1208.4 933.0 1040.8 0.990219262589
0.25 6174.1 935.6 466.7 756.5 0.991766460448
0.125 3087.3 691.4 232.3 430.2 0.986888934194
0.0625 1543.6 470.6 121.5 208.6 0.983945510686
0.03125 771.8 302.2 61.3 195.0 0.92760791756
0.015625 385.8 196.2 29.6 50.3 0.972156990601
0.5 11749.0 924.1 1695.3 1178.1 0.986590068895
0.25 5874.4 695.4 859.5 747.8 0.987233506026
0.125 2937.1 494.6 435.8 464.5 0.98276439969
0.0625 1468.8 340.5 219.3 244.0 0.983082720098
0.03125 734.3 216.3 107.9 144.2 0.973401962978
0.015625 367.1 139.3 61.0 57.9 0.969921465799
0.5 14686.5 1385.8 1933.0 866.4 0.98966223868
0.25 7343.2 1070.8 972.1 556.3 0.990292136549
0.125 3671.8 778.7 493.1 312.3 0.987166596446
0.0625 1835.8 531.6 249.7 154.2 0.982583624774
0.03125 918.0 347.1 120.9 97.3 0.973360280462
0.015625 458.9 214.7 61.1 41.4 0.976462753646
0.5 14115.3 1400.5 1524.7 731.7 0.989859581684
0.25 7057.6 1104.0 763.1 428.1 0.985848809476
0.125 3528.8 805.3 385.2 238.5 0.985271662071
0.0625 1764.4 557.7 188.1 123.9 0.97953390656
0.03125 882.3 365.5 99.7 76.1 0.975880293564
0.015625 441.1 230.0 46.5 40.3 0.875924096911
0.5 12124.9 1090.9 1544.9 837.7 0.990494753805
0.25 6062.6 843.4 765.3 494.0 0.98976245003
0.125 3031.4 613.1 379.9 271.6 0.987025972663
0.0625 1515.6 427.9 198.3 170.3 0.987999856668
0.03125 757.7 284.7 95.3 96.1 0.981789248164
0.015625 378.9 173.0 50.1 53.3 0.981454919919
0.5 9684.8 977.9 1694.7 698.8 0.990378923668
0.25 4842.3 745.0 846.3 421.2 0.989298841543
0.125 2421.1 538.3 426.4 236.0 0.985540867022
0.0625 1210.6 362.2 215.8 113.4 0.98164567445
0.03125 605.3 240.3 103.9 53.5 0.974696052554
0.015625 302.6 147.0 52.3 30.3 0.975546949717
0.5 10712.9 909.6 1585.8 972.2 0.988414038393
0.25 5356.6 698.0 798.2 649.7 0.993284930471
0.125 2678.1 516.2 400.2 374.5 0.989819082021
0.0625 1339.2 347.4 200.9 190.6 0.986449439997
0.03125 669.5 230.2 100.8 92.3 0.9820594841
0.015625 334.8 143.3 52.9 61.3 0.956425590761
0.5 12444.1 1075.8 1366.4 1133.0 0.990049241658
0.25 6222.2 827.4 695.1 720.1 0.989656759146
0.125 3111.1 598.3 338.3 441.0 0.987771587035
0.0625 1555.6 410.5 169.2 220.4 0.988737036675
0.03125 777.7 275.0 83.8 170.0 0.980736020809
0.015625 388.9 172.8 43.4 70.3 0.979526303515
0.5 7878.0 967.3 1069.3 453.0 0.980237774802
0.25 3938.8 721.3 529.0 288.6 0.985149156615
0.125 1969.4 501.5 269.3 167.6 0.985651858266
0.0625 984.9 333.4 132.4 114.8 0.982858925849
0.03125 492.4 212.7 66.5 56.5 0.966687772035
0.015625 246.1 127.6 35.0 30.3 0.973885035621
0.5 10312.1 882.3 2105.1 649.4 0.982505969068
0.25 5156.2 663.4 1051.9 400.8 0.981700763179
0.125 2578.0 475.1 521.3 268.3 0.977574105772
0.0625 1289.0 322.6 269.4 168.1 0.974327532695
0.03125 644.6 211.2 134.5 84.1 0.963212595799
0.015625 322.4 135.5 64.5 40.0 0.902913511819
0.5 11457.1 870.4 1817.9 970.5 0.987828183208
0.25 5728.4 666.7 911.5 577.1 0.990006727627
0.125 2864.3 488.7 451.0 305.2 0.98687095102
0.0625 1432.3 338.1 227.3 174.2 0.98393403809
0.03125 716.1 227.4 113.3 88.1 0.979563566404
0.015625 357.9 143.3 58.6 46.1 0.961189015705
0.5 10247.5 1094.1 881.2 698.4 0.985292283207
0.25 5123.8 834.4 429.9 420.0 0.984821896609
0.125 2562.0 596.3 216.9 229.4 0.982519064812
0.0625 1281.0 398.2 111.3 148.0 0.983372547297
0.03125 640.3 261.0 59.6 75.3 0.924389930535
0.015625 320.3 160.4 26.5 1358.7 0.624141506725
0.5 10706.4 805.1 2487.2 739.6 0.984692099684
0.25 5353.3 618.4 1233.5 563.1 0.986066247281
0.125 2676.4 451.3 618.8 323.0 0.990827678686
0.0625 1338.2 309.3 313.7 182.1 0.985052505286
0.03125 669.2 205.5 153.3 102.4 0.982881491928
0.015625 334.6 132.3 75.9 39.3 0.963875030102
0.5 10942.4 1032.3 1115.8 964.1 0.989506460517
0.25 5471.2 778.1 558.8 681.4 0.990889884771
0.125 2735.7 566.2 279.4 375.0 0.989296341495
0.0625 1367.9 387.0 140.7 155.6 0.983778189715
0.03125 684.0 256.0 73.2 111.0 0.979620526474
0.015625 341.9 163.3 36.2 68.3 0.948141675292
0.5 11926.3 1320.7 656.7 802.3 0.99220722172
0.25 5963.1 1013.2 329.7 481.7 0.991568483377
0.125 2981.5 722.2 167.8 248.2 0.987024033019
0.0625 1490.9 500.5 84.9 127.4 0.985061782967
0.03125 745.4 334.4 41.3 62.0 0.982663998886
0.015625 372.7 204.9 22.4 34.8 0.982458241555
0.5 18105.3 963.1 4474.5 1182.0 0.982314149617
0.25 9052.8 746.9 2231.9 726.4 0.981882692401
0.125 4526.4 547.0 1105.8 649.0 0.984213648896
0.0625 2263.1 379.0 567.4 292.6 0.978318303201
0.03125 1131.6 261.0 280.1 193.8 0.977668402074
0.015625 565.8 165.4 133.8 99.4 0.946543562182
0.5 13486.1 1166.9 1629.1 685.2 0.980970762238
0.25 6743.1 893.2 813.9 416.6 0.981488781722
0.125 3371.5 654.7 400.8 248.2 0.976601171092
0.0625 1685.7 441.3 205.9 169.5 0.975560356385
0.03125 842.9 286.7 107.4 97.4 0.974122303395
0.015625 421.4 186.4 51.2 48.9 0.956033285041
0.5 9112.8 779.6 1734.5 554.2 0.978744518103
0.25 4556.3 572.7 877.6 376.8 0.982444676886
0.125 2278.3 401.1 424.8 352.7 0.930512709146
0.0625 1139.1 262.0 224.7 153.1 0.950971644655
0.03125 569.4 163.5 112.6 106.7 0.969757942507
0.015625 284.8 99.0 57.9 54.3 0.971652791759
0.5 12069.1 1123.7 1347.1 952.1 0.985121524853
0.25 6034.4 851.4 675.4 634.5 0.987040004885
0.125 3017.2 599.3 339.2 353.9 0.987978780472
0.0625 1508.7 410.1 164.4 199.8 0.9832038273
0.03125 754.3 265.4 82.8 107.6 0.978270779412
0.015625 377.3 165.1 42.8 90.0 0.924673562884
0.5 16917.2 1130.9 3616.4 954.2 0.989166973159
0.25 8458.6 879.9 1807.2 593.1 0.987147789292
0.125 4229.4 652.7 909.3 353.5 0.981144450481
0.0625 2114.6 449.8 453.6 320.6 0.97823170445
0.03125 1057.3 294.2 227.3 196.1 0.968851651411
0.015625 528.6 188.8 115.4 111.4 0.982256507006
0.5 10798.3 1115.2 863.0 1033.3 0.989226738079
0.25 5399.3 842.5 438.3 625.8 0.988227324722
0.125 2699.5 602.7 222.4 302.3 0.987748956529
0.0625 1349.8 415.7 108.3 207.7 0.989801298214
0.03125 674.7 267.3 58.5 101.5 0.979711872
0.015625 337.6 165.1 27.3 41.9 0.935888984255
0.5 14552.1 1042.4 2834.1 1153.1 0.985936935992
0.25 7276.0 801.9 1429.0 692.3 0.982208396921
0.125 3638.1 583.9 711.4 561.3 0.983440577923
0.0625 1819.0 407.1 353.0 296.5 0.977867967498
0.03125 909.5 262.7 175.5 178.6 0.937613171702
0.015625 454.8 162.0 89.4 57.7 0.951559097453
0.5 8474.1 893.4 839.6 763.3 0.989182596083
0.25 4237.2 672.8 421.5 454.6 0.988099183844
0.125 2118.7 481.5 210.3 245.2 0.988554276228
0.0625 1059.4 333.3 105.7 134.4 0.981894593636
0.03125 529.7 215.9 52.1 64.0 0.968041357739
0.015625 264.8 136.3 25.3 762.0 0.499503141319
0.5 18416.2 1207.7 3801.6 1092.9 0.986143578432
0.25 9208.0 951.7 1901.6 670.8 0.982747788961
0.125 4604.2 686.1 950.5 412.2 0.98
0.5 14612.9 1180.3 2741.8 867.8 0.986349950092
0.25 7306.4 903.2 1380.0 552.6 0.987064693352
0.125 3653.2 662.9 675.8 356.3 0.987119199918
0.0625 1826.5 444.6 341.3 178.7 0.983223545746
0.03125 913.2 293.4 170.7 95.4 0.97195474479
0.015625 456.7 183.1 88.7 51.9 0.961205458271
0.5 19729.5 1013.1 5602.7 1085.9 0.983735678249
0.25 9864.8 785.9 2786.7 828.0 0.986198641571
0.125 4932.5 575.1 1393.6 475.3 0.98342237216
0.0625 2466.2 403.9 709.6 478.0 0.983193165726
0.03125 1233.0 255.9 355.9 294.9 0.981276278325
0.015625 616.5 163.7 174.5 109.2 0.965169408327
0.5 10253.8 1016.7 1403.5 642.5 0.988716057455
0.25 5127.0 781.1 691.5 438.5 0.989658412844
0.125 2563.6 568.0 354.9 247.5 0.986647118048
0.0625 1281.5 390.7 174.4 113.1 0.980947081578
0.03125 640.7 255.0 87.7 76.3 0.983414398657
0.015625 320.5 156.5 42.4 42.0 0.968325945132
0.5 10800.9 1047.4 1082.1 870.1 0.986537568404
0.25 5400.4 798.9 538.9 564.9 0.987013454039
0.125 2700.2 568.5 269.3 346.9 0.988240261023
0.0625 1350.0 394.0 133.2 167.9 0.98863284427
0.03125 675.1 263.3 69.2 94.2 0.982638981734
0.015625 337.4 167.2 37.3 42.0 0.94617188607
0.5 11109.8 1124.7 825.0 879.6 0.992013282199
0.25 5554.9 877.8 413.5 543.7 0.990685358414
0.125 2777.5 630.8 206.2 267.6 0.988172722048
0.0625 1388.7 438.2 104.1 151.6 0.98703387847
0.03125 694.3 292.6 54.2 67.3 0.980769194139
0.015625 347.3 185.6 26.6 280.5 0.791841087722
0.5 13284.0 1303.7 952.3 861.0 0.990471174988
0.25 6642.0 1012.6 479.9 487.8 0.991643599113
0.125 3321.0 749.6 238.9 276.4 0.990460918849
0.0625 1660.4 522.9 120.8 149.4 0.981044054917
0.03125 830.3 344.4 59.8 233.2 0.931491334003
0.015625 415.2 217.2 33.2 70.7 0.792359612435
0.5 11277.6 911.2 1113.5 1084.7 0.990325214885
0.25 5638.7 709.9 552.1 666.0 0.99036809809
0.125 2819.5 527.6 277.7 394.1 0.98981278247
0.0625 1409.6 361.0 137.8 206.1 0.989224230056
0.03125 704.9 245.7 74.4 113.5 0.978690484798
0.015625 352.4 151.3 34.5 51.3 0.979221946813
0.5 9421.1 708.9 1758.5 808.9 0.990529022215
0.25 4710.7 545.4 894.4 489.0 0.991164091585
0.125 2355.3 398.9 436.6 263.2 0.984386321129
0.0625 1177.5 279.1 221.9 167.6 0.983770342261
0.03125 589.0 182.1 109.0 89.5 0.978126332938
0.015625 294.4 119.4 54.5 33.8 0.97681590323
0.5 11999.1 1163.0 787.1 871.8 0.99292775998
0.25 5999.4 904.5 399.4 487.2 0.992503221406
0.125 2999.7 675.2 196.3 257.9 0.989556620006
0.0625 1500.0 475.2 101.2 137.5 0.989409937871
0.03125 749.9 322.6 48.7 53.6 0.979957485875
0.015625 375.1 201.8 23.9 30.0 0.974665741934
0.5 13965.2 684.4 4315.7 887.5 0.974422289987
0.25 6982.5 513.3 2165.8 674.4 0.978070539264
0.125 3491.3 363.8 1082.9 506.9 0.981946372377
0.0625 1745.8 249.6 544.2 295.5 0.97405769969
0.03125 872.8 157.2 275.8 182.2 0.969267648631
0.015625 436.4 103.1 130.6 76.0 0.957602722131
0.5 10678.4 826.0 1723.5 902.3 0.985021743411
0.25 5339.2 636.0 842.6 562.9 0.986320849641
0.125 2669.6 458.6 438.2 310.1 0.983970837631
0.0625 1334.9 308.6 207.2 174.4 0.981683491988
0.03125 667.4 201.4 111.6 105.9 0.97172241106
0.015625 333.6 126.1 53.6 52.1 0.962234899662
0.5 10198.0 1015.6 895.0 946.1 0.987460038968
0.25 5099.0 763.1 445.8 729.4 0.98698503703
0.125 2549.6 551.1 224.9 333.8 0.99015093403
0.0625 1274.8 371.6 112.8 207.0 0.987599830446
0.03125 637.4 245.2 56.7 101.7 0.978814803852
0.015625 318.8 148.3 30.8 46.1 0.978651912575
0.5 12674.2 954.5 959.2 1513.9 0.992107519734
0.25 6337.3 750.1 477.2 778.0 0.992168929968
0.125 3168.5 558.3 240.4 416.2 0.98995998434
0.0625 1584.4 391.5 125.8 271.8 0.987145066676
0.03125 792.1 266.8 59.1 122.4 0.987731782141
0.015625 396.1 165.6 33.7 367.2 0.713165990288
0.5 9083.3 893.1 785.9 1136.9 0.993099860413
0.25 4541.5 666.1 376.2 727.7 0.99101288767
0.125 2270.9 467.6 190.1 484.7 0.988907456718
0.0625 1135.6 322.1 98.4 193.9 0.990960175683
0.03125 567.7 209.5 48.9 82.8 0.985099344794
0.015625 283.9 136.8 24.7 35.7 0.972804421568
0.5 12164.8 914.9 3253.1 675.0 0.983468686248
0.25 6082.3 666.1 1614.7 488.1 0.98381861154
0.125 3041.4 459.4 834.0 359.8 0.986758902747
0.0625 1520.5 297.1 405.8 283.5 0.920765716894
0.03125 760.3 188.8 205.4 195.5 0.98181964289
0.015625 380.2 111.0 101.8 88.1 0.959048653537
0.5 11300.3 868.7 2148.0 839.5 0.984565392508
0.25 5650.2 667.7 1081.1 563.7 0.983476238199
0.125 2825.1 499.0 533.2 359.4 0.983961646425
0.0625 1412.6 345.9 275.2 200.0 0.983139166216
0.03125 706.4 221.9 139.2 118.3 0.97898974018
0.015625 353.0 146.7 66.5 51.4 0.970797045962
0.5 7277.0 838.9 549.7 567.5 0.984685006075
0.25 3638.4 638.6 269.1 372.6 0.986604339821
0.125 1819.3 454.0 134.9 189.9 0.988588870353
0.0625 909.6 302.9 71.2 93.1 0.984807564329
0.03125 454.7 194.4 32.4 43.0 0.979473366483
0.015625 227.5 121.9 17.9 29.2 0.955196250066
0.5 12118.8 1018.0 1761.7 984.7 0.986323694066
0.25 6059.3 778.3 878.6 605.5 0.986621265568
0.125 3029.8 548.1 450.6 365.6 0.983835203568
0.0625 1515.0 382.8 224.7 226.2 0.977098042631
0.03125 757.4 252.0 110.1 120.2 0.975955904823
0.015625 378.5 152.9 53.3 139.9 0.883214755155
0.5 16480.1 972.0 4781.8 897.3 0.983295882066
0.25 8240.1 759.5 2366.2 607.2 0.985626345254
0.125 4120.1 557.4 1174.2 463.8 0.988645718954
0.0625 2059.9 384.7 594.7 283.5 0.981910175418
0.03125 1030.1 250.8 293.4 188.6 0.979745609789
0.015625 515.1 155.5 146.7 94.3 0.97560532411
0.5 12071.5 1274.5 1465.3 736.1 0.987925072411
0.25 6035.7 985.9 708.1 445.9 0.988049596116
0.125 3018.0 714.3 355.0 206.7 0.985422916286
0.0625 1509.0 498.9 175.7 111.8 0.983100816065
0.03125 754.4 328.8 88.8 53.6 0.981109594766
0.015625 377.3 199.8 44.8 30.2 0.974715091908
0.5 10553.0 1126.6 1079.7 738.7 0.992210869823
0.25 5276.4 864.6 521.1 411.2 0.991875322326
0.125 2638.2 626.1 261.4 246.5 0.991300485054
0.0625 1319.1 434.8 136.5 115.9 0.98617434852
0.03125 659.6 283.2 67.3 60.0 0.98064391371
0.015625 329.7 176.5 34.1 29.7 0.976393482022
0.5 17074.6 1157.6 4520.3 1003.5 0.981697855096
0.25 8537.3 869.8 2253.6 660.4 0.98153062161
0.125 4268.6 637.5 1141.7 447.2 0.980767321363
0.0625 2134.3 431.6 561.5 316.8 0.982571159625
0.03125 1067.3 280.8 278.0 208.0 0.979646971339
0.015625 533.5 175.6 139.7 110.7 0.887264500921
0.5 16147.8 1269.6 2762.2 1206.3 0.988929777128
0.25 8073.7 968.1 1387.7 660.3 0.988061567836
0.125 4037.0 710.8 699.3 412.1 0.987623022072
0.0625 2018.6 487.3 349.1 256.5 0.985844464117
0.03125 1009.3 322.6 169.2 124.1 0.979742060759
0.015625 504.6 194.7 87.0 116.6 0.92941348618
0.5 11253.4 913.6 1648.8 1028.3 0.991478650999
0.25 5626.8 704.5 817.0 604.6 0.992139744384
0.125 2813.4 513.6 407.9 275.7 0.988430959432
0.0625 1406.7 351.9 211.2 170.0 0.98652632825
0.03125 703.3 236.7 102.0 94.0 0.980995844698
0.015625 351.8 149.0 51.7 58.0 0.98217259132
0.5 12578.1 1212.6 1655.1 881.2 0.991204713718
0.25 6289.0 947.1 835.5 484.1 0.990974328489
0.125 3144.6 696.6 406.6 238.0 0.984482932559
0.0625 1572.3 480.5 209.6 117.6 0.984279901365
0.03125 786.2 319.4 106.1 55.9 0.973161921613
0.015625 393.1 201.2 50.6 26.9 0.965144476969
0.5 13830.9 1121.5 2236.9 1064.9 0.989782642737
0.25 6915.5 872.1 1104.4 679.7 0.991131306539
0.125 3457.8 624.9 556.9 373.5 0.985246623824
0.0625 1728.9 437.5 282.8 210.7 0.984077800105
0.03125 864.5 280.7 141.3 116.7 0.981317661859
0.015625 432.2 179.2 73.9 59.3 0.972127456522
0.5 10136.5 852.9 1235.3 1105.2 0.988174201238
0.25 5068.3 653.8 624.0 728.1 0.991428628994
0.125 2534.2 475.4 322.7 381.0 0.986019827026
0.0625 1267.2 322.8 156.0 191.2 0.986172753759
0.03125 633.6 215.3 84.3 112.3 0.977205335958
0.015625 316.8 134.6 40.0 54.7 0.890155685585
0.5 14203.5 1211.3 2070.8 887.1 0.985837872577
0.25 7101.8 943.6 1037.6 534.0 0.986163518662
0.125 3551.0 683.3 514.5 340.5 0.987688501458
0.0625 1775.5 482.8 259.6 175.4 0.981376675543
0.03125 887.7 314.5 133.2 102.5 0.979090718317
0.015625 443.8 196.0 67.7 50.6 0.972674187285
0.5 6324.7 759.4 1208.0 445.5 0.981920927026
0.25 3162.2 560.5 601.7 308.4 0.983946506848
0.125 1581.2 385.6 299.0 171.9 0.975788565655
0.0625 790.6 254.9 147.0 133.8 0.902276028488
0.03125 395.3 158.5 81.4 65.2 0.966612421904
0.015625 197.7 98.1 36.1 32.1 0.961478325228
0.5 11986.4 950.6 1985.8 1020.4 0.991582161053
0.25 5993.3 746.5 984.1 617.3 0.989219144397
0.125 2996.7 541.5 498.2 340.3 0.988392146464
0.0625 1498.4 377.4 252.8 167.2 0.984296770601
0.03125 749.2 252.1 122.0 96.0 0.975710812354
0.015625 374.6 156.7 67.2 46.1 0.97347741694
0.5 12189.4 946.3 1615.3 978.0 0.98929916975
0.25 6094.7 721.4 795.4 580.3 0.989167290645
0.125 3047.4 541.6 400.7 355.8 0.987618778995
0.0625 1523.6 377.0 197.0 158.3 0.984302796169
0.03125 761.9 248.6 101.9 94.9 0.9753598568
0.015625 380.8 158.1 47.7 49.4 0.981204607203
0.5 12348.6 1208.4 933.0 1040.8 0.990219262589
0.25 6174.1 935.6 466.7 756.5 0.991766460448
0.125 3087.3 691.4 232.3 430.2 0.986888934194
0.0625 1543.6 470.6 121.5 208.6 0.983945510686
0.03125 771.8 302.2 61.3 195.0 0.92760791756
0.015625 385.8 196.2 29.6 50.3 0.972156990601
0.5 11749.0 924.1 1695.3 1178.1 0.986590068895
0.25 5874.4 695.4 859.5 747.8 0.987233506026
0.125 2937.1 494.6 435.8 464.5 0.98276439969
0.0625 1468.8 340.5 219.3 244.0 0.983082720098
0.03125 734.3 216.3 107.9 144.2 0.973401962978
0.015625 367.1 139.3 61.0 57.9 0.969921465799
0.5 14686.5 1385.8 1933.0 866.4 0.98966223868
0.25 7343.2 1070.8 972.1 556.3 0.990292136549
0.125 3671.8 778.7 493.1 312.3 0.987166596446
0.0625 1835.8 531.6 249.7 154.2 0.982583624774
0.03125 918.0 347.1 120.9 97.3 0.973360280462
0.015625 458.9 214.7 61.1 41.4 0.976462753646
0.5 14115.3 1400.5 1524.7 731.7 0.989859581684
0.25 7057.6 1104.0 763.1 428.1 0.985848809476
0.125 3528.8 805.3 385.2 238.5 0.985271662071
0.0625 1764.4 557.7 188.1 123.9 0.97953390656
0.03125 882.3 365.5 99.7 76.1 0.975880293564
0.015625 441.1 230.0 46.5 40.3 0.875924096911
0.5 12124.9 1090.9 1544.9 837.7 0.990494753805
0.25 6062.6 843.4 765.3 494.0 0.98976245003
0.125 3031.4 613.1 379.9 271.6 0.987025972663
0.0625 1515.6 427.9 198.3 170.3 0.987999856668
0.03125 757.7 284.7 95.3 96.1 0.981789248164
0.015625 378.9 173.0 50.1 53.3 0.981454919919
0.5 9684.8 977.9 1694.7 698.8 0.990378923668
0.25 4842.3 745.0 846.3 421.2 0.989298841543
0.125 2421.1 538.3 426.4 236.0 0.985540867022
0.0625 1210.6 362.2 215.8 113.4 0.98164567445
0.03125 605.3 240.3 103.9 53.5 0.974696052554
0.015625 302.6 147.0 52.3 30.3 0.975546949717
0.5 10712.9 909.6 1585.8 972.2 0.988414038393
0.25 5356.6 698.0 798.2 649.7 0.993284930471
0.125 2678.1 516.2 400.2 374.5 0.989819082021
0.0625 1339.2 347.4 200.9 190.6 0.986449439997
0.03125 669.5 230.2 100.8 92.3 0.9820594841
0.015625 334.8 143.3 52.9 61.3 0.956425590761
0.5 12444.1 1075.8 1366.4 1133.0 0.990049241658
0.25 6222.2 827.4 695.1 720.1 0.989656759146
0.125 3111.1 598.3 338.3 441.0 0.987771587035
0.0625 1555.6 410.5 169.2 220.4 0.988737036675
0.03125 777.7 275.0 83.8 170.0 0.980736020809
0.015625 388.9 172.8 43.4 70.3 0.979526303515
0.5 7878.0 967.3 1069.3 453.0 0.980237774802
0.25 3938.8 721.3 529.0 288.6 0.985149156615
0.125 1969.4 501.5 269.3 167.6 0.985651858266
0.0625 984.9 333.4 132.4 114.8 0.982858925849
0.03125 492.4 212.7 66.5 56.5 0.966687772035
0.015625 246.1 127.6 35.0 30.3 0.973885035621
0.5 10312.1 882.3 2105.1 649.4 0.982505969068
0.25 5156.2 663.4 1051.9 400.8 0.981700763179
0.125 2578.0 475.1 521.3 268.3 0.977574105772
0.0625 1289.0 322.6 269.4 168.1 0.974327532695
0.03125 644.6 211.2 134.5 84.1 0.963212595799
0.015625 322.4 135.5 64.5 40.0 0.902913511819
0.5 11457.1 870.4 1817.9 970.5 0.987828183208
0.25 5728.4 666.7 911.5 577.1 0.990006727627
0.125 2864.3 488.7 451.0 305.2 0.98687095102
0.0625 1432.3 338.1 227.3 174.2 0.98393403809
0.03125 716.1 227.4 113.3 88.1 0.979563566404
0.015625 357.9 143.3 58.6 46.1 0.961189015705
0.5 10247.5 1094.1 881.2 698.4 0.985292283207
0.25 5123.8 834.4 429.9 420.0 0.984821896609
0.125 2562.0 596.3 216.9 229.4 0.982519064812
0.0625 1281.0 398.2 111.3 148.0 0.983372547297
0.03125 640.3 261.0 59.6 75.3 0.924389930535
0.015625 320.3 160.4 26.5 1358.7 0.624141506725
0.5 10706.4 805.1 2487.2 739.6 0.984692099684
0.25 5353.3 618.4 1233.5 563.1 0.986066247281
0.125 2676.4 451.3 618.8 323.0 0.990827678686
0.0625 1338.2 309.3 313.7 182.1 0.985052505286
0.03125 669.2 205.5 153.3 102.4 0.982881491928
0.015625 334.6 132.3 75.9 39.3 0.963875030102
0.5 10942.4 1032.3 1115.8 964.1 0.989506460517
0.25 5471.2 778.1 558.8 681.4 0.990889884771
0.125 2735.7 566.2 279.4 375.0 0.989296341495
0.0625 1367.9 387.0 140.7 155.6 0.983778189715
0.03125 684.0 256.0 73.2 111.0 0.979620526474
0.015625 341.9 163.3 36.2 68.3 0.948141675292
0.5 11926.3 1320.7 656.7 802.3 0.99220722172
0.25 5963.1 1013.2 329.7 481.7 0.991568483377
0.125 2981.5 722.2 167.8 248.2 0.987024033019
0.0625 1490.9 500.5 84.9 127.4 0.985061782967
0.03125 745.4 334.4 41.3 62.0 0.982663998886
0.015625 372.7 204.9 22.4 34.8 0.982458241555
0.5 18105.3 963.1 4474.5 1182.0 0.982314149617
0.25 9052.8 746.9 2231.9 726.4 0.981882692401
0.125 4526.4 547.0 1105.8 649.0 0.984213648896
0.0625 2263.1 379.0 567.4 292.6 0.978318303201
0.03125 1131.6 261.0 280.1 193.8 0.977668402074
0.015625 565.8 165.4 133.8 99.4 0.946543562182
0.5 13486.1 1166.9 1629.1 685.2 0.980970762238
0.25 6743.1 893.2 813.9 416.6 0.981488781722
0.125 3371.5 654.7 400.8 248.2 0.976601171092
0.0625 1685.7 441.3 205.9 169.5 0.975560356385
0.03125 842.9 286.7 107.4 97.4 0.974122303395
0.015625 421.4 186.4 51.2 48.9 0.956033285041
0.5 9112.8 779.6 1734.5 554.2 0.978744518103
0.25 4556.3 572.7 877.6 376.8 0.982444676886
0.125 2278.3 401.1 424.8 352.7 0.930512709146
0.0625 1139.1 262.0 224.7 153.1 0.950971644655
0.03125 569.4 163.5 112.6 106.7 0.969757942507
0.015625 284.8 99.0 57.9 54.3 0.971652791759
0.5 12069.1 1123.7 1347.1 952.1 0.985121524853
0.25 6034.4 851.4 675.4 634.5 0.987040004885
0.125 3017.2 599.3 339.2 353.9 0.987978780472
0.0625 1508.7 410.1 164.4 199.8 0.9832038273
0.03125 754.3 265.4 82.8 107.6 0.978270779412
0.015625 377.3 165.1 42.8 90.0 0.924673562884
0.5 16917.2 1130.9 3616.4 954.2 0.989166973159
0.25 8458.6 879.9 1807.2 593.1 0.987147789292
0.125 4229.4 652.7 909.3 353.5 0.981144450481
0.0625 2114.6 449.8 453.6 320.6 0.97823170445
0.03125 1057.3 294.2 227.3 196.1 0.968851651411
0.015625 528.6 188.8 115.4 111.4 0.982256507006
0.5 10798.3 1115.2 863.0 1033.3 0.989226738079
0.25 5399.3 842.5 438.3 625.8 0.988227324722
0.125 2699.5 602.7 222.4 302.3 0.987748956529
0.0625 1349.8 415.7 108.3 207.7 0.989801298214
0.03125 674.7 267.3 58.5 101.5 0.979711872
0.015625 337.6 165.1 27.3 41.9 0.935888984255
0.5 14552.1 1042.4 2834.1 1153.1 0.985936935992
0.25 7276.0 801.9 1429.0 692.3 0.982208396921
0.125 3638.1 583.9 711.4 561.3 0.983440577923
0.0625 1819.0 407.1 353.0 296.5 0.977867967498
0.03125 909.5 262.7 175.5 178.6 0.937613171702
0.015625 454.8 162.0 89.4 57.7 0.951559097453
0.5 8474.1 893.4 839.6 763.3 0.989182596083
0.25 4237.2 672.8 421.5 454.6 0.988099183844
0.125 2118.7 481.5 210.3 245.2 0.988554276228
0.0625 1059.4 333.3 105.7 134.4 0.981894593636
0.03125 529.7 215.9 52.1 64.0 0.968041357739
0.015625 264.8 136.3 25.3 762.0 0.499503141319
0.5 18416.2 1207.7 3801.6 1092.9 0.986143578432
0.25 9208.0 951.7 1901.6 670.8 0.982747788961
0.125 4604.2 686.1 950.5 412.2 0.98
0.5 14612.9 1180.3 2741.8 867.8 0.986349950092
0.25 7306.4 903.2 1380.0 552.6 0.987064693352
0.125 3653.2 662.9 675.8 356.3 0.987119199918
0.0625 1826.5 444.6 341.3 178.7 0.983223545746
0.03125 913.2 293.4 170.7 95.4 0.97195474479
0.015625 456.7 183.1 88.7 51.9 0.961205458271
