0.5 192591.4 1133.4 21268.3 9268.0 0.780794235345
0.25 96295.6 891.6 10677.7 4782.9 0.767293106212
0.125 48147.8 659.3 5341.9 2518.6 0.766234225258
0.0625 24074.1 477.2 2675.5 1332.3 0.780923732453
0.03125 12036.8 334.3 1326.5 708.0 0.800401895015
0.015625 6018.6 228.1 674.2 393.7 0.82364581795
0.5 17724.2 1236.2 2165.0 310.4 0.854099357312
0.25 8862.1 973.7 1069.9 167.2 0.834017253881
0.125 4431.2 716.3 547.2 93.9 0.819098825043
0.0625 2215.6 504.7 268.6 54.2 0.815135185114
0.03125 1107.8 341.1 138.1 32.0 0.824163535861
0.015625 553.9 219.3 68.5 19.4 0.813073239145
0.5 558222.9 967.0 102533.1 22802.6 0.733395181474
0.25 279111.6 786.1 51197.1 11995.5 0.717944663634
0.125 139555.7 605.0 25668.1 6505.5 0.723751800817
0.0625 69778.0 461.1 12758.0 3514.5 0.719596235975
0.03125 34888.8 331.8 6402.9 1924.1 0.760935794633
0.015625 17444.4 240.3 3157.5 1074.5 0.808983950449
0.5 39525.1 1250.2 8164.3 1243.1 0.771523195401
0.25 19762.6 982.8 4085.8 687.3 0.769636013987
0.125 9881.4 739.5 2037.2 388.0 0.788567054224
0.0625 4940.7 530.6 1020.9 217.3 0.802734615409
0.03125 2470.3 375.1 506.8 129.1 0.808677513804
0.015625 1235.2 251.2 248.2 72.8 0.82220508304
0.5 20734.6 1183.4 1624.1 528.1 0.860650055156
0.25 10367.3 925.5 817.2 280.9 0.852611463466
0.125 5183.6 696.6 409.9 153.0 0.846329292752
0.0625 2591.8 502.4 207.0 84.4 0.845353966206
0.03125 1296.0 343.0 103.6 49.1 0.852924689009
0.015625 648.1 227.8 52.1 27.6 0.857958012521
0.5 27960.1 1250.9 4272.7 650.1 0.867151676496
0.25 13980.1 987.4 2141.8 347.3 0.845862625327
0.125 6990.1 731.4 1053.4 193.9 0.849371579629
0.0625 3495.1 522.3 534.7 106.3 0.829333988214
0.03125 1747.4 360.1 262.3 60.7 0.800378512953
0.015625 873.8 233.5 134.3 35.7 0.811469992574
0.5 18212.9 891.0 3529.8 442.2 0.653274582943
0.25 9106.5 688.2 1764.2 245.4 0.605059973901
0.125 4553.2 509.0 871.6 141.0 0.605458990778
0.0625 2276.7 357.4 435.3 83.1 0.629194192629
0.03125 1138.2 236.9 223.1 52.2 0.64527971409
0.015625 569.0 155.6 108.6 32.5 0.67489728382
0.5 51710.0 837.5 7691.0 2145.1 0.838154420138
0.25 25855.0 655.8 3825.1 1078.4 0.831790080717
0.125 12927.6 484.3 1922.0 554.0 0.834535329088
0.0625 6463.9 353.7 962.3 286.6 0.841885239858
0.03125 3231.7 252.3 477.7 153.4 0.851475733875
0.015625 1616.0 173.3 234.6 80.6 0.836471026843
0.5 289050.3 1023.2 32839.2 15388.4 0.885072918306
0.25 144525.3 827.1 16406.1 8091.2 0.867955794639
0.125 72262.5 632.2 8192.0 4324.2 0.862404220276
0.0625 36131.4 460.8 4129.7 2277.2 0.858158838049
0.03125 18065.7 333.8 2069.4 1205.6 0.84737163124
0.015625 9032.9 233.4 1035.2 652.8 0.832412730302
0.5 63935.9 1377.4 12379.0 1403.9 0.704707552624
0.25 31968.0 1090.3 6175.8 744.0 0.687024681729
0.125 15984.0 833.0 3094.4 414.4 0.6895525822
0.0625 7992.0 601.7 1544.3 237.2 0.702371273108
0.03125 3996.0 423.9 767.7 136.3 0.723136630955
0.015625 1998.1 284.4 381.3 81.9 0.729837690479
0.5 244532.8 1134.3 23347.8 9620.8 0.534296431617
0.25 122266.4 893.9 11699.3 5090.4 0.561374452721
0.125 61133.2 691.4 5841.5 2745.3 0.588839155075
0.0625 30566.6 510.8 2940.8 1497.1 0.640704177735
0.03125 15283.2 370.4 1462.8 809.8 0.684460592433
0.015625 7641.6 259.0 730.8 446.8 0.718107017598
0.5 19262.7 1428.0 1768.8 334.6 0.864673977924
0.25 9631.3 1117.5 890.8 185.5 0.855450516102
0.125 4815.7 848.0 441.3 100.8 0.844170008577
0.0625 2407.9 597.8 221.0 58.7 0.838679976347
0.03125 1203.7 407.3 110.2 33.5 0.835967538324
0.015625 601.8 256.8 54.8 20.2 0.819860059168
0.5 26058.1 1094.6 3156.5 563.8 0.818621798968
0.25 13029.2 874.3 1587.9 305.2 0.809060584461
0.125 6514.6 669.1 805.2 171.2 0.801678472545
0.0625 3257.3 494.3 402.4 95.4 0.809792678021
0.03125 1628.5 358.0 199.8 52.7 0.827751428518
0.015625 814.4 231.3 98.8 33.6 0.852925624812
0.5 27127.2 1112.8 3129.8 747.5 0.84484003142
0.25 13563.7 893.3 1574.0 388.4 0.814461370306
0.125 6781.8 687.4 769.9 209.1 0.81001723263
0.0625 3391.0 500.9 384.1 117.6 0.804881777423
0.03125 1695.3 346.5 192.4 66.7 0.809335394191
0.015625 847.9 235.1 98.0 38.6 0.790423882624
0.5 28247.3 940.3 4395.8 741.8 0.796899095186
0.25 14123.7 742.9 2215.7 406.7 0.787482575359
0.125 7061.9 575.2 1093.9 226.8 0.791777267362
0.0625 3531.1 427.4 557.1 127.3 0.797110976733
0.03125 1765.3 301.5 268.9 73.6 0.790419210677
0.015625 882.6 204.0 141.7 43.8 0.805415215874
0.5 21988.5 1238.9 2546.8 394.4 0.726046574137
0.25 10994.5 965.2 1277.8 216.0 0.693193646313
0.125 5497.1 707.8 639.1 123.8 0.698625994568
0.0625 2748.6 505.9 317.4 71.7 0.682878572593
0.03125 1374.3 339.0 162.0 43.5 0.693513361781
0.015625 687.0 225.1 85.2 26.3 0.728505012475
0.5 25622.9 1447.5 1831.9 366.8 0.810947055732
0.25 12811.4 1148.0 919.7 201.4 0.801842686081
0.125 6405.7 870.6 468.2 112.7 0.792418220918
0.0625 3202.8 632.9 227.1 65.8 0.81386332594
0.03125 1601.4 443.7 114.5 38.0 0.800934091055
0.015625 800.6 290.4 57.0 22.7 0.825854123134
0.5 19162.0 719.2 3742.3 575.9 0.796136699994
0.25 9581.0 562.8 1873.2 321.4 0.800966696183
0.125 4790.5 432.1 956.6 176.1 0.799200503482
0.0625 2395.2 315.5 459.8 98.3 0.811871481766
0.03125 1197.5 222.4 239.0 57.9 0.836519519205
0.015625 598.9 153.8 120.4 32.7 0.829635686821
0.5 26216.3 1073.0 2579.0 683.1 0.820893542108
0.25 13108.2 852.2 1295.3 367.0 0.805770064942
0.125 6554.0 641.7 638.8 201.1 0.809486888922
0.0625 3277.0 460.9 326.1 115.0 0.8308502329
0.03125 1638.5 318.4 165.5 67.8 0.842650735804
0.015625 819.2 222.8 82.3 36.8 0.837006821876
0.5 22510.7 1334.7 2149.6 600.4 0.800299928973
0.25 11255.5 1036.3 1072.0 317.7 0.775849488755
0.125 5627.7 754.9 538.1 180.1 0.775529626004
0.0625 2813.7 541.0 272.1 98.5 0.77800218999
0.03125 1407.0 364.0 139.6 56.7 0.765260551024
0.015625 703.3 239.2 69.0 33.3 0.766736895981
0.5 17177.3 893.9 3061.8 427.4 0.745223997449
0.25 8588.7 683.4 1559.5 237.2 0.710587818106
0.125 4294.5 506.9 767.8 131.6 0.701756673191
0.0625 2147.2 352.8 377.1 76.5 0.719359642089
0.03125 1073.5 237.9 189.6 45.7 0.727220670315
0.015625 536.9 160.6 95.3 26.4 0.729836714365
0.5 184773.9 915.6 32590.4 10182.8 0.81771944347
0.25 92386.9 733.1 16265.6 5307.6 0.808920000938
0.125 46193.5 570.3 8132.9 2938.9 0.824424164042
0.0625 23096.8 415.2 4063.7 1587.3 0.836342185719
0.03125 11548.3 296.8 2023.9 844.4 0.85076828418
0.015625 5774.0 208.3 998.4 444.4 0.856254181943
0.5 29792.1 1263.9 2281.1 572.8 0.814071012965
0.25 14895.9 994.1 1133.8 311.2 0.818962878719
0.125 7448.1 756.7 586.5 173.1 0.825400926313
0.0625 3724.0 566.5 285.8 95.1 0.837358922799
0.03125 1862.0 397.0 144.8 55.2 0.855847235032
0.015625 931.1 269.7 70.0 32.4 0.86610111551
0.5 196615.6 1246.2 21557.7 9144.7 0.830294694569
0.25 98307.9 996.1 10764.3 4784.5 0.818928660388
0.125 49153.8 761.0 5402.4 2548.5 0.811850340517
0.0625 24576.9 553.4 2724.7 1350.7 0.818871643619
0.03125 12288.5 396.1 1372.8 723.3 0.804251159514
0.015625 6144.4 270.1 673.4 391.2 0.824412699066
0.5 19037.9 1447.0 1786.3 291.1 0.820811856358
0.25 9519.1 1148.1 875.7 155.7 0.788658473097
0.125 4759.5 870.6 444.8 87.2 0.780135418081
0.0625 2379.7 615.6 223.3 51.1 0.792445001118
0.03125 1189.8 417.1 113.7 30.3 0.759269221063
0.015625 594.9 268.0 54.5 18.1 0.776722393048
0.5 188478.9 1039.0 20286.8 9092.9 0.802192863709
0.25 94239.7 799.3 10164.0 4672.8 0.789136250118
0.125 47119.7 592.4 5126.8 2492.2 0.776628160309
0.0625 23559.8 422.1 2552.1 1289.7 0.795270320295
0.03125 11780.0 294.7 1281.6 699.9 0.815338614651
0.015625 5890.0 195.0 634.7 393.1 0.828549434919
0.5 69548.9 1161.9 10051.0 2628.0 0.842907889046
0.25 34774.6 931.5 5044.5 1357.4 0.823559994449
0.125 17387.1 713.0 2526.0 693.8 0.836294730594
0.0625 8693.6 522.7 1238.1 360.7 0.836468182697
0.03125 4346.8 366.7 641.5 194.5 0.852022442347
0.015625 2173.5 255.3 315.8 105.5 0.844282823797
0.5 41274.4 1171.4 8566.0 1267.2 0.69077105671
0.25 20637.2 927.0 4284.4 692.1 0.666336606556
0.125 10318.7 687.1 2136.5 402.3 0.680723249907
0.0625 5159.3 496.8 1078.0 233.7 0.695191287073
0.03125 2579.7 350.4 537.4 128.4 0.71640839686
0.015625 1289.7 235.8 269.5 77.7 0.704195171018
0.5 41562.7 1066.5 8928.6 1224.6 0.843400475938
0.25 20781.5 853.8 4469.3 639.5 0.827140909724
0.125 10390.7 661.8 2228.9 336.1 0.810921616802
0.0625 5195.4 483.9 1107.0 182.0 0.810097226788
0.03125 2597.7 354.4 552.2 98.3 0.769102447004
0.015625 1298.8 237.8 272.6 57.9 0.805846851576
0.5 218922.2 1444.5 20717.0 8888.3 0.70733469086
0.25 109461.4 1137.0 10408.2 4725.6 0.693226123736
0.125 54730.5 859.7 5201.7 2497.6 0.665427536701
0.0625 27365.4 634.7 2608.3 1341.0 0.668101810738
0.03125 13682.7 441.0 1299.7 735.3 0.664810158448
0.015625 6841.4 305.3 644.4 397.1 0.713747388334
0.5 236129.7 926.6 27909.7 9300.2 0.728101079916
0.25 118065.0 749.2 13936.4 4842.7 0.720593439303
0.125 59032.5 578.8 6976.1 2534.9 0.718634442869
0.0625 29516.2 426.4 3498.7 1389.3 0.735551864881
0.03125 14758.0 308.1 1726.3 751.4 0.764383715274
0.015625 7379.0 218.8 874.3 404.2 0.777817483814
0.5 19787.1 982.3 1769.7 453.2 0.814101179197
0.25 9893.6 770.5 898.0 247.0 0.796890227796
0.125 4946.8 585.9 443.9 134.0 0.78718870893
0.0625 2473.4 421.7 219.3 76.5 0.78173708171
0.03125 1236.7 289.1 112.2 45.1 0.801553892245
0.015625 618.2 198.4 55.5 25.6 0.810984948003
0.5 16847.8 1168.9 2407.4 288.1 0.72892481665
0.25 8423.9 919.4 1189.4 155.7 0.701533003009
0.125 4211.9 680.9 589.9 88.3 0.685604887394
0.0625 2106.1 479.6 297.0 53.3 0.712003555609
0.03125 1052.9 320.9 151.8 31.8 0.716977268658
0.015625 526.5 207.6 76.1 20.9 0.731377420399
0.5 23637.4 1185.7 2170.1 460.5 0.788853408236
0.25 11818.8 931.1 1076.9 247.9 0.756738854576
0.125 5909.2 707.8 545.6 137.3 0.747631082543
0.0625 2954.7 513.6 274.0 76.7 0.759103555747
0.03125 1477.2 362.8 135.3 43.6 0.76739483063
0.015625 738.8 244.5 67.6 25.2 0.787454324105
0.5 181642.7 973.0 33124.5 10093.6 0.78578460798
0.25 90821.3 765.6 16546.9 5175.3 0.777111221537
0.125 45410.6 573.1 8260.9 2882.0 0.781979195351
0.0625 22705.4 422.7 4168.2 1536.6 0.795615710413
0.03125 11352.7 295.5 2074.1 791.3 0.78989431352
0.015625 5676.4 197.8 1027.6 456.3 0.826543145089
0.5 24530.7 1081.0 2018.1 561.2 0.817831690594
0.25 12265.4 845.8 1003.0 304.8 0.807406099471
0.125 6132.6 646.3 506.3 166.5 0.8042148491
0.0625 3066.3 468.2 244.7 92.7 0.7971139868
0.03125 1533.2 318.6 130.9 55.0 0.820611245487
0.015625 766.4 224.7 64.5 31.1 0.815845346762
0.5 19547.1 1315.1 2127.6 372.1 0.775319915136
0.25 9773.6 1018.6 1055.2 207.5 0.777717845788
0.125 4886.9 763.4 538.3 117.0 0.761576436769
0.0625 2443.4 542.4 272.8 65.5 0.757511127123
0.03125 1221.6 369.8 131.6 38.7 0.787535438929
0.015625 610.8 238.3 70.6 23.9 0.767628687246
0.5 21367.8 1325.6 2074.9 394.7 0.879514658467
0.25 10683.9 1061.4 1044.9 210.0 0.868820283535
0.125 5341.9 801.0 515.3 116.1 0.865461090915
0.0625 2671.0 583.6 255.7 66.3 0.862753358397
0.03125 1335.5 404.6 134.0 37.1 0.85358330242
0.015625 667.9 264.5 65.9 22.0 0.851941342824
0.5 26834.6 1113.8 2572.4 759.2 0.804220034454
0.25 13417.2 882.3 1264.5 423.6 0.798511850624
0.125 6708.7 672.1 636.2 227.6 0.795207783656
0.0625 3354.4 485.0 320.3 128.3 0.804105502151
0.03125 1677.1 338.1 161.6 69.8 0.808225127042
0.015625 838.6 222.1 82.3 40.8 0.81956521545
0.5 23287.7 1117.4 3492.2 629.0 0.729182904221
0.25 11644.0 872.9 1752.2 353.0 0.718564512351
0.125 5821.8 647.2 872.1 199.5 0.732633236884
0.0625 2911.1 462.7 437.4 114.7 0.742609935829
0.03125 1455.4 318.5 222.1 65.0 0.751630143856
0.015625 727.7 214.1 106.9 38.0 0.776333830928
0.5 39756.4 1282.7 7895.8 1211.4 0.717573035863
0.25 19878.2 995.3 3962.8 674.8 0.732687140215
0.125 9939.1 753.2 1982.8 379.4 0.741971993008
0.0625 4969.5 537.7 984.1 221.3 0.756068731363
0.03125 2484.9 375.0 494.9 124.9 0.787984699451
0.015625 1242.5 250.5 246.1 73.4 0.785233847561
0.5 386715.0 812.7 51652.2 18465.8 0.609040759048
0.25 193357.7 632.8 25734.7 9658.9 0.604634947825
0.125 96678.7 481.5 12889.8 5194.6 0.623576568345
0.0625 48339.4 358.8 6465.9 2830.7 0.666887717095
0.03125 24169.6 262.0 3228.3 1534.1 0.69666580339
0.015625 12084.7 186.4 1627.8 864.7 0.750574480784
0.5 51778.0 1025.8 6670.3 1260.0 0.700851259868
0.25 25889.0 796.1 3355.4 696.3 0.661301835662
0.125 12944.5 601.9 1676.1 391.6 0.689474307925
0.0625 6472.3 435.2 828.1 228.2 0.711119697183
0.03125 3236.1 301.7 429.4 132.7 0.736220323464
0.015625 1618.0 199.9 218.2 77.4 0.761882480243
0.5 21972.5 1251.3 2473.8 512.5 0.824400558739
0.25 10986.2 988.1 1227.7 275.0 0.800951465004
0.125 5493.1 744.7 619.2 151.6 0.782733105281
0.0625 2746.6 528.7 314.7 87.1 0.778310960506
0.03125 1373.3 356.8 164.4 50.0 0.773017420005
0.015625 686.5 235.1 79.5 29.3 0.757777303603
0.5 228847.0 963.7 26773.4 8826.2 0.845959784522
0.25 114423.6 779.9 13429.8 4517.4 0.818557378926
0.125 57211.8 587.9 6755.3 2391.0 0.830515204912
0.0625 28606.0 430.5 3385.9 1304.8 0.827434391144
0.03125 14302.8 311.8 1692.3 706.9 0.821279618509
0.015625 7151.5 213.6 847.1 389.0 0.831670966424
0.5 419370.5 1086.3 106010.5 19325.8 0.664688179525
0.25 209685.3 877.0 53006.6 10046.2 0.645065218291
0.125 104842.7 666.0 26528.2 5390.0 0.640005103036
0.0625 52421.5 508.0 13225.7 2814.6 0.638947071981
0.03125 26210.6 367.9 6642.3 1581.0 0.658019656161
0.015625 13105.3 260.7 3323.7 842.2 0.675139927713
0.5 27103.7 799.2 5174.0 919.6 0.795375361811
0.25 13552.0 635.8 2599.6 485.5 0.778397480199
0.125 6776.0 484.3 1301.3 263.4 0.765895930916
0.0625 3387.9 351.8 656.7 149.0 0.774992247753
0.03125 1694.0 251.3 320.0 81.1 0.759822805823
0.015625 847.0 166.0 164.3 47.6 0.753188337888
0.5 56887.5 794.5 8384.4 2301.5 0.834435518008
0.25 28443.6 635.4 4179.7 1157.8 0.829499176307
0.125 14221.8 480.5 2079.3 610.9 0.841739616283
0.0625 7111.0 369.1 1047.9 317.1 0.830927140748
0.03125 3555.6 260.6 519.6 173.0 0.858537388494
0.015625 1777.5 192.3 254.4 88.5 0.829937472032
0.5 19342.8 1125.1 2645.4 506.8 0.734323495291
0.25 9671.5 890.1 1328.4 275.3 0.724461158213
0.125 4835.7 646.0 666.7 164.5 0.758978523339
0.0625 2418.0 463.7 335.9 93.6 0.76622192786
0.03125 1208.7 314.9 158.6 54.7 0.782348924508
0.015625 604.4 201.9 85.4 32.9 0.800304159614
0.5 21661.6 904.8 3749.8 626.6 0.74896807558
0.25 10830.6 710.2 1887.3 344.5 0.750079389358
0.125 5415.4 537.3 929.4 188.3 0.748155496576
0.0625 2707.7 387.7 465.4 108.3 0.755542955714
0.03125 1353.8 260.1 236.1 65.2 0.790212927177
0.015625 676.9 177.0 117.1 38.3 0.788659791231
0.5 22840.4 1308.8 2892.3 476.3 0.827084841006
0.25 11420.3 1021.3 1469.2 264.2 0.822807692311
0.125 5710.0 765.2 736.4 146.3 0.828310807984
0.0625 2855.0 556.5 370.4 82.1 0.829994444915
0.03125 1427.6 390.2 180.9 46.2 0.823197023953
0.015625 713.6 246.4 92.5 28.6 0.825654351272
0.5 29105.9 1366.3 3572.8 631.3 0.868310510379
0.25 14553.0 1086.5 1790.0 342.1 0.85724967856
0.125 7276.6 814.2 883.0 189.5 0.867251339067
0.0625 3638.1 598.7 456.0 104.3 0.855239600472
0.03125 1819.1 417.3 226.4 57.8 0.831079480809
0.015625 909.5 275.2 116.2 32.7 0.836443381568
0.5 480971.0 900.8 150988.8 18386.5 0.529837759385
0.25 240485.5 740.1 75543.2 9682.5 0.497819768959
0.125 120242.6 578.9 37795.6 5380.1 0.502875350135
0.0625 60121.3 440.4 18788.0 2964.8 0.542271150002
0.03125 30060.7 336.4 9431.6 1571.0 0.560093231261
0.015625 15030.4 243.4 4703.9 882.0 0.615249762077
0.5 22827.2 1245.1 2738.4 515.9 0.669261341897
0.25 11413.7 957.6 1376.9 288.6 0.665524957927
0.125 5706.8 708.1 679.0 167.5 0.691149804833
0.0625 2853.4 497.5 336.9 100.8 0.731304131669
0.03125 1426.8 339.5 168.8 60.3 0.774692856574
0.015625 713.3 219.9 93.0 38.6 0.80365764424
0.5 18492.4 862.3 2007.7 532.3 0.812131625629
0.25 9246.0 681.6 1010.8 285.6 0.81367100233
0.125 4623.2 514.5 512.8 158.7 0.800845983981
0.0625 2311.6 372.2 261.7 88.3 0.808240985912
0.03125 1155.7 268.7 123.8 49.9 0.817264509177
0.015625 577.7 182.8 67.5 28.4 0.797431545058
0.5 383838.7 953.5 41257.6 17530.4 0.674151656608
0.25 191919.6 760.9 20627.2 9222.9 0.648470308014
0.125 95959.6 591.6 10310.8 4829.8 0.638128382525
0.0625 47979.9 436.7 5156.4 2644.7 0.648735502754
0.03125 23989.8 319.0 2564.7 1416.8 0.664841243479
0.015625 11995.0 224.0 1290.9 785.0 0.655475680888
0.5 231945.0 1270.0 27003.7 8725.9 0.765027965245
0.25 115972.7 991.5 13538.4 4515.7 0.769546096744
0.125 57986.3 755.6 6783.2 2345.1 0.783403484726
0.0625 28993.2 540.2 3369.2 1293.9 0.801795032983
0.03125 14496.3 387.3 1686.9 687.3 0.808426473681
0.015625 7248.2 262.5 847.1 382.2 0.804734961501
0.5 23877.7 1325.0 3398.1 418.7 0.832149717525
0.25 11938.9 1068.9 1694.2 222.7 0.81021341821
0.125 5969.5 828.5 840.4 121.1 0.80244407225
0.0625 2984.8 599.0 414.8 68.4 0.78948506912
0.03125 1492.3 412.7 208.7 40.7 0.777447361474
0.015625 746.2 276.5 107.2 23.8 0.761314761597
0.5 28151.1 1140.7 3383.5 762.5 0.835797037609
0.25 14075.6 920.2 1686.0 409.8 0.824342658404
0.125 7037.8 711.7 845.0 221.6 0.813860230867
0.0625 3519.0 515.1 423.5 127.2 0.830588021414
0.03125 1759.3 369.1 207.5 71.6 0.836479047683
0.015625 879.8 254.3 106.0 39.4 0.836138969068
0.5 22322.8 874.0 3023.9 590.8 0.707540165505
0.25 11161.4 695.1 1512.5 324.2 0.681093876857
0.125 5580.7 529.1 756.6 180.1 0.698887906741
0.0625 2790.4 387.1 373.8 102.6 0.719235225948
0.03125 1395.0 271.3 187.6 57.9 0.712382800294
0.015625 697.7 182.1 94.8 35.3 0.788492654993
0.5 34203.7 1138.9 8132.2 855.0 0.793644338738
0.25 17101.9 902.4 4063.8 450.0 0.784149699515
0.125 8551.0 681.4 2036.6 240.7 0.775995248641
0.0625 4275.4 498.0 1026.6 132.3 0.767167163402
0.03125 2137.7 350.4 505.5 74.5 0.777559103299
0.015625 1068.9 240.5 253.8 43.3 0.768388763548
0.5 268346.1 985.4 32916.8 14592.5 0.670431184503
0.25 134173.0 778.7 16503.6 7607.4 0.681522683044
0.125 67086.7 607.3 8234.2 4059.5 0.679611459171
0.0625 33543.4 447.1 4118.1 2174.4 0.682225010115
0.03125 16771.4 307.9 2043.0 1173.9 0.724764019446
0.015625 8386.0 214.4 1039.9 651.9 0.752803556375
0.5 35642.2 1041.8 4835.9 915.0 0.769505591762
0.25 17821.2 819.2 2417.6 486.4 0.756356664105
0.125 8910.3 632.8 1196.8 264.2 0.750244168992
0.0625 4455.4 482.9 598.3 141.2 0.766186321997
0.03125 2227.6 353.4 298.5 78.2 0.777381582773
0.015625 1113.9 247.6 152.5 44.2 0.789172692437
0.5 15541.6 927.6 2408.0 372.1 0.665607891144
0.25 7770.8 725.2 1188.7 204.3 0.639554908211
0.125 3885.4 533.6 596.8 118.3 0.615341151954
0.0625 1942.7 379.1 306.3 68.7 0.6085184191
0.03125 971.2 254.9 146.9 41.9 0.619331098085
0.015625 485.6 165.3 74.5 26.2 0.664490444884
0.5 27183.5 1734.7 2421.3 434.6 0.866774279552
0.25 13591.8 1360.5 1197.8 234.6 0.85017079484
0.125 6795.9 1017.6 604.8 130.3 0.841622199213
0.0625 3397.9 721.4 301.8 75.4 0.839701741286
0.03125 1699.0 487.5 148.3 43.1 0.820135197686
0.015625 849.4 318.4 77.5 24.6 0.801573700049
0.5 15786.8 1284.5 1431.9 277.7 0.795960764001
0.25 7893.3 1002.8 711.3 150.2 0.764933928459
0.125 3946.7 742.5 358.2 84.6 0.745477804185
0.0625 1973.5 521.6 169.0 49.5 0.711554264553
0.03125 986.6 354.3 89.5 28.5 0.707810846517
0.015625 493.3 222.9 45.3 18.0 0.717314798569
0.5 206488.4 1325.9 22182.3 9537.7 0.845530900933
0.25 103244.2 1079.1 11144.6 4970.2 0.84459224536
0.125 51622.3 830.8 5555.1 2631.5 0.853254684644
0.0625 25810.9 627.3 2784.5 1386.7 0.84923600794
0.03125 12905.5 448.7 1376.6 776.4 0.872612383862
0.015625 6452.9 317.5 694.4 408.5 0.839437185653
0.5 18451.0 1249.5 1512.6 332.2 0.826884777542
0.25 9225.5 961.5 777.7 183.6 0.81962741045
0.125 4612.7 706.4 385.4 103.4 0.822656315115
0.0625 2306.4 496.1 201.5 59.0 0.825712817795
0.03125 1153.1 343.1 94.9 33.9 0.818705638858
0.015625 576.6 215.9 50.0 21.3 0.827022564188
0.5 27621.0 1307.7 2553.6 472.6 0.783283423224
0.25 13810.6 1047.4 1249.3 254.8 0.761465956058
0.125 6905.5 789.2 616.1 144.9 0.766076681882
0.0625 3452.6 580.4 312.9 81.3 0.750719181356
0.03125 1726.2 404.1 152.2 47.7 0.751636307429
0.015625 863.0 272.9 78.2 28.0 0.749719482767
0.5 18373.1 1041.2 2534.3 420.4 0.643948679227
0.25 9186.5 801.5 1268.2 235.8 0.614800543259
0.125 4593.3 604.4 636.2 132.7 0.614279335622
0.0625 2296.5 433.0 320.0 78.9 0.615955236217
0.03125 1148.2 291.0 162.2 48.7 0.666816037242
0.015625 574.2 186.8 77.6 30.6 0.717294410041
0.5 345058.2 1359.4 77230.3 13833.9 0.88468779215
0.25 172529.1 1090.2 38685.6 7461.6 0.87731900366
0.125 86264.4 836.5 19287.0 4112.3 0.87601493026
0.0625 43132.2 607.2 9687.0 2253.9 0.854383308286
0.03125 21566.2 422.4 4832.7 1254.7 0.851880242399
0.015625 10783.1 284.0 2431.9 702.2 0.840871738046
0.5 233553.5 699.6 29622.9 9046.3 0.760389741842
0.25 116776.9 569.2 14791.7 4803.2 0.742210738753
0.125 58388.4 448.9 7392.0 2572.9 0.735729571041
0.0625 29194.2 340.3 3724.3 1385.4 0.720166501307
0.03125 14597.1 248.0 1870.2 713.0 0.731549363662
0.015625 7298.8 176.9 918.2 390.2 0.720227988385
0.5 413230.9 1011.9 57142.2 23188.9 0.808274565316
0.25 206615.4 800.1 28471.1 12141.0 0.807577976145
0.125 103307.8 608.6 14260.7 6607.5 0.818540739716
0.0625 51653.9 448.7 7112.8 3465.7 0.82260326774
0.03125 25826.8 314.6 3597.4 1879.9 0.838197171478
0.015625 12913.4 221.5 1807.8 983.6 0.831044960945
0.5 20316.0 1492.1 1740.4 300.3 0.894907302617
0.25 10158.0 1171.2 868.9 161.5 0.876855223132
0.125 5078.8 877.3 446.2 89.5 0.864783065686
0.0625 2539.6 623.8 220.1 50.1 0.854719189167
0.03125 1269.6 416.9 111.0 29.3 0.831942977518
0.015625 635.0 273.7 54.3 17.7 0.822946966002
0.5 12891.9 797.3 1092.0 306.8 0.859414325969
0.25 6445.9 635.6 557.6 163.3 0.845411160129
0.125 3223.1 473.4 281.3 93.3 0.852891233615
0.0625 1611.4 343.9 135.5 52.0 0.838365973189
0.03125 805.6 238.2 69.7 30.7 0.851544479473
0.015625 402.9 162.7 36.2 17.9 0.8573826034
0.5 53654.1 949.5 9313.3 1560.5 0.75681792877
0.25 26827.1 758.1 4654.3 846.2 0.751533009013
0.125 13413.4 600.8 2350.9 454.7 0.735459482691
0.0625 6706.8 444.9 1162.0 254.1 0.739049224331
0.03125 3353.5 320.4 577.4 140.0 0.743581172321
0.015625 1676.7 231.8 289.3 79.2 0.739740903204
0.5 21050.1 1052.1 3706.8 556.0 0.812710984263
0.25 10525.3 838.9 1856.4 295.5 0.789885043454
0.125 5262.5 628.6 912.7 165.0 0.783416081993
0.0625 2631.2 457.9 460.5 95.0 0.779770879013
0.03125 1315.6 313.2 239.5 56.7 0.774590280162
0.015625 657.8 209.5 109.3 31.2 0.785603090497
0.5 675175.1 919.5 72493.6 30887.1 0.675434831747
0.25 337587.6 743.5 36169.2 16117.8 0.67074508936
0.125 168793.9 590.0 18128.4 8614.6 0.688277593285
0.0625 84397.1 451.1 9075.7 4629.3 0.695676321509
0.03125 42198.4 345.0 4544.9 2504.3 0.713226769521
0.015625 21099.1 249.4 2276.3 1372.2 0.758975773245
0.5 141649.4 1315.8 72400.8 4070.8 0.755458308166
0.25 70824.7 1059.6 36168.4 2159.8 0.738741111086
0.125 35412.4 820.6 18089.9 1139.5 0.703628555701
0.0625 17706.2 608.3 9076.0 632.6 0.703224712301
0.03125 8853.1 435.2 4511.1 346.6 0.705145225055
0.015625 4426.5 298.3 2273.4 203.8 0.686541479764
0.5 21851.9 1130.2 3067.4 446.1 0.678533701702
0.25 10926.1 880.6 1534.7 244.7 0.653449401632
0.125 5463.0 638.1 757.6 144.3 0.675723710837
0.0625 2731.5 453.8 381.2 83.5 0.664782662076
0.03125 1365.6 308.1 193.1 50.4 0.6899892905
0.015625 682.8 207.1 94.2 30.0 0.721815874236
0.5 357127.7 738.3 82159.5 14719.3 0.531663361652
0.25 178563.9 590.2 41049.6 7872.7 0.504339834944
0.125 89282.0 447.7 20581.8 4379.0 0.513089233775
0.0625 44641.0 326.3 10270.7 2398.2 0.561607496401
0.03125 22320.5 239.4 5100.6 1291.4 0.605797223517
0.015625 11160.2 172.2 2574.2 727.8 0.654197875521
0.5 61846.2 1096.6 9434.0 2385.6 0.85522807794
0.25 30923.3 873.3 4705.6 1220.1 0.840124989994
0.125 15461.5 657.9 2342.6 636.9 0.84185230925
0.0625 7730.9 488.2 1180.9 344.0 0.835429070469
0.03125 3865.5 340.1 588.5 181.5 0.844626596565
0.015625 1932.6 238.8 301.3 94.5 0.820292309337
0.5 26084.0 911.9 4319.2 804.0 0.78960614214
0.25 13042.2 724.9 2195.4 426.8 0.776937459497
0.125 6520.9 554.2 1072.0 233.8 0.77266647187
0.0625 3260.6 404.7 557.9 129.7 0.775847651825
0.03125 1630.2 290.2 276.2 72.3 0.773461315622
0.015625 815.2 193.6 133.5 43.0 0.774653089986
0.5 23073.8 1343.8 3006.4 409.3 0.709231571586
0.25 11537.0 1057.5 1509.1 225.9 0.691505957425
0.125 5768.3 785.0 760.7 125.9 0.6901933799
0.0625 2884.2 563.5 373.6 73.3 0.710498937981
0.03125 1442.1 388.0 186.8 44.3 0.734015306186
0.015625 721.1 253.4 96.7 26.2 0.769617049779
0.5 47824.6 1560.1 11927.7 1256.4 0.754639323579
0.25 23912.4 1241.4 5971.3 679.1 0.74127083296
0.125 11956.1 951.8 2988.5 373.2 0.736506458917
0.0625 5978.2 699.4 1476.6 207.3 0.725367153886
0.03125 2988.9 495.0 756.2 120.5 0.717972256844
0.015625 1494.6 329.8 370.6 72.5 0.724995639393
0.5 19925.8 1282.1 2021.3 354.5 0.759162315786
0.25 9962.8 1002.1 998.7 192.1 0.729888838658
0.125 4981.4 751.8 503.9 108.3 0.705945122784
0.0625 2490.8 532.1 251.9 62.8 0.721665840563
0.03125 1245.3 366.1 125.9 37.4 0.730055187526
0.015625 622.5 240.5 62.8 23.3 0.772805641691
0.5 16335.8 1238.7 2067.4 267.8 0.818000713076
0.25 8168.0 959.0 1030.9 147.0 0.80552451415
0.125 4084.0 713.0 519.0 82.2 0.797804516423
0.0625 2042.0 503.4 267.5 48.8 0.796502712181
0.03125 1020.8 341.7 129.1 28.9 0.806200216464
0.015625 510.6 216.8 66.1 17.5 0.80085056248
0.5 255397.3 906.1 33116.5 9688.4 0.727031812844
0.25 127698.7 732.2 16586.7 5122.3 0.731703564585
0.125 63849.3 567.2 8292.8 2679.6 0.740396646203
0.0625 31924.8 426.8 4157.8 1455.1 0.751880954519
0.03125 15962.2 319.0 2081.5 778.9 0.760613167911
0.015625 7981.3 224.5 1057.5 427.9 0.797588378245
0.5 264161.7 1403.1 27818.7 13992.6 0.860988620905
0.25 132080.9 1119.4 13909.2 7267.9 0.84883627594
0.125 66040.4 859.9 6951.6 3745.7 0.836805830323
0.0625 33020.3 634.2 3472.7 2109.5 0.833137433538
0.03125 16509.9 450.3 1746.8 1121.4 0.830066493201
0.015625 8255.1 304.0 861.3 592.6 0.830030846961
0.5 38977.0 942.3 9850.4 1112.2 0.703746795221
0.25 19488.6 743.1 4912.2 589.4 0.685450559674
0.125 9744.3 563.6 2484.4 325.1 0.680916505615
0.0625 4872.1 429.9 1216.3 170.6 0.676311562894
0.03125 2436.0 299.2 620.6 99.6 0.697034470859
0.015625 1218.1 208.8 311.4 57.6 0.703859714156
0.5 30220.8 857.1 4728.7 898.2 0.769840095663
0.25 15110.4 670.6 2385.8 481.5 0.754527700178
0.125 7555.2 501.7 1162.5 259.3 0.761900611216
0.0625 3777.6 369.2 593.6 141.5 0.762622535502
0.03125 1888.8 258.5 300.8 81.8 0.784145263736
0.015625 944.4 175.7 148.1 46.3 0.77503775796
0.5 28272.6 1801.8 2770.2 326.7 0.800252409077
0.25 14136.4 1442.2 1382.2 177.7 0.759511032867
0.125 7068.3 1081.2 692.8 100.2 0.750252174237
0.0625 3534.1 788.1 342.0 57.3 0.736997543345
0.03125 1767.0 535.3 173.3 36.4 0.759747497421
0.015625 883.6 348.5 87.1 22.5 0.756057723813
0.5 60773.5 1385.6 8918.9 2212.2 0.886150722755
0.25 30386.9 1101.7 4463.8 1124.5 0.871316713755
0.125 15193.4 834.0 2235.3 579.9 0.858739501913
0.0625 7596.7 604.5 1120.0 301.6 0.848259879998
0.03125 3798.4 421.2 560.3 161.3 0.855170991611
0.015625 1899.3 284.8 280.9 85.6 0.83232334505
0.5 22356.0 1360.3 2016.6 400.7 0.873855100054
0.25 11178.0 1072.6 994.8 220.3 0.870037629865
0.125 5589.0 808.6 493.2 120.5 0.868277900132
0.0625 2794.5 588.3 243.4 67.0 0.860913511484
0.03125 1397.2 400.8 125.4 38.3 0.859974171496
0.015625 698.8 266.4 61.3 21.7 0.854933575156
0.5 26083.3 908.8 3522.2 879.4 0.8135486103
0.25 13041.7 724.3 1761.3 472.4 0.801850877015
0.125 6520.8 552.6 886.7 258.5 0.800284877309
0.0625 3260.5 412.9 437.0 143.6 0.785888339241
0.03125 1630.2 292.6 219.3 80.7 0.782934285788
0.015625 815.0 195.7 108.2 46.9 0.808157097818
0.5 24514.5 1029.5 4746.2 540.4 0.466354198804
0.25 12257.4 801.2 2372.9 303.4 0.399439782015
0.125 6128.8 588.6 1178.6 176.7 0.385888711042
0.0625 3064.3 416.1 583.7 107.7 0.469050437292
0.03125 1532.0 285.1 303.7 64.9 0.467443058285
0.015625 766.0 182.7 146.5 42.1 0.570398062513
0.5 25619.0 1006.5 2867.0 763.8 0.823325633921
0.25 12809.5 800.8 1442.5 414.0 0.820580867663
0.125 6404.8 606.9 716.6 227.9 0.82388093796
0.0625 3202.2 438.0 371.4 131.9 0.83034189058
0.03125 1601.3 307.7 183.7 74.6 0.826568577946
0.015625 800.6 204.4 95.6 42.9 0.826317024981
0.5 25993.1 1367.5 2952.9 435.4 0.840975619752
0.25 12996.5 1085.0 1467.0 236.2 0.836292503111
0.125 6498.4 827.5 741.5 129.0 0.825610954381
0.0625 3249.2 605.9 377.7 73.4 0.824438449156
0.03125 1624.5 417.5 187.5 42.8 0.808679706132
0.015625 812.2 288.2 89.1 24.3 0.80338188688
0.5 24376.8 646.3 4826.0 786.8 0.708323184506
0.25 12188.6 515.6 2383.2 427.0 0.682724801343
0.125 6094.2 393.7 1189.1 236.9 0.669659115842
0.0625 3047.1 287.8 604.2 135.8 0.669584131136
0.03125 1523.5 206.7 300.5 78.3 0.672719551709
0.015625 761.8 142.9 150.3 45.8 0.704781169905
0.5 26161.0 887.9 2390.5 802.7 0.775972006664
0.25 13080.5 696.0 1201.2 442.1 0.766914188759
0.125 6540.2 525.2 600.1 248.7 0.76739866912
0.0625 3270.2 386.1 299.6 137.1 0.775315290385
0.03125 1635.0 271.8 152.5 78.3 0.785141102394
0.015625 817.4 189.6 77.4 43.8 0.789628383152
