0.5 4145.4 578.4 721.2 5107.5 0.923645365061
0.25 2072.7 407.6 363.0 884.6 0.968427642078
0.125 1036.5 276.7 176.3 238.7 0.974525203227
0.0625 518.1 171.0 86.5 95.4 0.966566995679
0.03125 259.1 105.6 45.3 38.1 0.939753522906
0.015625 129.7 63.2 23.4 18.3 0.953013447345
0.5 5319.7 574.8 1224.6 7494.5 0.929124981341
0.25 2659.8 410.6 619.9 1701.8 0.955076728054
0.125 1330.0 275.5 292.2 514.0 0.952523954854
0.0625 664.9 176.9 150.4 208.2 0.947509664537
0.03125 332.6 115.1 81.3 76.3 0.944817254325
0.015625 166.2 69.1 37.8 70.9 0.888607513007
0.5 9975.2 571.9 3526.3 13350.3 0.926209842717
0.25 4987.4 417.7 1756.1 2325.1 0.954396456231
0.125 2493.9 281.3 879.2 769.0 0.950914945143
0.0625 1246.9 190.2 439.4 217.9 0.951220468579
0.03125 623.5 117.1 220.4 136.5 0.942731048511
0.015625 311.8 76.6 103.9 57.5 0.921069386745
0.5 6283.8 617.0 1083.3 9361.7 0.939474337993
0.25 3141.8 438.8 554.5 2042.0 0.967067248641
0.125 1571.2 301.2 264.1 631.8 0.967297103082
0.0625 785.4 191.9 135.6 211.4 0.957413891287
0.03125 392.6 121.1 69.7 92.7 0.932562530963
0.015625 196.5 75.1 33.9 40.6 0.923443123368
0.5 6833.5 682.6 1088.7 12653.6 0.915601626684
0.25 3416.7 491.0 548.9 2166.7 0.940342899086
0.125 1708.5 332.4 275.5 689.3 0.945380560297
0.0625 854.2 221.3 136.4 206.2 0.952798994151
0.03125 427.0 134.1 69.5 100.0 0.929414457628
0.015625 213.5 85.2 35.0 44.4 0.930520982605
0.5 6017.8 627.6 1512.4 7255.7 0.917671403828
0.25 3008.8 431.4 756.3 1549.2 0.941282692723
0.125 1504.7 289.6 385.3 474.5 0.951184455973
0.0625 752.2 188.0 192.6 144.6 0.941674377195
0.03125 376.1 120.9 92.7 68.9 0.939788439534
0.015625 188.1 73.4 46.9 39.6 0.912691104846
0.5 7594.2 622.0 2275.3 7224.8 0.914715401599
0.25 3797.1 445.4 1132.2 1238.4 0.948178222293
0.125 1898.7 300.9 561.1 372.8 0.965038715165
0.0625 949.3 192.6 281.9 112.0 0.954319510837
0.03125 474.6 117.8 142.8 57.9 0.936852112493
0.015625 237.5 74.2 69.5 23.5 0.927977248466
0.5 4720.0 522.5 573.1 12941.3 0.917721117942
0.25 2359.9 379.4 278.0 2634.2 0.946419622704
0.125 1180.2 258.3 142.6 726.5 0.949444824075
0.0625 590.0 170.0 70.3 254.8 0.933573368359
0.03125 295.0 111.8 31.8 117.5 0.928008303941
0.015625 147.5 70.8 19.2 38.4 0.925698511947
0.5 6558.8 554.2 1194.7 10704.3 0.917681552075
0.25 3279.3 398.5 589.0 2176.8 0.940895294219
0.125 1639.8 267.8 300.9 650.5 0.956485108207
0.0625 820.0 173.7 147.4 238.0 0.942885171046
0.03125 409.9 112.7 73.2 111.0 0.943147011129
0.015625 204.9 69.0 38.2 65.3 0.912766384249
0.5 7561.8 599.8 2399.9 10243.7 0.909653820948
0.25 3780.9 436.4 1191.4 1881.0 0.933832258138
0.125 1890.5 290.2 610.4 601.9 0.932265741937
0.0625 945.3 194.3 303.6 158.4 0.937393996395
0.03125 472.5 123.4 152.4 54.0 0.933898784416
0.015625 236.3 72.9 76.4 30.1 0.859685338618
0.5 7475.9 670.9 1609.7 10172.8 0.92829556045
0.25 3737.8 479.8 804.8 1898.3 0.963277027352
0.125 1869.1 321.6 401.1 621.7 0.962732243123
0.0625 934.5 204.0 201.4 211.1 0.958753686055
0.03125 467.2 129.2 106.0 85.4 0.938895857813
0.015625 233.7 78.0 51.6 48.7 0.931993096702
0.5 5436.9 628.2 1319.3 8029.9 0.903273856886
0.25 2718.5 457.4 651.5 1417.7 0.946457198544
0.125 1359.4 304.6 327.7 407.3 0.945098690968
0.0625 679.4 192.9 167.5 143.1 0.931041099082
0.03125 339.8 122.9 84.9 75.1 0.935281697762
0.015625 169.9 73.6 42.7 25.1 0.882829323511
0.5 8581.6 692.8 2235.8 11506.0 0.929152653244
0.25 4290.7 503.7 1123.5 1894.2 0.957550176784
0.125 2145.5 333.2 569.6 605.6 0.963178131168
0.0625 1072.5 218.0 279.1 195.3 0.943453081112
0.03125 536.4 140.1 138.1 90.8 0.925149110429
0.015625 268.1 84.0 71.9 39.8 0.900556193294
0.5 8643.5 599.9 3233.8 9865.6 0.899001838495
0.25 4321.5 434.6 1622.3 1605.7 0.938765630648
0.125 2160.8 291.5 808.7 472.8 0.934846612186
0.0625 1080.5 191.5 402.1 159.7 0.930315960051
0.03125 540.2 118.8 200.5 61.0 0.898439931196
0.015625 270.1 73.8 103.2 31.7 0.879550334591
0.5 9965.4 610.4 3234.1 9733.5 0.911284998591
0.25 4982.7 441.2 1620.3 1693.3 0.941644757983
0.125 2491.6 294.4 806.7 558.9 0.951596929922
0.0625 1245.7 187.3 400.7 197.1 0.943678470837
0.03125 622.7 119.5 201.4 88.1 0.907643235154
0.015625 311.5 74.8 99.8 43.9 0.869955277287
0.5 6634.2 595.2 1661.5 8428.2 0.929374204391
0.25 3317.0 424.8 821.4 1640.8 0.951754523616
0.125 1658.7 282.0 425.2 558.7 0.962270177677
0.0625 829.2 184.1 208.8 221.0 0.959303808285
0.03125 414.6 118.3 102.7 84.6 0.946265571757
0.015625 207.4 73.1 52.5 41.6 0.943786936049
0.5 4393.9 623.7 614.0 8452.0 0.916384196851
0.25 2197.1 439.7 310.2 1594.4 0.955210049975
0.125 1098.6 295.1 152.7 459.2 0.958632502453
0.0625 549.1 189.3 81.8 143.8 0.955586516537
0.03125 274.6 122.6 39.2 61.2 0.945985662584
0.015625 137.4 72.8 20.1 25.6 0.910366839697
0.5 5214.5 657.8 847.6 7717.3 0.913844678788
0.25 2607.2 459.5 429.6 1564.7 0.938971819743
0.125 1303.9 312.3 217.0 358.7 0.953593543721
0.0625 651.8 201.6 105.0 129.0 0.941424471712
0.03125 325.8 124.5 53.2 57.6 0.901235746299
0.015625 163.0 74.1 28.5 25.5 0.893522313585
0.5 5622.2 584.4 1699.6 8052.4 0.929641694973
0.25 2810.9 413.9 841.4 1518.3 0.959932360992
0.125 1405.8 286.2 416.2 472.2 0.958762369992
0.0625 702.7 180.0 210.7 158.4 0.953769797935
0.03125 351.4 114.1 104.5 74.2 0.948581818707
0.015625 175.8 67.7 51.8 40.5 0.891534397104
0.5 4849.8 666.0 905.1 8091.5 0.908503603516
0.25 2425.0 471.0 454.8 1448.0 0.950856195905
0.125 1212.7 312.5 225.0 422.0 0.955197520137
0.0625 606.0 202.5 115.2 152.8 0.945687724614
0.03125 303.1 124.2 55.0 46.8 0.901842381331
0.015625 151.7 76.0 28.0 17.6 0.865825355202
0.5 5238.6 656.6 1191.0 7150.3 0.924360774477
0.25 2619.2 470.3 607.6 1166.9 0.961626660787
0.125 1309.6 313.0 301.0 313.7 0.956246456541
0.0625 654.9 198.5 151.5 124.7 0.949014554622
0.03125 327.3 124.4 75.6 50.9 0.941987440528
0.015625 163.8 72.8 37.2 25.9 0.90405842947
0.5 4910.9 589.2 772.3 9794.5 0.917015998202
0.25 2455.4 423.5 387.4 1993.7 0.960768562793
0.125 1227.8 283.5 184.2 734.0 0.958233256521
0.0625 613.8 183.1 96.2 244.9 0.966195016223
0.03125 306.9 114.1 50.8 87.5 0.946217073139
0.015625 153.6 67.9 26.9 46.5 0.9189615994
0.5 10188.0 588.7 4151.5 8125.6 0.893076286735
0.25 5094.0 416.3 2085.4 1390.1 0.948230954015
0.125 2547.0 273.3 1044.6 478.1 0.957174373492
0.0625 1273.5 182.7 506.8 164.4 0.935859019319
0.03125 636.9 117.2 254.2 75.0 0.937854592991
0.015625 318.5 68.9 134.4 44.8 0.845967580493
0.5 7228.2 616.2 1646.8 10632.7 0.933940000976
0.25 3614.0 437.7 820.4 1972.6 0.967400508054
0.125 1807.2 300.5 420.8 544.4 0.957762267188
0.0625 903.5 191.1 206.0 225.9 0.955617002815
0.03125 451.7 122.8 102.6 91.4 0.9443328382
0.015625 225.9 73.9 51.4 43.3 0.912830495501
0.5 5747.5 638.3 1620.6 7391.8 0.929959347239
0.25 2873.8 449.2 808.3 1425.9 0.966532846748
0.125 1436.9 309.1 404.5 348.8 0.9748264195
0.0625 718.4 193.6 198.9 149.3 0.965633516164
0.03125 359.4 124.9 100.6 54.3 0.948741685354
0.015625 179.7 71.9 50.4 27.8 0.944293955059
0.5 4443.7 590.1 651.3 9125.5 0.888114135182
0.25 2222.0 422.5 327.4 1697.9 0.933634638334
0.125 1111.2 281.5 159.6 459.2 0.938919879458
0.0625 555.6 186.4 81.1 193.9 0.929185801198
0.03125 277.5 116.6 38.6 63.0 0.928929479554
0.015625 138.8 72.4 21.6 39.8 0.896962132535
0.5 10275.9 692.3 3222.3 10058.0 0.923368177683
0.25 5137.9 485.5 1619.7 1895.2 0.953817266638
0.125 2569.2 331.4 807.3 580.6 0.962564212909
0.0625 1284.4 203.7 397.5 255.8 0.947803049534
0.03125 642.2 133.1 202.9 73.8 0.933524508564
0.015625 321.2 78.5 104.6 46.1 0.891977573806
0.5 4502.8 687.4 437.4 7683.9 0.877869068834
0.25 2251.3 485.9 211.2 1313.4 0.917757535111
0.125 1125.7 326.9 110.4 323.5 0.931118659955
0.0625 562.8 208.3 59.9 108.3 0.933361230438
0.03125 281.4 125.9 30.8 51.4 0.904904749317
0.015625 140.7 78.0 13.8 20.0 0.889482675134
0.5 6364.5 640.7 1164.3 11962.2 0.906171696891
0.25 3182.1 453.0 580.2 2364.2 0.958412158352
0.125 1591.3 313.8 297.0 500.4 0.956562699496
0.0625 795.6 200.7 147.6 226.4 0.95603728096
0.03125 397.7 130.5 74.4 83.7 0.949658335337
0.015625 198.9 75.5 42.5 36.6 0.923460349676
0.5 6883.4 653.2 1611.9 8731.4 0.919925083604
0.25 3441.7 461.4 806.8 1774.0 0.950144525839
0.125 1720.9 309.7 403.9 563.3 0.953051433685
0.0625 860.5 195.9 202.3 234.7 0.938004370675
0.03125 430.1 124.9 100.3 105.6 0.924968521555
0.015625 215.2 76.2 51.8 46.7 0.906492070158
0.5 12091.1 589.5 4428.4 8713.0 0.933318045123
0.25 6045.4 415.6 2206.5 1750.4 0.96120545285
0.125 3022.8 278.5 1106.4 500.3 0.957148676557
0.0625 1511.5 181.2 555.0 183.4 0.946053923635
0.03125 755.6 113.5 273.3 91.2 0.930533593163
0.015625 378.0 72.4 142.2 44.0 0.870133970261
0.5 6457.0 596.7 1375.3 14154.5 0.93010650023
0.25 3228.4 433.8 684.4 2629.4 0.959777316785
0.125 1614.3 287.1 350.8 881.6 0.9629876054
0.0625 807.1 191.0 169.5 306.2 0.962222731783
0.03125 403.5 124.5 91.4 124.9 0.957829594774
0.015625 201.8 75.0 44.1 65.2 0.912310774806
0.5 4592.9 609.5 755.3 8476.6 0.911896772023
0.25 2296.7 434.1 382.3 1486.1 0.944466826615
0.125 1148.3 292.3 185.0 429.1 0.935822528135
0.0625 574.0 194.2 94.6 136.3 0.936598984612
0.03125 286.9 118.2 49.9 53.7 0.944114447316
0.015625 143.6 75.0 23.3 23.2 0.916100834222
0.5 6375.5 532.2 1802.8 11064.8 0.934758910316
0.25 3187.6 381.3 883.2 2239.2 0.959812390338
0.125 1594.0 257.9 452.7 537.5 0.968205759332
0.0625 797.0 169.8 219.9 249.8 0.940064010479
0.03125 398.6 108.6 107.1 109.5 0.937064089787
0.015625 199.1 68.5 56.7 53.9 0.903145616558
0.5 8966.6 741.6 3280.5 7749.7 0.895000093621
0.25 4483.5 523.4 1629.8 1183.0 0.942817940929
0.125 2241.6 344.1 821.0 322.2 0.944761714486
0.0625 1120.8 221.0 410.8 104.2 0.927375814434
0.03125 560.4 138.8 208.5 41.1 0.902719865663
0.015625 280.3 83.6 98.0 23.0 0.894089890855
0.5 9757.0 724.1 2980.3 9115.9 0.912820068142
0.25 4878.4 510.5 1484.1 1633.9 0.94137438653
0.125 2439.2 333.7 751.0 487.4 0.942224186455
0.0625 1219.6 222.8 373.7 170.8 0.941391973888
0.03125 609.7 142.5 184.5 75.4 0.902918055082
0.015625 305.0 83.9 93.3 51.2 0.927253251659
0.5 4645.8 573.4 579.7 7420.2 0.919757533481
0.25 2322.9 410.6 297.8 1148.5 0.960949566378
0.125 1161.5 273.3 147.4 361.0 0.95954810401
0.0625 580.8 176.8 72.5 123.2 0.942977332772
0.03125 290.2 112.4 37.2 53.0 0.943024564073
0.015625 145.3 67.0 18.9 29.4 0.927670577935
0.5 4935.2 598.1 808.2 11437.4 0.917730536959
0.25 2467.7 430.2 396.9 2165.8 0.949853728291
0.125 1233.8 285.4 201.1 809.4 0.961496095055
0.0625 616.9 191.5 106.7 244.8 0.967240266932
0.03125 308.5 120.0 52.0 78.1 0.949930194575
0.015625 154.3 73.5 28.1 29.4 0.925877597824
0.5 5983.9 629.3 1827.9 8921.8 0.909782446729
0.25 2992.0 455.3 919.6 1601.5 0.945180189042
0.125 1495.9 308.3 460.7 397.3 0.956425928393
0.0625 748.0 202.4 228.9 132.2 0.944722369023
0.03125 374.0 125.0 114.6 51.7 0.933850426525
0.015625 187.1 78.8 58.6 19.3 0.901503331543
0.5 9173.9 665.6 3264.3 8154.7 0.896014299221
0.25 4587.1 473.1 1624.9 1284.5 0.941951558801
0.125 2293.5 320.6 814.4 356.1 0.953649860072
0.0625 1146.6 202.8 408.6 135.9 0.919276463378
0.03125 573.4 126.1 199.1 63.5 0.910147308977
0.015625 286.8 73.6 102.2 37.4 0.899560649029
0.5 6993.6 550.9 1584.9 15027.8 0.911402797254
0.25 3496.7 391.0 793.3 3530.7 0.943305700733
0.125 1748.5 272.0 401.0 873.9 0.955665478297
0.0625 874.3 179.5 195.6 330.1 0.962011771201
0.03125 437.0 112.1 100.0 176.3 0.954117163448
0.015625 218.6 70.1 50.9 67.2 0.914066329515
0.5 10569.1 718.1 3887.5 9962.6 0.916368148097
0.25 5284.5 507.0 1929.8 2593.7 0.938050805446
0.125 2642.3 355.3 964.9 514.5 0.950737819807
0.0625 1321.1 221.3 480.0 246.1 0.947936335498
0.03125 660.6 134.1 247.2 97.8 0.933415655338
0.015625 330.4 81.4 123.4 43.5 0.913778755568
0.5 8086.8 676.2 2284.7 9849.5 0.907701787478
0.25 4043.4 481.4 1136.5 1745.6 0.939987800903
0.125 2021.7 320.2 571.6 430.6 0.9522973984
0.0625 1010.7 205.4 284.9 150.1 0.951258034639
0.03125 505.4 132.0 147.0 58.2 0.931323234579
0.015625 252.9 76.4 70.6 29.7 0.907672365492
0.5 6098.8 651.2 1365.8 9184.3 0.925254407556
0.25 3049.3 456.8 685.9 1594.6 0.95202204573
0.125 1524.8 311.1 341.0 464.4 0.953491794131
0.0625 762.3 200.7 177.7 156.2 0.959551020345
0.03125 381.2 127.1 85.2 76.2 0.939363570084
0.015625 190.7 77.4 42.8 34.2 0.911992872535
0.5 5787.8 645.0 1116.9 10258.1 0.910215754601
0.25 2894.1 460.4 558.7 1945.5 0.950378047457
0.125 1447.1 307.1 272.6 652.4 0.945901427708
0.0625 723.3 201.0 142.5 226.0 0.947857363602
0.03125 361.7 130.5 70.1 65.5 0.933429780392
0.015625 181.0 80.1 35.6 31.0 0.889332306179
0.5 8207.8 666.6 2185.4 11651.2 0.92732666107
0.25 4103.9 485.2 1068.4 2245.1 0.960368294053
0.125 2052.2 324.5 539.2 701.2 0.955730876487
0.0625 1025.9 210.8 276.4 234.5 0.952741679862
0.03125 512.9 132.9 137.5 97.2 0.930314246904
0.015625 256.6 84.4 67.6 39.1 0.923163973412
0.5 8133.0 681.2 2411.9 10176.5 0.903910102292
0.25 4066.6 492.6 1212.9 1516.1 0.947933533842
0.125 2033.3 327.4 609.3 422.6 0.95150659452
0.0625 1016.5 209.9 304.1 144.3 0.944667421508
0.03125 508.2 129.1 153.9 66.2 0.932506262889
0.015625 254.2 78.4 78.1 32.6 0.914935201493
0.5 9022.8 653.6 2079.2 14097.4 0.940960101956
0.25 4511.2 466.3 1032.8 3037.3 0.967533137091
0.125 2255.8 311.6 528.4 1006.8 0.96460798408
0.0625 1127.7 208.3 259.7 324.9 0.956346756826
0.03125 564.0 130.1 130.7 124.7 0.938276558672
0.015625 281.9 81.9 66.0 75.3 0.920954340303
0.5 8212.1 645.9 2188.2 14183.8 0.918333333997
0.25 4105.9 462.1 1112.8 2439.3 0.948554177441
0.125 2053.0 314.9 550.3 679.5 0.967462326478
0.0625 1026.5 205.5 274.0 262.8 0.947058672909
0.03125 513.3 131.6 138.9 108.0 0.930577019511
0.015625 256.7 79.5 69.4 64.1 0.904936653446
0.5 5953.9 539.4 1392.3 14048.6 0.923561856848
0.25 2976.8 391.8 689.7 2970.2 0.955584675097
0.125 1488.7 267.8 340.5 836.3 0.953075643851
0.0625 744.1 182.3 169.0 248.4 0.967018269297
0.03125 372.0 115.3 84.2 115.9 0.944325329764
0.015625 186.1 70.5 45.0 60.5 0.922189422259
0.5 4997.3 601.4 1459.1 7316.9 0.905060520344
0.25 2498.7 430.1 727.1 1347.1 0.952827688421
0.125 1249.4 284.1 362.9 368.0 0.963911157545
0.0625 624.7 181.9 186.5 122.0 0.959706703256
0.03125 312.3 115.2 94.8 44.7 0.960553309426
0.015625 156.3 69.3 46.0 25.1 0.941062848925
0.5 6404.5 646.9 2085.2 8983.2 0.920911498331
0.25 3202.3 462.9 1027.6 1796.4 0.943153670585
0.125 1601.2 309.7 515.1 525.8 0.957420587536
0.0625 800.6 195.9 263.9 187.8 0.936420806047
0.03125 400.3 121.7 132.4 62.7 0.925089893618
0.015625 200.3 79.4 67.4 22.6 0.860744171878
0.5 9229.0 642.6 3076.0 8722.4 0.910075209835
0.25 4614.7 467.7 1544.8 1486.3 0.943793627713
0.125 2307.5 311.1 769.1 410.3 0.951966362696
0.0625 1153.6 196.9 388.7 166.5 0.942462371124
0.03125 576.6 125.0 194.2 76.6 0.918437221485
0.015625 288.4 75.7 91.3 40.0 0.907690072051
0.5 8136.5 686.1 2188.3 7177.7 0.930038291794
0.25 4068.2 482.9 1084.3 1390.2 0.956299324334
0.125 2034.1 321.8 541.1 397.8 0.955245422924
0.0625 1017.1 207.0 272.4 178.7 0.9445278718
0.03125 508.6 132.0 135.7 77.7 0.914185905579
0.015625 254.2 76.6 69.0 55.6 0.886402213653
0.5 5439.4 585.0 918.1 8155.3 0.909127636717
0.25 2719.7 419.4 456.2 1839.6 0.947793857963
0.125 1359.9 282.3 220.6 550.4 0.952072973371
0.0625 680.0 183.1 120.6 169.0 0.946134726696
0.03125 339.9 114.2 57.2 97.2 0.949435996955
0.015625 169.9 68.5 30.0 45.5 0.916894136973
0.5 7606.0 720.4 1708.1 13287.9 0.887533303914
0.25 3802.9 517.8 849.7 2338.6 0.937402843999
0.125 1901.5 363.0 433.5 538.5 0.940162355152
0.0625 950.8 231.3 218.2 206.1 0.950513775095
0.03125 475.3 142.4 108.9 92.4 0.907083834032
0.015625 237.9 87.5 55.3 36.0 0.911400734257
0.5 10845.9 626.3 3388.0 13130.4 0.920778613059
0.25 5422.9 450.1 1695.2 2807.7 0.949195285416
0.125 2711.5 303.4 858.9 755.7 0.9505577799
0.0625 1355.8 201.7 432.2 276.6 0.933724864953
0.03125 677.8 129.0 215.5 125.0 0.929357523748
0.015625 339.1 79.4 104.3 55.0 0.916896213283
0.5 5347.4 616.1 1536.9 6554.7 0.900610311326
0.25 2673.6 435.9 767.3 1121.7 0.932262346495
0.125 1336.9 290.0 386.5 342.9 0.943864233012
0.0625 668.4 191.0 192.0 105.7 0.922321890871
0.03125 334.2 118.8 93.4 49.5 0.940987590471
0.015625 167.0 71.0 45.0 23.3 0.855817399705
0.5 9441.6 603.1 2717.0 10590.8 0.923779379036
0.25 4720.8 430.8 1360.5 2114.4 0.95303763096
0.125 2360.4 293.4 689.3 594.3 0.943185015474
0.0625 1180.2 191.7 338.6 224.7 0.927459768083
0.03125 590.0 118.8 170.7 109.4 0.910538496289
0.015625 295.1 70.7 83.8 64.0 0.892109858661
0.5 8204.5 616.9 2521.6 11104.4 0.914153316125
0.25 4102.1 446.3 1276.4 1918.5 0.938453379304
0.125 2051.0 308.3 620.4 564.1 0.939528560755
0.0625 1025.6 200.2 307.0 219.7 0.933263389248
0.03125 512.7 121.5 158.8 99.3 0.937499969282
0.015625 256.4 75.1 76.7 44.6 0.90447117282
0.5 9475.4 567.1 3159.8 11337.2 0.934139505053
0.25 4737.8 412.4 1564.2 2257.9 0.960933517245
0.125 2369.0 277.9 796.9 651.1 0.956687752299
0.0625 1184.3 184.4 389.1 238.5 0.941587182814
0.03125 592.3 116.2 198.2 105.9 0.916214296862
0.015625 296.2 71.0 99.4 67.6 0.906454098925
0.5 6794.9 700.0 1565.9 7791.7 0.927115873068
0.25 3397.3 493.0 790.1 1290.5 0.962441877279
0.125 1699.0 326.7 395.9 374.0 0.963764401687
0.0625 849.2 212.8 199.5 144.5 0.948644165011
0.03125 424.7 130.8 102.6 66.0 0.935545589791
0.015625 212.5 80.3 52.9 29.9 0.910885523876
0.5 3786.9 584.4 619.8 4794.1 0.899990622275
0.25 1893.6 409.3 310.3 716.1 0.946003316698
0.125 946.9 269.9 153.6 215.3 0.942436011704
0.0625 473.3 168.8 76.7 79.9 0.956459026695
0.03125 236.6 102.6 40.6 30.9 0.905334008128
0.015625 118.5 63.2 19.5 15.6 0.939473962546
0.5 6111.7 643.7 1909.8 6096.3 0.920957193827
0.25 3055.9 451.0 923.5 1180.5 0.95913253769
0.125 1527.9 298.1 468.4 400.6 0.954663679731
0.0625 763.9 190.8 234.1 168.5 0.955415560638
0.03125 382.1 116.4 117.6 82.0 0.942242770561
0.015625 190.8 71.9 57.5 38.6 0.911699330434
0.5 5396.8 599.9 1134.3 9009.7 0.900708085635
0.25 2698.3 427.4 555.6 1719.7 0.949860958366
0.125 1349.4 284.0 279.6 440.1 0.954588592922
0.0625 674.5 187.0 138.6 156.4 0.947366500816
0.03125 337.3 117.6 67.7 55.2 0.930108382909
0.015625 168.7 67.6 37.8 33.7 0.825071691665
0.5 11610.4 629.6 3773.2 11412.9 0.925859451856
0.25 5805.1 441.9 1890.4 2162.9 0.961580040771
0.125 2902.6 303.8 942.7 586.5 0.967171108344
0.0625 1451.3 190.6 482.9 235.4 0.954004348954
0.03125 725.7 121.7 239.5 117.2 0.951324281299
0.015625 362.9 75.6 120.2 53.7 0.936018708949
0.5 8505.1 705.5 2726.1 7946.7 0.904819782418
0.25 4252.6 495.5 1354.0 1301.9 0.947051720259
0.125 2126.4 330.7 688.3 321.1 0.961528984041
0.0625 1063.2 213.5 343.8 134.9 0.953152748122
0.03125 531.4 130.8 168.6 51.9 0.926964912424
0.015625 266.0 77.3 89.1 28.9 0.900546170223
0.5 6861.4 596.1 2159.8 9687.6 0.915353479317
0.25 3430.6 431.8 1105.6 1625.4 0.950087567667
0.125 1715.4 289.7 546.5 521.1 0.94715426742
0.0625 857.7 190.9 273.2 198.3 0.929254652809
0.03125 428.8 117.8 139.7 92.8 0.921417217815
0.015625 214.3 71.9 70.7 44.1 0.919932541164
0.5 5207.6 610.0 686.7 8240.2 0.924406729506
0.25 2603.9 441.1 340.8 1350.4 0.952689072832
0.125 1302.0 292.3 169.1 397.0 0.959434260804
0.0625 650.9 184.7 83.2 184.2 0.935910408065
0.03125 325.3 117.3 44.3 70.1 0.948446280479
0.015625 162.7 76.1 22.3 28.9 0.917303299615
0.5 4683.2 702.7 554.8 5440.1 0.887100613591
0.25 2341.6 492.6 290.8 948.7 0.9322113317
0.125 1171.0 325.3 146.6 256.6 0.952015564075
0.0625 585.4 208.4 76.4 88.7 0.957268337566
0.03125 292.7 124.4 37.0 50.9 0.946573255382
0.015625 146.4 74.5 19.6 25.0 0.883734939615
0.5 12451.1 617.5 4176.0 11997.4 0.929858915788
0.25 6225.4 439.8 2095.4 2321.4 0.959432295602
0.125 3112.9 299.5 1049.1 737.2 0.964133308782
0.0625 1556.4 195.3 509.5 313.5 0.962303621476
0.03125 778.1 127.3 259.8 134.7 0.934580227568
0.015625 389.2 75.0 131.8 81.3 0.905813412369
0.5 3907.0 585.0 551.5 7428.3 0.913320286823
0.25 1953.4 415.7 269.0 1641.1 0.945238798226
0.125 976.8 275.5 136.8 473.0 0.956411244286
0.0625 488.3 178.9 63.4 144.9 0.960036266796
0.03125 244.3 110.9 32.2 54.9 0.928383268611
0.015625 122.2 66.9 19.2 17.5 0.93283710362
0.5 7847.9 606.3 2592.3 8335.5 0.905172751254
0.25 3923.7 436.3 1276.2 1327.9 0.94450201139
0.125 1962.0 289.7 649.0 337.0 0.943341079755
0.0625 981.0 186.8 327.7 147.7 0.941773319835
0.03125 490.5 116.6 158.5 65.8 0.931261477799
0.015625 245.3 70.5 82.9 32.8 0.873462105969
0.5 4338.8 592.4 677.4 8013.7 0.88303776764
0.25 2169.4 422.5 344.5 1522.1 0.930970868366
0.125 1084.8 285.0 168.6 476.1 0.952434842077
0.0625 542.4 177.0 85.9 175.9 0.94252638517
0.03125 271.2 115.3 44.8 51.4 0.941301840752
0.015625 135.6 69.2 21.0 26.4 0.880347793945
0.5 5216.0 624.1 1144.9 8780.9 0.906461806646
0.25 2608.0 445.3 578.2 1504.5 0.941611687361
0.125 1304.1 297.9 295.8 542.1 0.938300779412
0.0625 652.0 195.6 147.0 150.4 0.944649724119
0.03125 325.9 121.9 72.5 74.2 0.914893745187
0.015625 163.0 73.4 38.2 27.0 0.931723912837
0.5 4689.7 617.8 572.0 8235.9 0.886459916832
0.25 2344.8 437.7 292.2 1356.1 0.925281424078
0.125 1172.4 294.3 146.7 398.8 0.939917979182
0.0625 586.2 183.4 72.8 163.3 0.928917653126
0.03125 293.0 116.9 35.8 66.8 0.929027954004
0.015625 146.7 69.8 18.8 38.0 0.917341238492
0.5 6123.0 630.2 1129.9 8152.9 0.919051604759
0.25 3061.5 449.6 559.6 1336.3 0.956135567651
0.125 1530.9 299.2 278.2 427.0 0.957133153753
0.0625 765.3 191.3 137.4 165.6 0.952782899039
0.03125 382.7 121.6 74.1 56.7 0.938973240713
0.015625 191.3 73.4 34.9 42.5 0.9109687687
0.5 8315.2 637.9 2518.8 8217.2 0.930886646735
0.25 4157.7 445.4 1250.3 1585.6 0.961386311215
0.125 2078.9 308.6 626.7 416.7 0.96300410202
0.0625 1039.3 194.4 312.4 161.7 0.945380780655
0.03125 519.5 124.1 155.2 62.5 0.930606345629
0.015625 260.1 76.3 80.3 29.9 0.899782537977
0.5 6754.2 589.2 1745.3 9781.8 0.913110084474
0.25 3377.0 417.7 877.0 1573.0 0.951410968803
0.125 1688.7 279.1 445.1 497.7 0.949355308462
0.0625 844.2 180.6 215.3 199.2 0.946031133352
0.03125 422.1 113.7 112.3 105.0 0.942923493647
0.015625 211.0 68.1 57.3 67.5 0.925935137757
0.5 7275.1 688.5 2464.7 8459.8 0.916762284679
0.25 3637.4 489.3 1248.0 1361.1 0.957726869247
0.125 1818.8 326.6 627.5 358.1 0.96067093167
0.0625 909.4 206.6 315.7 140.5 0.927753530947
0.03125 454.7 132.2 151.2 76.1 0.923239145766
0.015625 227.3 82.1 74.3 32.1 0.902189794081
0.5 5213.7 611.5 1141.4 8606.1 0.928150742039
0.25 2606.9 438.8 570.3 1594.6 0.968005497355
0.125 1303.6 292.6 281.9 492.7 0.966174137846
0.0625 651.7 190.2 142.3 185.3 0.962393119971
0.03125 325.7 116.9 73.3 76.3 0.951983491842
0.015625 163.0 73.1 36.9 31.0 0.93131484772
0.5 13134.5 590.0 5346.4 10478.1 0.938961876304
0.25 6567.2 418.2 2670.2 2229.7 0.965109612331
0.125 3283.7 293.8 1331.9 595.0 0.964748539139
0.0625 1641.7 191.9 659.4 230.2 0.951493105599
0.03125 820.8 123.5 337.2 99.4 0.92951404876
0.015625 410.5 70.2 168.7 57.6 0.917898421497
0.5 5742.3 571.9 1045.5 8377.3 0.930016474474
0.25 2871.1 407.1 531.5 1774.7 0.9562668687
0.125 1435.8 271.8 265.7 495.0 0.959922867849
0.0625 717.7 179.8 132.8 193.9 0.946308726939
0.03125 358.9 110.7 62.9 81.8 0.939661854526
0.015625 179.5 70.8 32.6 52.8 0.928573838857
0.5 3978.6 609.0 380.5 7788.7 0.914535954874
0.25 1989.2 426.9 201.5 1456.1 0.961041193979
0.125 994.8 292.9 96.8 436.4 0.960705601011
0.0625 497.4 191.7 43.9 129.8 0.955657220901
0.03125 248.5 120.2 25.0 51.9 0.920687086331
0.015625 124.5 70.1 14.6 22.6 0.921354445814
0.5 5853.6 569.6 1317.8 10985.7 0.912279453414
0.25 2926.7 406.9 658.0 2054.5 0.946382155436
0.125 1463.4 284.2 329.0 538.4 0.94620801254
0.0625 731.7 183.6 161.6 216.6 0.955187355085
0.03125 365.8 114.3 83.4 90.7 0.936314927102
0.015625 182.9 73.7 42.0 39.2 0.938733799354
0.5 7069.3 583.5 1756.3 12325.6 0.923260687689
0.25 3534.6 425.9 864.7 2432.7 0.957203443025
0.125 1767.5 288.2 438.9 699.1 0.959837043332
0.0625 883.5 186.7 219.5 275.8 0.949636602925
0.03125 441.8 120.7 105.7 108.7 0.933216572048
0.015625 220.8 74.7 57.6 47.2 0.862788187362
0.5 5011.7 596.3 849.8 6520.4 0.917369461327
0.25 2505.7 419.5 421.5 1361.9 0.944861364545
0.125 1252.9 283.4 210.3 352.5 0.958014980751
0.0625 626.5 180.7 107.2 141.0 0.93709030994
0.03125 313.2 113.2 54.7 70.9 0.919310834514
0.015625 156.6 67.6 25.5 50.7 0.846639241792
0.5 6379.7 655.2 1448.6 11752.6 0.906242363108
0.25 3190.0 472.9 728.7 2116.1 0.950928066
0.125 1595.0 313.1 361.9 516.4 0.941271852668
0.0625 797.5 198.8 182.4 220.8 0.952006301025
0.03125 398.7 126.3 91.6 66.1 0.926898381911
0.015625 199.4 77.8 46.0 30.4 0.909784082783
0.5 3754.1 686.2 232.0 7820.3 0.879007381577
0.25 1877.0 485.0 112.2 1326.3 0.915528440721
0.125 938.5 326.1 59.8 302.8 0.940727573484
0.0625 469.3 212.1 30.5 92.2 0.912721165934
0.03125 234.5 130.9 17.4 34.4 0.927505639692
0.015625 117.5 77.9 8.2 14.1 0.907106995291
0.5 6415.6 695.2 1596.4 9958.8 0.905399494185
0.25 3207.7 497.4 805.8 1596.4 0.94035006978
0.125 1603.9 332.2 396.5 493.2 0.941925105206
0.0625 801.9 215.7 198.2 182.6 0.925127986534
0.03125 400.9 137.8 101.8 86.4 0.950297329804
0.015625 200.4 81.6 50.2 47.5 0.885763100168
0.5 5289.7 612.2 974.7 9378.5 0.902435456835
0.25 2644.6 440.6 486.8 1513.3 0.944581030041
0.125 1322.4 293.5 238.0 517.6 0.943270760433
0.0625 661.2 187.2 127.9 191.3 0.937508927963
0.03125 330.6 117.4 62.6 84.5 0.924801745417
0.015625 165.4 74.4 31.7 35.4 0.920217344338
0.5 7520.6 585.3 2229.1 10170.0 0.917672362695
0.25 3760.4 425.8 1107.9 1678.0 0.947349692532
0.125 1880.3 287.6 570.2 740.8 0.944468116616
0.0625 940.1 186.9 284.9 198.5 0.940802861688
0.03125 469.9 117.7 139.8 63.1 0.922307399435
0.015625 235.1 70.1 69.9 30.7 0.875746132265
0.5 5450.1 571.7 1028.1 9580.3 0.925182929274
0.25 2725.1 406.6 522.0 1943.0 0.95547212142
0.125 1362.5 273.5 260.1 491.1 0.95950388829
0.0625 681.3 179.5 127.6 229.4 0.940175383689
0.03125 340.5 113.6 67.1 75.4 0.940393646406
0.015625 170.2 70.9 30.5 35.9 0.935350838517
0.5 5032.6 586.0 1193.5 10273.1 0.912481117468
0.25 2516.2 417.4 590.7 1671.8 0.954987006989
0.125 1258.3 284.7 293.2 526.1 0.957394350792
0.0625 629.1 187.9 152.0 163.4 0.955145918003
0.03125 314.6 114.8 73.9 78.1 0.928632475137
0.015625 157.2 73.2 37.2 26.2 0.895665197098
0.5 5651.8 658.9 853.2 11608.1 0.918060862791
0.25 2825.8 473.8 428.5 2425.5 0.943174268906
0.125 1413.1 318.0 209.6 786.1 0.956309917724
0.0625 706.4 208.0 106.9 240.9 0.960642533292
0.03125 353.3 130.6 53.8 83.7 0.947217224925
0.015625 176.6 80.1 27.4 30.3 0.931765297138
0.5 7578.8 578.1 2398.7 12106.7 0.900526206232
0.25 3789.4 414.0 1193.7 2248.3 0.944626869876
0.125 1894.8 279.7 602.6 570.3 0.941668206657
0.0625 947.3 181.9 299.4 237.6 0.938106876177
0.03125 473.6 116.2 152.3 72.5 0.907016273436
0.015625 237.0 66.5 74.3 49.6 0.913020560472
0.5 6454.0 590.8 1692.2 10776.5 0.931729105414
0.25 3227.0 425.9 837.3 1859.8 0.955289449932
0.125 1613.5 286.2 432.9 556.6 0.958523874023
0.0625 806.8 186.9 217.3 247.3 0.951882916329
0.03125 403.5 114.1 107.0 109.4 0.934068183856
0.015625 201.7 73.5 54.0 54.0 0.919424495819
0.5 6773.2 614.9 2006.4 9002.2 0.898922329061
0.25 3386.6 437.0 1002.1 1621.4 0.937500343703
0.125 1693.4 297.9 509.2 391.1 0.937079898195
0.0625 846.8 190.9 257.4 170.6 0.941876493906
0.03125 423.3 119.4 125.7 84.2 0.917344626072
0.015625 211.7 73.7 64.7 42.1 0.914215777416
0.5 6832.6 688.2 2112.2 8504.0 0.908874582528
0.25 3416.3 493.1 1058.7 1541.0 0.950029541893
0.125 1708.1 329.7 523.0 410.1 0.95594093839
0.0625 854.0 209.0 267.2 167.3 0.947023666544
0.03125 427.2 129.4 132.2 70.1 0.917021019228
0.015625 213.6 76.1 64.5 37.6 0.879699650917
0.5 4677.8 590.8 940.1 8475.6 0.908627027843
0.25 2338.8 418.2 459.4 1475.9 0.948112711073
0.125 1169.6 285.8 235.5 395.4 0.947638935756
0.0625 584.6 183.5 116.6 123.3 0.931881667341
0.03125 292.3 113.9 59.4 52.9 0.90983178333
0.015625 146.2 69.1 29.3 22.4 0.896510142599
